5 230 9770 16.1905
15 210 9560 15.5172
25 231 9329 16.2233
35 212 9117 15.586
45 202 8915 15.239
55 209 8706 15.4827
65 210 8496 15.5172
75 203 8293 15.2741
85 207 8086 15.4135
95 192 7894 14.8834
105 169 7725 14.0288
115 170 7555 14.0671
125 170 7385 14.0671
135 160 7225 13.6787
145 180 7045 14.4443
155 159 6886 13.6392
165 151 6735 13.3187
175 126 6609 12.2583
185 143 6466 12.9896
195 141 6325 12.9059
205 131 6194 12.4782
215 150 6044 13.278
225 125 5919 12.2138
235 134 5785 12.6082
245 139 5646 12.8216
255 129 5517 12.3908
265 113 5404 11.6654
275 108 5296 11.4283
285 113 5183 11.6654
295 119 5064 11.943
305 107 4957 11.3803
315 111 4846 11.5712
325 111 4735 11.5712
335 112 4623 11.6184
345 91 4532 10.5786
355 118 4414 11.8972
365 117 4297 11.8513
375 85 4212 10.2601
385 99 4113 10.9875
395 96 4017 10.8362
405 81 3936 10.0416
415 89 3847 10.4736
425 86 3761 10.314
435 92 3669 10.6307
445 84 3585 10.206
455 73 3512 9.58778
465 83 3429 10.1515
475 94 3335 10.734
485 55 3280 8.46659
495 83 3197 10.1515
505 78 3119 9.87412
515 69 3050 9.35165
525 83 2967 10.1515
535 75 2892 9.70345
545 65 2827 9.10864
555 48 2779 7.98212
565 64 2715 9.04674
575 62 2653 8.92149
585 63 2590 8.98436
595 53 2537 8.33144
605 62 2475 8.92149
615 52 2423 8.26292
625 56 2367 8.53326
635 65 2302 9.10864
645 57 2245 8.59934
655 41 2204 7.46142
665 39 2165 7.30476
675 55 2110 8.46659
685 52 2058 8.26292
695 57 2001 8.59934
705 43 1958 7.61438
715 55 1903 8.46659
725 44 1859 7.68954
735 39 1820 7.30476
745 59 1761 8.72981
755 34 1727 6.89491
765 33 1694 6.80948
775 45 1649 7.76387
785 41 1608 7.46142
795 30 1578 6.54527
805 39 1539 7.30476
815 38 1501 7.22495
825 28 1473 6.3619
835 30 1443 6.54527
845 38 1405 7.22495
855 40 1365 7.38357
865 29 1336 6.45436
875 27 1309 6.26783
885 37 1272 7.1441
895 36 1236 7.06218
905 23 1213 5.8734
915 21 1192 5.66369
925 27 1165 6.26783
935 18 1147 5.33013
945 25 1122 6.07445
955 30 1092 6.54527
965 25 1067 6.07445
975 23 1044 5.8734
985 28 1016 6.3619
995 26 990 6.17204
1005 12 978 4.57071
1015 18 960 5.33013
1025 20 940 5.55522
1035 18 922 5.33013
1045 20 902 5.55522
1055 24 878 5.97494
1065 22 856 5.7697
1075 19 837 5.4441
1085 20 817 5.55522
1095 16 801 5.09268
1105 15 786 4.96863
1115 19 767 5.4441
1125 13 754 4.7081
1135 13 741 4.7081
1145 15 726 4.96863
1155 19 707 5.4441
1165 19 688 5.4441
1175 13 675 4.7081
1185 17 658 5.21307
1195 10 648 4.27872
1205 19 629 5.4441
1215 18 611 5.33013
1225 15 596 4.96863
1235 12 584 4.57071
1245 16 568 5.09268
1255 18 550 5.33013
1265 9 541 4.1225
1275 16 525 5.09268
1285 14 511 4.84057
1295 17 494 5.21307
1305 10 484 4.27872
1315 7 477 3.78388
1325 8 469 3.95804
1335 9 460 4.1225
1345 16 444 5.09268
1355 11 433 4.42783
1365 12 421 4.57071
1375 11 410 4.42783
1385 7 403 3.78388
1395 6 397 3.59808
1405 11 386 4.42783
1415 10 376 4.27872
1425 6 370 3.59808
1435 10 360 4.27872
1445 9 351 4.1225
1455 6 345 3.59808
1465 13 332 4.7081
1475 6 326 3.59808
1485 5 321 3.39792
1495 8 313 3.95804
1505 10 303 4.27872
1515 5 298 3.39792
1525 8 290 3.95804
1535 8 282 3.95804
1545 8 274 3.95804
1555 3 271 2.93649
1565 7 264 3.78388
1575 4 260 3.17945
1585 3 257 2.93649
1595 5 252 3.39792
1605 5 247 3.39792
1615 8 239 3.95804
1625 5 234 3.39792
1635 7 227 3.78388
1645 6 221 3.59808
1655 3 218 2.93649
1665 6 212 3.59808
1675 7 205 3.78388
1685 3 202 2.93649
1695 5 197 3.39792
1705 1 196 2.32288
1715 2 194 2.65831
1725 4 190 3.17945
1735 5 185 3.39792
1745 6 179 3.59808
1755 3 176 2.93649
1765 2 174 2.65831
1775 3 171 2.93649
1785 2 169 2.65831
1795 1 168 2.32288
1805 3 165 2.93649
1815 2 163 2.65831
1825 3 160 2.93649
1835 4 156 3.17945
1845 0 156 1.86603
1855 5 151 3.39792
1865 3 148 2.93649
1875 1 147 2.32288
1885 4 143 3.17945
1895 1 142 2.32288
1905 5 137 3.39792
1915 4 133 3.17945
1925 5 128 3.39792
1935 2 126 2.65831
1945 2 124 2.65831
1955 3 121 2.93649
1965 2 119 2.65831
1975 3 116 2.93649
1985 0 116 1.86603
1995 2 114 2.65831
2005 3 111 2.93649
2015 2 109 2.65831
2025 1 108 2.32288
2035 2 106 2.65831
2045 2 104 2.65831
2055 1 103 2.32288
2065 2 101 2.65831
2075 5 96 3.39792
2085 1 95 2.32288
2095 4 91 3.17945
2105 0 91 1.86603
2115 4 87 3.17945
2125 3 84 2.93649
2135 2 82 2.65831
2145 1 81 2.32288
2155 0 81 1.86603
2165 2 79 2.65831
2175 4 75 3.17945
2185 0 75 1.86603
2195 1 74 2.32288
2205 1 73 2.32288
2215 2 71 2.65831
2225 1 70 2.32288
2235 0 70 1.86603
2245 2 68 2.65831
2255 2 66 2.65831
2265 3 63 2.93649
2275 1 62 2.32288
2285 1 61 2.32288
2295 3 58 2.93649
2305 0 58 1.86603
2315 1 57 2.32288
2325 0 57 1.86603
2335 0 57 1.86603
2345 1 56 2.32288
2355 1 55 2.32288
2365 1 54 2.32288
2375 0 54 1.86603
2385 1 53 2.32288
2395 0 53 1.86603
2405 1 52 2.32288
2415 0 52 1.86603
2425 1 51 2.32288
2435 0 51 1.86603
2445 1 50 2.32288
2455 0 50 1.86603
2465 3 47 2.93649
2475 2 45 2.65831
2485 1 44 2.32288
2495 0 44 1.86603
2505 0 44 1.86603
2515 1 43 2.32288
2525 2 41 2.65831
2535 0 41 1.86603
2545 0 41 1.86603
2555 1 40 2.32288
2565 1 39 2.32288
2575 0 39 1.86603
2585 1 38 2.32288
2595 0 38 1.86603
2605 0 38 1.86603
2615 0 38 1.86603
2625 2 36 2.65831
2635 0 36 1.86603
2645 1 35 2.32288
2655 0 35 1.86603
2665 0 35 1.86603
2675 0 35 1.86603
2685 1 34 2.32288
2695 0 34 1.86603
2705 0 34 1.86603
2715 0 34 1.86603
2725 1 33 2.32288
2735 0 33 1.86603
2745 1 32 2.32288
2755 1 31 2.32288
2765 0 31 1.86603
2775 0 31 1.86603
2785 0 31 1.86603
2795 1 30 2.32288
2805 0 30 1.86603
2815 1 29 2.32288
2825 0 29 1.86603
2835 2 27 2.65831
2845 0 27 1.86603
2855 1 26 2.32288
2865 0 26 1.86603
2875 0 26 1.86603
2885 1 25 2.32288
2895 2 23 2.65831
2905 0 23 1.86603
2915 1 22 2.32288
2925 0 22 1.86603
2935 0 22 1.86603
2945 0 22 1.86603
2955 1 21 2.32288
2965 0 21 1.86603
2975 1 20 2.32288
2985 0 20 1.86603
2995 1 19 2.32288
3005 0 19 1.86603
3015 0 19 1.86603
3025 1 18 2.32288
3035 0 18 1.86603
3045 1 17 2.32288
3055 0 17 1.86603
3065 0 17 1.86603
3075 0 17 1.86603
3085 1 16 2.32288
3095 0 16 1.86603
3105 1 15 2.32288
3115 1 14 2.32288
3125 1 13 2.32288
3135 0 13 1.86603
3145 1 12 2.32288
3155 0 12 1.86603
3165 0 12 1.86603
3175 0 12 1.86603
3185 0 12 1.86603
3195 1 11 2.32288
3205 0 11 1.86603
3215 1 10 2.32288
3225 0 10 1.86603
3235 1 9 2.32288
3245 0 9 1.86603
3255 0 9 1.86603
3265 0 9 1.86603
3275 0 9 1.86603
3285 1 8 2.32288
3295 0 8 1.86603
3305 0 8 1.86603
3315 0 8 1.86603
3325 0 8 1.86603
3335 0 8 1.86603
3345 0 8 1.86603
3355 0 8 1.86603
3365 0 8 1.86603
3375 0 8 1.86603
3385 0 8 1.86603
3395 0 8 1.86603
3405 0 8 1.86603
3415 1 7 2.32288
3425 0 7 1.86603
3435 1 6 2.32288
3445 0 6 1.86603
3455 0 6 1.86603
3465 0 6 1.86603
3475 0 6 1.86603
3485 1 5 2.32288
3495 0 5 1.86603
3505 0 5 1.86603
3515 0 5 1.86603
3525 0 5 1.86603
3535 1 4 2.32288
3545 0 4 1.86603
3555 0 4 1.86603
3565 0 4 1.86603
3575 0 4 1.86603
3585 0 4 1.86603
3595 0 4 1.86603
3605 0 4 1.86603
3615 0 4 1.86603
3625 0 4 1.86603
3635 0 4 1.86603
3645 0 4 1.86603
3655 0 4 1.86603
3665 0 4 1.86603
3675 0 4 1.86603
3685 0 4 1.86603
3695 0 4 1.86603
3705 0 4 1.86603
3715 1 3 2.32288
3725 0 3 1.86603
3735 0 3 1.86603
3745 0 3 1.86603
3755 0 3 1.86603
3765 0 3 1.86603
3775 0 3 1.86603
3785 0 3 1.86603
3795 0 3 1.86603
3805 0 3 1.86603
3815 0 3 1.86603
3825 0 3 1.86603
3835 0 3 1.86603
3845 0 3 1.86603
3855 0 3 1.86603
3865 0 3 1.86603
3875 0 3 1.86603
3885 0 3 1.86603
3895 0 3 1.86603
3905 0 3 1.86603
3915 0 3 1.86603
3925 0 3 1.86603
3935 0 3 1.86603
3945 1 2 2.32288
3955 0 2 1.86603
3965 0 2 1.86603
3975 0 2 1.86603
3985 0 2 1.86603
3995 0 2 1.86603
4005 0 2 1.86603
4015 0 2 1.86603
4025 1 1 2.32288
4035 0 1 1.86603
4045 0 1 1.86603
4055 0 1 1.86603
4065 0 1 1.86603
4075 0 1 1.86603
4085 0 1 1.86603
4095 0 1 1.86603
4105 0 1 1.86603
4115 0 1 1.86603
4125 0 1 1.86603
4135 0 1 1.86603
4145 0 1 1.86603
4155 0 1 1.86603
4165 0 1 1.86603
4175 0 1 1.86603
4185 0 1 1.86603
4195 0 1 1.86603
4205 0 1 1.86603
4215 0 1 1.86603
4225 0 1 1.86603
4235 0 1 1.86603
4245 0 1 1.86603
4255 0 1 1.86603
4265 0 1 1.86603
4275 0 1 1.86603
4285 0 1 1.86603
4295 0 1 1.86603
4305 0 1 1.86603
4315 0 1 1.86603
4325 0 1 1.86603
4335 0 1 1.86603
4345 0 1 1.86603
4355 0 1 1.86603
4365 1 0 2.32288
4375 0 0 1.86603
4385 0 0 1.86603
4395 0 0 1.86603
4405 0 0 1.86603
4415 0 0 1.86603
4425 0 0 1.86603
4435 0 0 1.86603
4445 0 0 1.86603
4455 0 0 1.86603
4465 0 0 1.86603
4475 0 0 1.86603
4485 0 0 1.86603
4495 0 0 1.86603
4505 0 0 1.86603
4515 0 0 1.86603
4525 0 0 1.86603
4535 0 0 1.86603
4545 0 0 1.86603
4555 0 0 1.86603
4565 0 0 1.86603
4575 0 0 1.86603
4585 0 0 1.86603
4595 0 0 1.86603
4605 0 0 1.86603
4615 0 0 1.86603
4625 0 0 1.86603
4635 0 0 1.86603
4645 0 0 1.86603
4655 0 0 1.86603
4665 0 0 1.86603
4675 0 0 1.86603
4685 0 0 1.86603
4695 0 0 1.86603
4705 0 0 1.86603
4715 0 0 1.86603
4725 0 0 1.86603
4735 0 0 1.86603
4745 0 0 1.86603
4755 0 0 1.86603
4765 0 0 1.86603
4775 0 0 1.86603
4785 0 0 1.86603
4795 0 0 1.86603
4805 0 0 1.86603
4815 0 0 1.86603
4825 0 0 1.86603
4835 0 0 1.86603
4845 0 0 1.86603
4855 0 0 1.86603
4865 0 0 1.86603
4875 0 0 1.86603
4885 0 0 1.86603
4895 0 0 1.86603
4905 0 0 1.86603
4915 0 0 1.86603
4925 0 0 1.86603
4935 0 0 1.86603
4945 0 0 1.86603
4955 0 0 1.86603
4965 0 0 1.86603
4975 0 0 1.86603
4985 0 0 1.86603
4995 0 0 1.86603
5005 0 0 1.86603
5015 0 0 1.86603
5025 0 0 1.86603
5035 0 0 1.86603
5045 0 0 1.86603
5055 0 0 1.86603
5065 0 0 1.86603
5075 0 0 1.86603
5085 0 0 1.86603
5095 0 0 1.86603
5105 0 0 1.86603
5115 0 0 1.86603
5125 0 0 1.86603
5135 0 0 1.86603
5145 0 0 1.86603
5155 0 0 1.86603
5165 0 0 1.86603
5175 0 0 1.86603
5185 0 0 1.86603
5195 0 0 1.86603
5205 0 0 1.86603
5215 0 0 1.86603
5225 0 0 1.86603
5235 0 0 1.86603
5245 0 0 1.86603
5255 0 0 1.86603
5265 0 0 1.86603
5275 0 0 1.86603
5285 0 0 1.86603
5295 0 0 1.86603
5305 0 0 1.86603
5315 0 0 1.86603
5325 0 0 1.86603
5335 0 0 1.86603
5345 0 0 1.86603
5355 0 0 1.86603
5365 0 0 1.86603
5375 0 0 1.86603
5385 0 0 1.86603
5395 0 0 1.86603
5405 0 0 1.86603
5415 0 0 1.86603
5425 0 0 1.86603
5435 0 0 1.86603
5445 0 0 1.86603
5455 0 0 1.86603
5465 0 0 1.86603
5475 0 0 1.86603
5485 0 0 1.86603
5495 0 0 1.86603
5505 0 0 1.86603
5515 0 0 1.86603
5525 0 0 1.86603
5535 0 0 1.86603
5545 0 0 1.86603
5555 0 0 1.86603
5565 0 0 1.86603
5575 0 0 1.86603
5585 0 0 1.86603
5595 0 0 1.86603
5605 0 0 1.86603
5615 0 0 1.86603
5625 0 0 1.86603
5635 0 0 1.86603
5645 0 0 1.86603
5655 0 0 1.86603
5665 0 0 1.86603
5675 0 0 1.86603
5685 0 0 1.86603
5695 0 0 1.86603
5705 0 0 1.86603
5715 0 0 1.86603
5725 0 0 1.86603
5735 0 0 1.86603
5745 0 0 1.86603
5755 0 0 1.86603
5765 0 0 1.86603
5775 0 0 1.86603
5785 0 0 1.86603
5795 0 0 1.86603
5805 0 0 1.86603
5815 0 0 1.86603
5825 0 0 1.86603
5835 0 0 1.86603
5845 0 0 1.86603
5855 0 0 1.86603
5865 0 0 1.86603
5875 0 0 1.86603
5885 0 0 1.86603
5895 0 0 1.86603
5905 0 0 1.86603
5915 0 0 1.86603
5925 0 0 1.86603
5935 0 0 1.86603
5945 0 0 1.86603
5955 0 0 1.86603
5965 0 0 1.86603
5975 0 0 1.86603
5985 0 0 1.86603
5995 0 0 1.86603
6005 0 0 1.86603
6015 0 0 1.86603
6025 0 0 1.86603
6035 0 0 1.86603
6045 0 0 1.86603
6055 0 0 1.86603
6065 0 0 1.86603
6075 0 0 1.86603
6085 0 0 1.86603
6095 0 0 1.86603
6105 0 0 1.86603
6115 0 0 1.86603
6125 0 0 1.86603
6135 0 0 1.86603
6145 0 0 1.86603
6155 0 0 1.86603
6165 0 0 1.86603
6175 0 0 1.86603
6185 0 0 1.86603
6195 0 0 1.86603
6205 0 0 1.86603
6215 0 0 1.86603
6225 0 0 1.86603
6235 0 0 1.86603
6245 0 0 1.86603
6255 0 0 1.86603
6265 0 0 1.86603
6275 0 0 1.86603
6285 0 0 1.86603
6295 0 0 1.86603
6305 0 0 1.86603
6315 0 0 1.86603
6325 0 0 1.86603
6335 0 0 1.86603
6345 0 0 1.86603
6355 0 0 1.86603
6365 0 0 1.86603
6375 0 0 1.86603
6385 0 0 1.86603
6395 0 0 1.86603
6405 0 0 1.86603
6415 0 0 1.86603
6425 0 0 1.86603
6435 0 0 1.86603
6445 0 0 1.86603
6455 0 0 1.86603
6465 0 0 1.86603
6475 0 0 1.86603
6485 0 0 1.86603
6495 0 0 1.86603
6505 0 0 1.86603
6515 0 0 1.86603
6525 0 0 1.86603
6535 0 0 1.86603
6545 0 0 1.86603
6555 0 0 1.86603
6565 0 0 1.86603
6575 0 0 1.86603
6585 0 0 1.86603
6595 0 0 1.86603
6605 0 0 1.86603
6615 0 0 1.86603
6625 0 0 1.86603
6635 0 0 1.86603
6645 0 0 1.86603
6655 0 0 1.86603
6665 0 0 1.86603
6675 0 0 1.86603
6685 0 0 1.86603
6695 0 0 1.86603
6705 0 0 1.86603
6715 0 0 1.86603
6725 0 0 1.86603
6735 0 0 1.86603
6745 0 0 1.86603
6755 0 0 1.86603
6765 0 0 1.86603
6775 0 0 1.86603
6785 0 0 1.86603
6795 0 0 1.86603
6805 0 0 1.86603
6815 0 0 1.86603
6825 0 0 1.86603
6835 0 0 1.86603
6845 0 0 1.86603
6855 0 0 1.86603
6865 0 0 1.86603
6875 0 0 1.86603
6885 0 0 1.86603
6895 0 0 1.86603
6905 0 0 1.86603
6915 0 0 1.86603
6925 0 0 1.86603
6935 0 0 1.86603
6945 0 0 1.86603
6955 0 0 1.86603
6965 0 0 1.86603
6975 0 0 1.86603
6985 0 0 1.86603
6995 0 0 1.86603
7005 0 0 1.86603
7015 0 0 1.86603
7025 0 0 1.86603
7035 0 0 1.86603
7045 0 0 1.86603
7055 0 0 1.86603
7065 0 0 1.86603
7075 0 0 1.86603
7085 0 0 1.86603
7095 0 0 1.86603
7105 0 0 1.86603
7115 0 0 1.86603
7125 0 0 1.86603
7135 0 0 1.86603
7145 0 0 1.86603
7155 0 0 1.86603
7165 0 0 1.86603
7175 0 0 1.86603
7185 0 0 1.86603
7195 0 0 1.86603
7205 0 0 1.86603
7215 0 0 1.86603
7225 0 0 1.86603
7235 0 0 1.86603
7245 0 0 1.86603
7255 0 0 1.86603
7265 0 0 1.86603
7275 0 0 1.86603
7285 0 0 1.86603
7295 0 0 1.86603
7305 0 0 1.86603
7315 0 0 1.86603
7325 0 0 1.86603
7335 0 0 1.86603
7345 0 0 1.86603
7355 0 0 1.86603
7365 0 0 1.86603
7375 0 0 1.86603
7385 0 0 1.86603
7395 0 0 1.86603
7405 0 0 1.86603
7415 0 0 1.86603
7425 0 0 1.86603
7435 0 0 1.86603
7445 0 0 1.86603
7455 0 0 1.86603
7465 0 0 1.86603
7475 0 0 1.86603
7485 0 0 1.86603
7495 0 0 1.86603
7505 0 0 1.86603
7515 0 0 1.86603
7525 0 0 1.86603
7535 0 0 1.86603
7545 0 0 1.86603
7555 0 0 1.86603
7565 0 0 1.86603
7575 0 0 1.86603
7585 0 0 1.86603
7595 0 0 1.86603
7605 0 0 1.86603
7615 0 0 1.86603
7625 0 0 1.86603
7635 0 0 1.86603
7645 0 0 1.86603
7655 0 0 1.86603
7665 0 0 1.86603
7675 0 0 1.86603
7685 0 0 1.86603
7695 0 0 1.86603
7705 0 0 1.86603
7715 0 0 1.86603
7725 0 0 1.86603
7735 0 0 1.86603
7745 0 0 1.86603
7755 0 0 1.86603
7765 0 0 1.86603
7775 0 0 1.86603
7785 0 0 1.86603
7795 0 0 1.86603
7805 0 0 1.86603
7815 0 0 1.86603
7825 0 0 1.86603
7835 0 0 1.86603
7845 0 0 1.86603
7855 0 0 1.86603
7865 0 0 1.86603
7875 0 0 1.86603
7885 0 0 1.86603
7895 0 0 1.86603
7905 0 0 1.86603
7915 0 0 1.86603
7925 0 0 1.86603
7935 0 0 1.86603
7945 0 0 1.86603
7955 0 0 1.86603
7965 0 0 1.86603
7975 0 0 1.86603
7985 0 0 1.86603
7995 0 0 1.86603
8005 0 0 1.86603
8015 0 0 1.86603
8025 0 0 1.86603
8035 0 0 1.86603
8045 0 0 1.86603
8055 0 0 1.86603
8065 0 0 1.86603
8075 0 0 1.86603
8085 0 0 1.86603
8095 0 0 1.86603
8105 0 0 1.86603
8115 0 0 1.86603
8125 0 0 1.86603
8135 0 0 1.86603
8145 0 0 1.86603
8155 0 0 1.86603
8165 0 0 1.86603
8175 0 0 1.86603
8185 0 0 1.86603
8195 0 0 1.86603
8205 0 0 1.86603
8215 0 0 1.86603
8225 0 0 1.86603
8235 0 0 1.86603
8245 0 0 1.86603
8255 0 0 1.86603
8265 0 0 1.86603
8275 0 0 1.86603
8285 0 0 1.86603
8295 0 0 1.86603
8305 0 0 1.86603
8315 0 0 1.86603
8325 0 0 1.86603
8335 0 0 1.86603
8345 0 0 1.86603
8355 0 0 1.86603
8365 0 0 1.86603
8375 0 0 1.86603
8385 0 0 1.86603
8395 0 0 1.86603
8405 0 0 1.86603
8415 0 0 1.86603
8425 0 0 1.86603
8435 0 0 1.86603
8445 0 0 1.86603
8455 0 0 1.86603
8465 0 0 1.86603
8475 0 0 1.86603
8485 0 0 1.86603
8495 0 0 1.86603
8505 0 0 1.86603
8515 0 0 1.86603
8525 0 0 1.86603
8535 0 0 1.86603
8545 0 0 1.86603
8555 0 0 1.86603
8565 0 0 1.86603
8575 0 0 1.86603
8585 0 0 1.86603
8595 0 0 1.86603
8605 0 0 1.86603
8615 0 0 1.86603
8625 0 0 1.86603
8635 0 0 1.86603
8645 0 0 1.86603
8655 0 0 1.86603
8665 0 0 1.86603
8675 0 0 1.86603
8685 0 0 1.86603
8695 0 0 1.86603
8705 0 0 1.86603
8715 0 0 1.86603
8725 0 0 1.86603
8735 0 0 1.86603
8745 0 0 1.86603
8755 0 0 1.86603
8765 0 0 1.86603
8775 0 0 1.86603
8785 0 0 1.86603
8795 0 0 1.86603
8805 0 0 1.86603
8815 0 0 1.86603
8825 0 0 1.86603
8835 0 0 1.86603
8845 0 0 1.86603
8855 0 0 1.86603
8865 0 0 1.86603
8875 0 0 1.86603
8885 0 0 1.86603
8895 0 0 1.86603
8905 0 0 1.86603
8915 0 0 1.86603
8925 0 0 1.86603
8935 0 0 1.86603
8945 0 0 1.86603
8955 0 0 1.86603
8965 0 0 1.86603
8975 0 0 1.86603
8985 0 0 1.86603
8995 0 0 1.86603
9005 0 0 1.86603
9015 0 0 1.86603
9025 0 0 1.86603
9035 0 0 1.86603
9045 0 0 1.86603
9055 0 0 1.86603
9065 0 0 1.86603
9075 0 0 1.86603
9085 0 0 1.86603
9095 0 0 1.86603
9105 0 0 1.86603
9115 0 0 1.86603
9125 0 0 1.86603
9135 0 0 1.86603
9145 0 0 1.86603
9155 0 0 1.86603
9165 0 0 1.86603
9175 0 0 1.86603
9185 0 0 1.86603
9195 0 0 1.86603
9205 0 0 1.86603
9215 0 0 1.86603
9225 0 0 1.86603
9235 0 0 1.86603
9245 0 0 1.86603
9255 0 0 1.86603
9265 0 0 1.86603
9275 0 0 1.86603
9285 0 0 1.86603
9295 0 0 1.86603
9305 0 0 1.86603
9315 0 0 1.86603
9325 0 0 1.86603
9335 0 0 1.86603
9345 0 0 1.86603
9355 0 0 1.86603
9365 0 0 1.86603
9375 0 0 1.86603
9385 0 0 1.86603
9395 0 0 1.86603
9405 0 0 1.86603
9415 0 0 1.86603
9425 0 0 1.86603
9435 0 0 1.86603
9445 0 0 1.86603
9455 0 0 1.86603
9465 0 0 1.86603
9475 0 0 1.86603
9485 0 0 1.86603
9495 0 0 1.86603
9505 0 0 1.86603
9515 0 0 1.86603
9525 0 0 1.86603
9535 0 0 1.86603
9545 0 0 1.86603
9555 0 0 1.86603
9565 0 0 1.86603
9575 0 0 1.86603
9585 0 0 1.86603
9595 0 0 1.86603
9605 0 0 1.86603
9615 0 0 1.86603
9625 0 0 1.86603
9635 0 0 1.86603
9645 0 0 1.86603
9655 0 0 1.86603
9665 0 0 1.86603
9675 0 0 1.86603
9685 0 0 1.86603
9695 0 0 1.86603
9705 0 0 1.86603
9715 0 0 1.86603
9725 0 0 1.86603
9735 0 0 1.86603
9745 0 0 1.86603
9755 0 0 1.86603
9765 0 0 1.86603
9775 0 0 1.86603
9785 0 0 1.86603
9795 0 0 1.86603
9805 0 0 1.86603
9815 0 0 1.86603
9825 0 0 1.86603
9835 0 0 1.86603
9845 0 0 1.86603
9855 0 0 1.86603
9865 0 0 1.86603
9875 0 0 1.86603
9885 0 0 1.86603
9895 0 0 1.86603
9905 0 0 1.86603
9915 0 0 1.86603
9925 0 0 1.86603
9935 0 0 1.86603
9945 0 0 1.86603
9955 0 0 1.86603
9965 0 0 1.86603
9975 0 0 1.86603
9985 0 0 1.86603
9995 0 0 1.86603
