5 147 9853 13.1552
15 133 9720 12.565
25 139 9581 12.8216
35 127 9454 12.3027
45 133 9321 12.565
55 142 9179 12.9478
65 136 9043 12.694
75 137 8906 12.7367
85 137 8769 12.7367
95 97 8672 10.8869
105 126 8546 12.2583
115 116 8430 11.8051
125 102 8328 11.1366
135 125 8203 12.2138
145 115 8088 11.7587
155 80 8008 9.9861
165 102 7906 11.1366
175 97 7809 10.8869
185 107 7702 11.3803
195 101 7601 11.0871
205 83 7518 10.1515
215 124 7394 12.1692
225 94 7300 10.734
235 91 7209 10.5786
245 88 7121 10.4207
255 105 7016 11.2835
265 85 6931 10.2601
275 101 6830 11.0871
285 86 6744 10.314
295 93 6651 10.6825
305 95 6556 10.7852
315 83 6473 10.1515
325 88 6385 10.4207
335 79 6306 9.93029
345 96 6210 10.8362
355 86 6124 10.314
365 98 6026 10.9373
375 70 5956 9.4113
385 87 5869 10.3675
395 90 5779 10.5263
405 83 5696 10.1515
415 76 5620 9.76071
425 75 5545 9.70345
435 82 5463 10.0967
445 80 5383 9.9861
455 72 5311 9.52936
465 63 5248 8.98436
475 78 5170 9.87412
485 75 5095 9.70345
495 68 5027 9.29156
505 66 4961 9.17007
515 66 4895 9.17007
525 70 4825 9.4113
535 76 4749 9.76071
545 47 4702 7.91014
555 58 4644 8.66485
565 54 4590 8.39932
575 68 4522 9.29156
585 60 4462 8.79423
595 60 4402 8.79423
605 68 4334 9.29156
615 59 4275 8.72981
625 59 4216 8.72981
635 57 4159 8.59934
645 41 4118 7.46142
655 54 4064 8.39932
665 44 4020 7.68954
675 47 3973 7.91014
685 56 3917 8.53326
695 66 3851 9.17007
705 50 3801 8.1239
715 46 3755 7.8374
725 53 3702 8.33144
735 59 3643 8.72981
745 53 3590 8.33144
755 56 3534 8.53326
765 52 3482 8.26292
775 37 3445 7.1441
785 44 3401 7.68954
795 49 3352 8.05337
805 46 3306 7.8374
815 45 3261 7.76387
825 51 3210 8.19375
835 32 3178 6.72276
845 43 3135 7.61438
855 47 3088 7.91014
865 38 3050 7.22495
875 35 3015 6.97913
885 40 2975 7.38357
895 46 2929 7.8374
905 41 2888 7.46142
915 44 2844 7.68954
925 39 2805 7.30476
935 43 2762 7.61438
945 31 2731 6.63471
955 37 2694 7.1441
965 31 2663 6.63471
975 43 2620 7.61438
985 39 2581 7.30476
995 39 2542 7.30476
1005 40 2502 7.38357
1015 33 2469 6.80948
1025 31 2438 6.63471
1035 29 2409 6.45436
1045 30 2379 6.54527
1055 30 2349 6.54527
1065 27 2322 6.26783
1075 29 2293 6.45436
1085 41 2252 7.46142
1095 34 2218 6.89491
1105 24 2194 5.97494
1115 30 2164 6.54527
1125 26 2138 6.17204
1135 30 2108 6.54527
1145 26 2082 6.17204
1155 30 2052 6.54527
1165 28 2024 6.3619
1175 33 1991 6.80948
1185 25 1966 6.07445
1195 27 1939 6.26783
1205 26 1913 6.17204
1215 25 1888 6.07445
1225 25 1863 6.07445
1235 28 1835 6.3619
1245 22 1813 5.7697
1255 22 1791 5.7697
1265 39 1752 7.30476
1275 17 1735 5.21307
1285 17 1718 5.21307
1295 18 1700 5.33013
1305 29 1671 6.45436
1315 26 1645 6.17204
1325 15 1630 4.96863
1335 21 1609 5.66369
1345 16 1593 5.09268
1355 25 1568 6.07445
1365 19 1549 5.4441
1375 18 1531 5.33013
1385 18 1513 5.33013
1395 21 1492 5.66369
1405 22 1470 5.7697
1415 25 1445 6.07445
1425 27 1418 6.26783
1435 18 1400 5.33013
1445 21 1379 5.66369
1455 23 1356 5.8734
1465 18 1338 5.33013
1475 15 1323 4.96863
1485 23 1300 5.8734
1495 18 1282 5.33013
1505 20 1262 5.55522
1515 12 1250 4.57071
1525 13 1237 4.7081
1535 21 1216 5.66369
1545 18 1198 5.33013
1555 10 1188 4.27872
1565 19 1169 5.4441
1575 15 1154 4.96863
1585 19 1135 5.4441
1595 18 1117 5.33013
1605 14 1103 4.84057
1615 12 1091 4.57071
1625 14 1077 4.84057
1635 13 1064 4.7081
1645 12 1052 4.57071
1655 12 1040 4.57071
1665 15 1025 4.96863
1675 16 1009 5.09268
1685 20 989 5.55522
1695 13 976 4.7081
1705 16 960 5.09268
1715 14 946 4.84057
1725 16 930 5.09268
1735 8 922 3.95804
1745 8 914 3.95804
1755 10 904 4.27872
1765 15 889 4.96863
1775 11 878 4.42783
1785 11 867 4.42783
1795 13 854 4.7081
1805 13 841 4.7081
1815 9 832 4.1225
1825 10 822 4.27872
1835 11 811 4.42783
1845 2 809 2.65831
1855 11 798 4.42783
1865 15 783 4.96863
1875 12 771 4.57071
1885 11 760 4.42783
1895 13 747 4.7081
1905 11 736 4.42783
1915 9 727 4.1225
1925 10 717 4.27872
1935 14 703 4.84057
1945 14 689 4.84057
1955 15 674 4.96863
1965 14 660 4.84057
1975 10 650 4.27872
1985 10 640 4.27872
1995 8 632 3.95804
2005 9 623 4.1225
2015 5 618 3.39792
2025 5 613 3.39792
2035 14 599 4.84057
2045 7 592 3.78388
2055 8 584 3.95804
2065 10 574 4.27872
2075 5 569 3.39792
2085 5 564 3.39792
2095 5 559 3.39792
2105 7 552 3.78388
2115 11 541 4.42783
2125 7 534 3.78388
2135 6 528 3.59808
2145 6 522 3.59808
2155 6 516 3.59808
2165 2 514 2.65831
2175 6 508 3.59808
2185 8 500 3.95804
2195 6 494 3.59808
2205 4 490 3.17945
2215 8 482 3.95804
2225 9 473 4.1225
2235 5 468 3.39792
2245 5 463 3.39792
2255 8 455 3.95804
2265 10 445 4.27872
2275 2 443 2.65831
2285 4 439 3.17945
2295 1 438 2.32288
2305 4 434 3.17945
2315 5 429 3.39792
2325 4 425 3.17945
2335 3 422 2.93649
2345 3 419 2.93649
2355 7 412 3.78388
2365 5 407 3.39792
2375 3 404 2.93649
2385 7 397 3.78388
2395 4 393 3.17945
2405 4 389 3.17945
2415 3 386 2.93649
2425 6 380 3.59808
2435 3 377 2.93649
2445 1 376 2.32288
2455 3 373 2.93649
2465 4 369 3.17945
2475 8 361 3.95804
2485 4 357 3.17945
2495 3 354 2.93649
2505 3 351 2.93649
2515 4 347 3.17945
2525 5 342 3.39792
2535 3 339 2.93649
2545 3 336 2.93649
2555 2 334 2.65831
2565 7 327 3.78388
2575 4 323 3.17945
2585 4 319 3.17945
2595 3 316 2.93649
2605 6 310 3.59808
2615 2 308 2.65831
2625 2 306 2.65831
2635 9 297 4.1225
2645 5 292 3.39792
2655 3 289 2.93649
2665 2 287 2.65831
2675 5 282 3.39792
2685 3 279 2.93649
2695 4 275 3.17945
2705 3 272 2.93649
2715 5 267 3.39792
2725 2 265 2.65831
2735 3 262 2.93649
2745 4 258 3.17945
2755 2 256 2.65831
2765 6 250 3.59808
2775 1 249 2.32288
2785 3 246 2.93649
2795 0 246 1.86603
2805 0 246 1.86603
2815 1 245 2.32288
2825 6 239 3.59808
2835 5 234 3.39792
2845 4 230 3.17945
2855 5 225 3.39792
2865 4 221 3.17945
2875 8 213 3.95804
2885 4 209 3.17945
2895 5 204 3.39792
2905 7 197 3.78388
2915 2 195 2.65831
2925 3 192 2.93649
2935 4 188 3.17945
2945 3 185 2.93649
2955 2 183 2.65831
2965 3 180 2.93649
2975 0 180 1.86603
2985 2 178 2.65831
2995 1 177 2.32288
3005 1 176 2.32288
3015 2 174 2.65831
3025 2 172 2.65831
3035 3 169 2.93649
3045 1 168 2.32288
3055 0 168 1.86603
3065 0 168 1.86603
3075 3 165 2.93649
3085 1 164 2.32288
3095 1 163 2.32288
3105 2 161 2.65831
3115 1 160 2.32288
3125 1 159 2.32288
3135 3 156 2.93649
3145 4 152 3.17945
3155 5 147 3.39792
3165 2 145 2.65831
3175 3 142 2.93649
3185 2 140 2.65831
3195 1 139 2.32288
3205 1 138 2.32288
3215 1 137 2.32288
3225 2 135 2.65831
3235 4 131 3.17945
3245 6 125 3.59808
3255 3 122 2.93649
3265 1 121 2.32288
3275 1 120 2.32288
3285 1 119 2.32288
3295 1 118 2.32288
3305 0 118 1.86603
3315 2 116 2.65831
3325 2 114 2.65831
3335 1 113 2.32288
3345 1 112 2.32288
3355 1 111 2.32288
3365 1 110 2.32288
3375 2 108 2.65831
3385 0 108 1.86603
3395 0 108 1.86603
3405 2 106 2.65831
3415 3 103 2.93649
3425 1 102 2.32288
3435 1 101 2.32288
3445 0 101 1.86603
3455 1 100 2.32288
3465 3 97 2.93649
3475 2 95 2.65831
3485 0 95 1.86603
3495 2 93 2.65831
3505 2 91 2.65831
3515 1 90 2.32288
3525 1 89 2.32288
3535 1 88 2.32288
3545 0 88 1.86603
3555 0 88 1.86603
3565 1 87 2.32288
3575 0 87 1.86603
3585 3 84 2.93649
3595 0 84 1.86603
3605 2 82 2.65831
3615 0 82 1.86603
3625 0 82 1.86603
3635 1 81 2.32288
3645 1 80 2.32288
3655 1 79 2.32288
3665 0 79 1.86603
3675 2 77 2.65831
3685 1 76 2.32288
3695 0 76 1.86603
3705 0 76 1.86603
3715 0 76 1.86603
3725 1 75 2.32288
3735 0 75 1.86603
3745 0 75 1.86603
3755 0 75 1.86603
3765 0 75 1.86603
3775 0 75 1.86603
3785 1 74 2.32288
3795 2 72 2.65831
3805 2 70 2.65831
3815 0 70 1.86603
3825 1 69 2.32288
3835 2 67 2.65831
3845 3 64 2.93649
3855 0 64 1.86603
3865 0 64 1.86603
3875 1 63 2.32288
3885 0 63 1.86603
3895 0 63 1.86603
3905 0 63 1.86603
3915 1 62 2.32288
3925 1 61 2.32288
3935 1 60 2.32288
3945 0 60 1.86603
3955 0 60 1.86603
3965 1 59 2.32288
3975 0 59 1.86603
3985 1 58 2.32288
3995 1 57 2.32288
4005 0 57 1.86603
4015 2 55 2.65831
4025 0 55 1.86603
4035 0 55 1.86603
4045 1 54 2.32288
4055 0 54 1.86603
4065 0 54 1.86603
4075 2 52 2.65831
4085 0 52 1.86603
4095 1 51 2.32288
4105 3 48 2.93649
4115 0 48 1.86603
4125 2 46 2.65831
4135 1 45 2.32288
4145 0 45 1.86603
4155 1 44 2.32288
4165 0 44 1.86603
4175 0 44 1.86603
4185 0 44 1.86603
4195 2 42 2.65831
4205 1 41 2.32288
4215 0 41 1.86603
4225 0 41 1.86603
4235 0 41 1.86603
4245 1 40 2.32288
4255 1 39 2.32288
4265 0 39 1.86603
4275 0 39 1.86603
4285 0 39 1.86603
4295 1 38 2.32288
4305 1 37 2.32288
4315 1 36 2.32288
4325 1 35 2.32288
4335 0 35 1.86603
4345 2 33 2.65831
4355 1 32 2.32288
4365 0 32 1.86603
4375 0 32 1.86603
4385 1 31 2.32288
4395 0 31 1.86603
4405 0 31 1.86603
4415 0 31 1.86603
4425 1 30 2.32288
4435 0 30 1.86603
4445 0 30 1.86603
4455 1 29 2.32288
4465 0 29 1.86603
4475 0 29 1.86603
4485 0 29 1.86603
4495 1 28 2.32288
4505 0 28 1.86603
4515 0 28 1.86603
4525 0 28 1.86603
4535 1 27 2.32288
4545 1 26 2.32288
4555 0 26 1.86603
4565 0 26 1.86603
4575 0 26 1.86603
4585 0 26 1.86603
4595 1 25 2.32288
4605 0 25 1.86603
4615 0 25 1.86603
4625 1 24 2.32288
4635 0 24 1.86603
4645 0 24 1.86603
4655 0 24 1.86603
4665 1 23 2.32288
4675 0 23 1.86603
4685 0 23 1.86603
4695 1 22 2.32288
4705 0 22 1.86603
4715 0 22 1.86603
4725 0 22 1.86603
4735 0 22 1.86603
4745 0 22 1.86603
4755 0 22 1.86603
4765 0 22 1.86603
4775 1 21 2.32288
4785 1 20 2.32288
4795 0 20 1.86603
4805 0 20 1.86603
4815 1 19 2.32288
4825 1 18 2.32288
4835 0 18 1.86603
4845 0 18 1.86603
4855 0 18 1.86603
4865 0 18 1.86603
4875 1 17 2.32288
4885 0 17 1.86603
4895 0 17 1.86603
4905 0 17 1.86603
4915 0 17 1.86603
4925 0 17 1.86603
4935 0 17 1.86603
4945 0 17 1.86603
4955 1 16 2.32288
4965 1 15 2.32288
4975 0 15 1.86603
4985 0 15 1.86603
4995 0 15 1.86603
5005 1 14 2.32288
5015 0 14 1.86603
5025 0 14 1.86603
5035 0 14 1.86603
5045 0 14 1.86603
5055 0 14 1.86603
5065 0 14 1.86603
5075 0 14 1.86603
5085 0 14 1.86603
5095 0 14 1.86603
5105 1 13 2.32288
5115 0 13 1.86603
5125 0 13 1.86603
5135 0 13 1.86603
5145 0 13 1.86603
5155 0 13 1.86603
5165 0 13 1.86603
5175 0 13 1.86603
5185 1 12 2.32288
5195 0 12 1.86603
5205 1 11 2.32288
5215 1 10 2.32288
5225 0 10 1.86603
5235 1 9 2.32288
5245 0 9 1.86603
5255 0 9 1.86603
5265 0 9 1.86603
5275 1 8 2.32288
5285 0 8 1.86603
5295 1 7 2.32288
5305 0 7 1.86603
5315 0 7 1.86603
5325 0 7 1.86603
5335 1 6 2.32288
5345 0 6 1.86603
5355 0 6 1.86603
5365 0 6 1.86603
5375 0 6 1.86603
5385 0 6 1.86603
5395 1 5 2.32288
5405 0 5 1.86603
5415 0 5 1.86603
5425 0 5 1.86603
5435 0 5 1.86603
5445 0 5 1.86603
5455 0 5 1.86603
5465 0 5 1.86603
5475 0 5 1.86603
5485 0 5 1.86603
5495 1 4 2.32288
5505 0 4 1.86603
5515 0 4 1.86603
5525 0 4 1.86603
5535 0 4 1.86603
5545 0 4 1.86603
5555 0 4 1.86603
5565 0 4 1.86603
5575 0 4 1.86603
5585 0 4 1.86603
5595 0 4 1.86603
5605 0 4 1.86603
5615 0 4 1.86603
5625 0 4 1.86603
5635 0 4 1.86603
5645 0 4 1.86603
5655 0 4 1.86603
5665 0 4 1.86603
5675 1 3 2.32288
5685 0 3 1.86603
5695 0 3 1.86603
5705 0 3 1.86603
5715 0 3 1.86603
5725 0 3 1.86603
5735 0 3 1.86603
5745 0 3 1.86603
5755 0 3 1.86603
5765 0 3 1.86603
5775 0 3 1.86603
5785 1 2 2.32288
5795 0 2 1.86603
5805 0 2 1.86603
5815 0 2 1.86603
5825 0 2 1.86603
5835 0 2 1.86603
5845 0 2 1.86603
5855 0 2 1.86603
5865 0 2 1.86603
5875 0 2 1.86603
5885 0 2 1.86603
5895 0 2 1.86603
5905 0 2 1.86603
5915 0 2 1.86603
5925 0 2 1.86603
5935 0 2 1.86603
5945 0 2 1.86603
5955 0 2 1.86603
5965 0 2 1.86603
5975 0 2 1.86603
5985 0 2 1.86603
5995 0 2 1.86603
6005 0 2 1.86603
6015 0 2 1.86603
6025 0 2 1.86603
6035 0 2 1.86603
6045 0 2 1.86603
6055 0 2 1.86603
6065 0 2 1.86603
6075 1 1 2.32288
6085 0 1 1.86603
6095 0 1 1.86603
6105 0 1 1.86603
6115 0 1 1.86603
6125 0 1 1.86603
6135 0 1 1.86603
6145 0 1 1.86603
6155 0 1 1.86603
6165 0 1 1.86603
6175 0 1 1.86603
6185 0 1 1.86603
6195 0 1 1.86603
6205 0 1 1.86603
6215 0 1 1.86603
6225 0 1 1.86603
6235 0 1 1.86603
6245 0 1 1.86603
6255 0 1 1.86603
6265 0 1 1.86603
6275 0 1 1.86603
6285 0 1 1.86603
6295 0 1 1.86603
6305 0 1 1.86603
6315 0 1 1.86603
6325 0 1 1.86603
6335 0 1 1.86603
6345 0 1 1.86603
6355 0 1 1.86603
6365 0 1 1.86603
6375 0 1 1.86603
6385 0 1 1.86603
6395 0 1 1.86603
6405 0 1 1.86603
6415 0 1 1.86603
6425 0 1 1.86603
6435 0 1 1.86603
6445 0 1 1.86603
6455 0 1 1.86603
6465 0 1 1.86603
6475 0 1 1.86603
6485 0 1 1.86603
6495 0 1 1.86603
6505 0 1 1.86603
6515 0 1 1.86603
6525 0 1 1.86603
6535 0 1 1.86603
6545 0 1 1.86603
6555 0 1 1.86603
6565 0 1 1.86603
6575 0 1 1.86603
6585 0 1 1.86603
6595 0 1 1.86603
6605 0 1 1.86603
6615 0 1 1.86603
6625 0 1 1.86603
6635 0 1 1.86603
6645 0 1 1.86603
6655 0 1 1.86603
6665 0 1 1.86603
6675 0 1 1.86603
6685 0 1 1.86603
6695 0 1 1.86603
6705 0 1 1.86603
6715 0 1 1.86603
6725 0 1 1.86603
6735 0 1 1.86603
6745 0 1 1.86603
6755 0 1 1.86603
6765 0 1 1.86603
6775 0 1 1.86603
6785 0 1 1.86603
6795 0 1 1.86603
6805 0 1 1.86603
6815 0 1 1.86603
6825 0 1 1.86603
6835 0 1 1.86603
6845 0 1 1.86603
6855 0 1 1.86603
6865 0 1 1.86603
6875 0 1 1.86603
6885 0 1 1.86603
6895 0 1 1.86603
6905 0 1 1.86603
6915 0 1 1.86603
6925 0 1 1.86603
6935 0 1 1.86603
6945 0 1 1.86603
6955 0 1 1.86603
6965 0 1 1.86603
6975 0 1 1.86603
6985 0 1 1.86603
6995 0 1 1.86603
7005 0 1 1.86603
7015 0 1 1.86603
7025 0 1 1.86603
7035 0 1 1.86603
7045 0 1 1.86603
7055 0 1 1.86603
7065 0 1 1.86603
7075 0 1 1.86603
7085 0 1 1.86603
7095 0 1 1.86603
7105 0 1 1.86603
7115 0 1 1.86603
7125 0 1 1.86603
7135 0 1 1.86603
7145 0 1 1.86603
7155 0 1 1.86603
7165 0 1 1.86603
7175 0 1 1.86603
7185 0 1 1.86603
7195 0 1 1.86603
7205 0 1 1.86603
7215 0 1 1.86603
7225 0 1 1.86603
7235 0 1 1.86603
7245 0 1 1.86603
7255 0 1 1.86603
7265 0 1 1.86603
7275 0 1 1.86603
7285 0 1 1.86603
7295 0 1 1.86603
7305 0 1 1.86603
7315 0 1 1.86603
7325 0 1 1.86603
7335 0 1 1.86603
7345 0 1 1.86603
7355 0 1 1.86603
7365 0 1 1.86603
7375 0 1 1.86603
7385 0 1 1.86603
7395 0 1 1.86603
7405 0 1 1.86603
7415 0 1 1.86603
7425 0 1 1.86603
7435 0 1 1.86603
7445 0 1 1.86603
7455 0 1 1.86603
7465 0 1 1.86603
7475 0 1 1.86603
7485 0 1 1.86603
7495 0 1 1.86603
7505 0 1 1.86603
7515 0 1 1.86603
7525 0 1 1.86603
7535 0 1 1.86603
7545 0 1 1.86603
7555 0 1 1.86603
7565 0 1 1.86603
7575 0 1 1.86603
7585 0 1 1.86603
7595 0 1 1.86603
7605 0 1 1.86603
7615 0 1 1.86603
7625 0 1 1.86603
7635 0 1 1.86603
7645 0 1 1.86603
7655 0 1 1.86603
7665 0 1 1.86603
7675 0 1 1.86603
7685 0 1 1.86603
7695 0 1 1.86603
7705 0 1 1.86603
7715 0 1 1.86603
7725 0 1 1.86603
7735 0 1 1.86603
7745 0 1 1.86603
7755 0 1 1.86603
7765 0 1 1.86603
7775 0 1 1.86603
7785 0 1 1.86603
7795 0 1 1.86603
7805 0 1 1.86603
7815 0 1 1.86603
7825 0 1 1.86603
7835 0 1 1.86603
7845 0 1 1.86603
7855 0 1 1.86603
7865 0 1 1.86603
7875 0 1 1.86603
7885 0 1 1.86603
7895 0 1 1.86603
7905 0 1 1.86603
7915 0 1 1.86603
7925 0 1 1.86603
7935 0 1 1.86603
7945 0 1 1.86603
7955 0 1 1.86603
7965 0 1 1.86603
7975 0 1 1.86603
7985 0 1 1.86603
7995 0 1 1.86603
8005 0 1 1.86603
8015 0 1 1.86603
8025 0 1 1.86603
8035 0 1 1.86603
8045 0 1 1.86603
8055 0 1 1.86603
8065 0 1 1.86603
8075 0 1 1.86603
8085 0 1 1.86603
8095 0 1 1.86603
8105 0 1 1.86603
8115 0 1 1.86603
8125 0 1 1.86603
8135 0 1 1.86603
8145 0 1 1.86603
8155 0 1 1.86603
8165 0 1 1.86603
8175 0 1 1.86603
8185 0 1 1.86603
8195 0 1 1.86603
8205 0 1 1.86603
8215 0 1 1.86603
8225 0 1 1.86603
8235 0 1 1.86603
8245 0 1 1.86603
8255 0 1 1.86603
8265 0 1 1.86603
8275 0 1 1.86603
8285 0 1 1.86603
8295 0 1 1.86603
8305 0 1 1.86603
8315 0 1 1.86603
8325 0 1 1.86603
8335 0 1 1.86603
8345 0 1 1.86603
8355 0 1 1.86603
8365 1 0 2.32288
8375 0 0 1.86603
8385 0 0 1.86603
8395 0 0 1.86603
8405 0 0 1.86603
8415 0 0 1.86603
8425 0 0 1.86603
8435 0 0 1.86603
8445 0 0 1.86603
8455 0 0 1.86603
8465 0 0 1.86603
8475 0 0 1.86603
8485 0 0 1.86603
8495 0 0 1.86603
8505 0 0 1.86603
8515 0 0 1.86603
8525 0 0 1.86603
8535 0 0 1.86603
8545 0 0 1.86603
8555 0 0 1.86603
8565 0 0 1.86603
8575 0 0 1.86603
8585 0 0 1.86603
8595 0 0 1.86603
8605 0 0 1.86603
8615 0 0 1.86603
8625 0 0 1.86603
8635 0 0 1.86603
8645 0 0 1.86603
8655 0 0 1.86603
8665 0 0 1.86603
8675 0 0 1.86603
8685 0 0 1.86603
8695 0 0 1.86603
8705 0 0 1.86603
8715 0 0 1.86603
8725 0 0 1.86603
8735 0 0 1.86603
8745 0 0 1.86603
8755 0 0 1.86603
8765 0 0 1.86603
8775 0 0 1.86603
8785 0 0 1.86603
8795 0 0 1.86603
8805 0 0 1.86603
8815 0 0 1.86603
8825 0 0 1.86603
8835 0 0 1.86603
8845 0 0 1.86603
8855 0 0 1.86603
8865 0 0 1.86603
8875 0 0 1.86603
8885 0 0 1.86603
8895 0 0 1.86603
8905 0 0 1.86603
8915 0 0 1.86603
8925 0 0 1.86603
8935 0 0 1.86603
8945 0 0 1.86603
8955 0 0 1.86603
8965 0 0 1.86603
8975 0 0 1.86603
8985 0 0 1.86603
8995 0 0 1.86603
9005 0 0 1.86603
9015 0 0 1.86603
9025 0 0 1.86603
9035 0 0 1.86603
9045 0 0 1.86603
9055 0 0 1.86603
9065 0 0 1.86603
9075 0 0 1.86603
9085 0 0 1.86603
9095 0 0 1.86603
9105 0 0 1.86603
9115 0 0 1.86603
9125 0 0 1.86603
9135 0 0 1.86603
9145 0 0 1.86603
9155 0 0 1.86603
9165 0 0 1.86603
9175 0 0 1.86603
9185 0 0 1.86603
9195 0 0 1.86603
9205 0 0 1.86603
9215 0 0 1.86603
9225 0 0 1.86603
9235 0 0 1.86603
9245 0 0 1.86603
9255 0 0 1.86603
9265 0 0 1.86603
9275 0 0 1.86603
9285 0 0 1.86603
9295 0 0 1.86603
9305 0 0 1.86603
9315 0 0 1.86603
9325 0 0 1.86603
9335 0 0 1.86603
9345 0 0 1.86603
9355 0 0 1.86603
9365 0 0 1.86603
9375 0 0 1.86603
9385 0 0 1.86603
9395 0 0 1.86603
9405 0 0 1.86603
9415 0 0 1.86603
9425 0 0 1.86603
9435 0 0 1.86603
9445 0 0 1.86603
9455 0 0 1.86603
9465 0 0 1.86603
9475 0 0 1.86603
9485 0 0 1.86603
9495 0 0 1.86603
9505 0 0 1.86603
9515 0 0 1.86603
9525 0 0 1.86603
9535 0 0 1.86603
9545 0 0 1.86603
9555 0 0 1.86603
9565 0 0 1.86603
9575 0 0 1.86603
9585 0 0 1.86603
9595 0 0 1.86603
9605 0 0 1.86603
9615 0 0 1.86603
9625 0 0 1.86603
9635 0 0 1.86603
9645 0 0 1.86603
9655 0 0 1.86603
9665 0 0 1.86603
9675 0 0 1.86603
9685 0 0 1.86603
9695 0 0 1.86603
9705 0 0 1.86603
9715 0 0 1.86603
9725 0 0 1.86603
9735 0 0 1.86603
9745 0 0 1.86603
9755 0 0 1.86603
9765 0 0 1.86603
9775 0 0 1.86603
9785 0 0 1.86603
9795 0 0 1.86603
9805 0 0 1.86603
9815 0 0 1.86603
9825 0 0 1.86603
9835 0 0 1.86603
9845 0 0 1.86603
9855 0 0 1.86603
9865 0 0 1.86603
9875 0 0 1.86603
9885 0 0 1.86603
9895 0 0 1.86603
9905 0 0 1.86603
9915 0 0 1.86603
9925 0 0 1.86603
9935 0 0 1.86603
9945 0 0 1.86603
9955 0 0 1.86603
9965 0 0 1.86603
9975 0 0 1.86603
9985 0 0 1.86603
9995 0 0 1.86603
