5 16159 58699 128.121
15 10950 47641 105.646
25 7745 39785 89.0099
35 5397 34273 74.4694
45 3780 30363 62.4878
55 2667 27564 52.6503
65 1880 25548 44.3676
75 1272 24163 36.6756
85 922 23100 31.3768
95 643 22326 26.3722
105 418 21799 21.4634
115 292 21407 18.1099
125 202 21085 15.239
135 151 20816 13.3187
145 111 20594 11.5712
155 124 20346 12.1692
165 116 20114 11.8051
175 114 19886 11.7121
185 125 19636 12.2138
195 113 19410 11.6654
205 120 19170 11.9886
215 112 18946 11.6184
225 124 18698 12.1692
235 103 18492 11.1858
245 101 18290 11.0871
255 109 18072 11.4762
265 96 17880 10.8362
275 98 17684 10.9373
285 98 17488 10.9373
295 121 17246 12.034
305 92 17062 10.6307
315 107 16848 11.3803
325 100 16648 11.0374
335 108 16432 11.4283
345 98 16236 10.9373
355 107 16022 11.3803
365 108 15806 11.4283
375 101 15604 11.0871
385 113 15378 11.6654
395 89 15200 10.4736
405 95 15010 10.7852
415 83 14844 10.1515
425 96 14652 10.8362
435 100 14452 11.0374
445 121 14210 12.034
455 97 14016 10.8869
465 103 13810 11.1858
475 80 13650 9.9861
485 109 13432 11.4762
495 103 13226 11.1858
505 120 12986 11.9886
515 103 12780 11.1858
525 99 12582 10.9875
535 85 12412 10.2601
545 101 12210 11.0871
555 80 12050 9.9861
565 88 11874 10.4207
575 113 11648 11.6654
585 102 11444 11.1366
595 101 11242 11.0871
605 103 11036 11.1858
615 95 10846 10.7852
625 80 10686 9.9861
635 87 10512 10.3675
645 86 10340 10.314
655 84 10172 10.206
665 95 9982 10.7852
675 76 9830 9.76071
685 94 9642 10.734
695 96 9450 10.8362
705 79 9292 9.93029
715 77 9138 9.8176
725 90 8958 10.5263
735 79 8800 9.93029
745 78 8644 9.87412
755 92 8460 10.6307
765 69 8322 9.35165
775 82 8158 10.0967
785 89 7980 10.4736
795 74 7832 9.64581
805 91 7650 10.5786
815 79 7492 9.93029
825 89 7314 10.4736
835 74 7166 9.64581
845 81 7004 10.0416
855 82 6840 10.0967
865 93 6654 10.6825
875 83 6488 10.1515
885 70 6348 9.4113
895 86 6176 10.314
905 93 5990 10.6825
915 67 5856 9.23104
925 70 5716 9.4113
935 74 5568 9.64581
945 81 5406 10.0416
955 78 5250 9.87412
965 62 5126 8.92149
975 64 4998 9.04674
985 59 4880 8.72981
995 70 4740 9.4113
1005 86 4568 10.314
1015 78 4412 9.87412
1025 72 4268 9.52936
1035 66 4136 9.17007
1045 68 4000 9.29156
1055 76 3848 9.76071
1065 66 3716 9.17007
1075 70 3576 9.4113
1085 78 3420 9.87412
1095 73 3274 9.58778
1105 64 3146 9.04674
1115 56 3034 8.53326
1125 58 2918 8.66485
1135 76 2766 9.76071
1145 55 2656 8.46659
1155 74 2508 9.64581
1165 78 2352 9.87412
1175 65 2222 9.10864
1185 62 2098 8.92149
1195 81 1936 10.0416
1205 64 1808 9.04674
1215 62 1684 8.92149
1225 47 1590 7.91014
1235 57 1476 8.59934
1245 69 1338 9.35165
1255 60 1218 8.79423
1265 67 1084 9.23104
1275 70 944 9.4113
1285 58 828 8.66485
1295 50 728 8.1239
1305 50 628 8.1239
1315 52 524 8.26292
1325 74 376 9.64581
1335 65 246 9.10864
1345 68 110 9.29156
1355 59 -8 8.72981
1365 85 -178 10.2601
1375 67 -312 9.23104
1385 57 -426 8.59934
1395 44 -514 7.68954
1405 64 -642 9.04674
1415 58 -758 8.66485
1425 61 -880 8.85812
1435 55 -990 8.46659
1445 62 -1114 8.92149
1455 45 -1204 7.76387
1465 50 -1304 8.1239
1475 55 -1414 8.46659
1485 59 -1532 8.72981
1495 53 -1638 8.33144
1505 48 -1734 7.98212
1515 49 -1832 8.05337
1525 50 -1932 8.1239
1535 51 -2034 8.19375
1545 46 -2126 7.8374
1555 60 -2246 8.79423
1565 50 -2346 8.1239
1575 48 -2442 7.98212
1585 35 -2512 6.97913
1595 55 -2622 8.46659
1605 45 -2712 7.76387
1615 60 -2832 8.79423
1625 68 -2968 9.29156
1635 62 -3092 8.92149
1645 40 -3172 7.38357
1655 52 -3276 8.26292
1665 40 -3356 7.38357
1675 56 -3468 8.53326
1685 48 -3564 7.98212
1695 55 -3674 8.46659
1705 54 -3782 8.39932
1715 45 -3872 7.76387
1725 48 -3968 7.98212
1735 58 -4084 8.66485
1745 50 -4184 8.1239
1755 46 -4276 7.8374
1765 51 -4378 8.19375
1775 46 -4470 7.8374
1785 50 -4570 8.1239
1795 44 -4658 7.68954
1805 46 -4750 7.8374
1815 45 -4840 7.76387
1825 48 -4936 7.98212
1835 49 -5034 8.05337
1845 36 -5106 7.06218
1855 40 -5186 7.38357
1865 39 -5264 7.30476
1875 42 -5348 7.53835
1885 39 -5426 7.30476
1895 40 -5506 7.38357
1905 43 -5592 7.61438
1915 40 -5672 7.38357
1925 39 -5750 7.30476
1935 32 -5814 6.72276
1945 38 -5890 7.22495
1955 43 -5976 7.61438
1965 38 -6052 7.22495
1975 42 -6136 7.53835
1985 33 -6202 6.80948
1995 44 -6290 7.68954
2005 39 -6368 7.30476
2015 52 -6472 8.26292
2025 33 -6538 6.80948
2035 34 -6606 6.89491
2045 38 -6682 7.22495
2055 37 -6756 7.1441
2065 37 -6830 7.1441
2075 27 -6884 6.26783
2085 38 -6960 7.22495
2095 30 -7020 6.54527
2105 33 -7086 6.80948
2115 36 -7158 7.06218
2125 43 -7244 7.61438
2135 45 -7334 7.76387
2145 42 -7418 7.53835
2155 39 -7496 7.30476
2165 44 -7584 7.68954
2175 40 -7664 7.38357
2185 40 -7744 7.38357
2195 37 -7818 7.1441
2205 25 -7868 6.07445
2215 50 -7968 8.1239
2225 49 -8066 8.05337
2235 32 -8130 6.72276
2245 29 -8188 6.45436
2255 33 -8254 6.80948
2265 48 -8350 7.98212
2275 30 -8410 6.54527
2285 31 -8472 6.63471
2295 43 -8558 7.61438
2305 29 -8616 6.45436
2315 41 -8698 7.46142
2325 33 -8764 6.80948
2335 34 -8832 6.89491
2345 44 -8920 7.68954
2355 43 -9006 7.61438
2365 27 -9060 6.26783
2375 30 -9120 6.54527
2385 32 -9184 6.72276
2395 30 -9244 6.54527
2405 35 -9314 6.97913
2415 36 -9386 7.06218
2425 34 -9454 6.89491
2435 34 -9522 6.89491
2445 34 -9590 6.89491
2455 22 -9634 5.7697
2465 31 -9696 6.63471
2475 36 -9768 7.06218
2485 34 -9836 6.89491
2495 27 -9890 6.26783
2505 25 -9940 6.07445
2515 25 -9990 6.07445
2525 31 -10052 6.63471
2535 31 -10114 6.63471
2545 35 -10184 6.97913
2555 36 -10256 7.06218
2565 34 -10324 6.89491
2575 24 -10372 5.97494
2585 28 -10428 6.3619
2595 31 -10490 6.63471
2605 23 -10536 5.8734
2615 25 -10586 6.07445
2625 31 -10648 6.63471
2635 27 -10702 6.26783
2645 25 -10752 6.07445
2655 26 -10804 6.17204
2665 26 -10856 6.17204
2675 26 -10908 6.17204
2685 22 -10952 5.7697
2695 22 -10996 5.7697
2705 25 -11046 6.07445
2715 21 -11088 5.66369
2725 24 -11136 5.97494
2735 26 -11188 6.17204
2745 26 -11240 6.17204
2755 33 -11306 6.80948
2765 30 -11366 6.54527
2775 21 -11408 5.66369
2785 21 -11450 5.66369
2795 38 -11526 7.22495
2805 26 -11578 6.17204
2815 32 -11642 6.72276
2825 29 -11700 6.45436
2835 18 -11736 5.33013
2845 27 -11790 6.26783
2855 27 -11844 6.26783
2865 24 -11892 5.97494
2875 22 -11936 5.7697
2885 25 -11986 6.07445
2895 30 -12046 6.54527
2905 14 -12074 4.84057
2915 25 -12124 6.07445
2925 19 -12162 5.4441
2935 29 -12220 6.45436
2945 22 -12264 5.7697
2955 24 -12312 5.97494
2965 22 -12356 5.7697
2975 23 -12402 5.8734
2985 29 -12460 6.45436
2995 30 -12520 6.54527
3005 22 -12564 5.7697
3015 16 -12596 5.09268
3025 21 -12638 5.66369
3035 24 -12686 5.97494
3045 21 -12728 5.66369
3055 24 -12776 5.97494
3065 27 -12830 6.26783
3075 23 -12876 5.8734
3085 24 -12924 5.97494
3095 23 -12970 5.8734
3105 21 -13012 5.66369
3115 22 -13056 5.7697
3125 24 -13104 5.97494
3135 30 -13164 6.54527
3145 18 -13200 5.33013
3155 22 -13244 5.7697
3165 23 -13290 5.8734
3175 10 -13310 4.27872
3185 19 -13348 5.4441
3195 17 -13382 5.21307
3205 21 -13424 5.66369
3215 29 -13482 6.45436
3225 24 -13530 5.97494
3235 17 -13564 5.21307
3245 16 -13596 5.09268
3255 16 -13628 5.09268
3265 23 -13674 5.8734
3275 15 -13704 4.96863
3285 17 -13738 5.21307
3295 19 -13776 5.4441
3305 18 -13812 5.33013
3315 25 -13862 6.07445
3325 29 -13920 6.45436
3335 18 -13956 5.33013
3345 27 -14010 6.26783
3355 19 -14048 5.4441
3365 17 -14082 5.21307
3375 21 -14124 5.66369
3385 17 -14158 5.21307
3395 21 -14200 5.66369
3405 27 -14254 6.26783
3415 21 -14296 5.66369
3425 20 -14336 5.55522
3435 22 -14380 5.7697
3445 14 -14408 4.84057
3455 21 -14450 5.66369
3465 14 -14478 4.84057
3475 19 -14516 5.4441
3485 14 -14544 4.84057
3495 17 -14578 5.21307
3505 18 -14614 5.33013
3515 25 -14664 6.07445
3525 20 -14704 5.55522
3535 19 -14742 5.4441
3545 15 -14772 4.96863
3555 15 -14802 4.96863
3565 14 -14830 4.84057
3575 15 -14860 4.96863
3585 19 -14898 5.4441
3595 20 -14938 5.55522
3605 23 -14984 5.8734
3615 23 -15030 5.8734
3625 14 -15058 4.84057
3635 15 -15088 4.96863
3645 26 -15140 6.17204
3655 13 -15166 4.7081
3665 16 -15198 5.09268
3675 21 -15240 5.66369
3685 13 -15266 4.7081
3695 9 -15284 4.1225
3705 13 -15310 4.7081
3715 14 -15338 4.84057
3725 22 -15382 5.7697
3735 15 -15412 4.96863
3745 12 -15436 4.57071
3755 20 -15476 5.55522
3765 22 -15520 5.7697
3775 12 -15544 4.57071
3785 13 -15570 4.7081
3795 13 -15596 4.7081
3805 12 -15620 4.57071
3815 11 -15642 4.42783
3825 17 -15676 5.21307
3835 9 -15694 4.1225
3845 16 -15726 5.09268
3855 22 -15770 5.7697
3865 23 -15816 5.8734
3875 10 -15836 4.27872
3885 12 -15860 4.57071
3895 12 -15884 4.57071
3905 14 -15912 4.84057
3915 11 -15934 4.42783
3925 15 -15964 4.96863
3935 12 -15988 4.57071
3945 15 -16018 4.96863
3955 12 -16042 4.57071
3965 11 -16064 4.42783
3975 17 -16098 5.21307
3985 17 -16132 5.21307
3995 18 -16168 5.33013
4005 9 -16186 4.1225
4015 15 -16216 4.96863
4025 15 -16246 4.96863
4035 17 -16280 5.21307
4045 10 -16300 4.27872
4055 8 -16316 3.95804
4065 16 -16348 5.09268
4075 17 -16382 5.21307
4085 12 -16406 4.57071
4095 13 -16432 4.7081
4105 13 -16458 4.7081
4115 11 -16480 4.42783
4125 14 -16508 4.84057
4135 3 -16514 2.93649
4145 11 -16536 4.42783
4155 13 -16562 4.7081
4165 17 -16596 5.21307
4175 9 -16614 4.1225
4185 15 -16644 4.96863
4195 11 -16666 4.42783
4205 10 -16686 4.27872
4215 16 -16718 5.09268
4225 14 -16746 4.84057
4235 4 -16754 3.17945
4245 16 -16786 5.09268
4255 11 -16808 4.42783
4265 16 -16840 5.09268
4275 12 -16864 4.57071
4285 13 -16890 4.7081
4295 12 -16914 4.57071
4305 9 -16932 4.1225
4315 12 -16956 4.57071
4325 14 -16984 4.84057
4335 9 -17002 4.1225
4345 10 -17022 4.27872
4355 15 -17052 4.96863
4365 10 -17072 4.27872
4375 11 -17094 4.42783
4385 11 -17116 4.42783
4395 4 -17124 3.17945
4405 12 -17148 4.57071
4415 12 -17172 4.57071
4425 14 -17200 4.84057
4435 13 -17226 4.7081
4445 12 -17250 4.57071
4455 12 -17274 4.57071
4465 6 -17286 3.59808
4475 12 -17310 4.57071
4485 16 -17342 5.09268
4495 2 -17346 2.65831
4505 8 -17362 3.95804
4515 9 -17380 4.1225
4525 14 -17408 4.84057
4535 9 -17426 4.1225
4545 8 -17442 3.95804
4555 11 -17464 4.42783
4565 14 -17492 4.84057
4575 7 -17506 3.78388
4585 15 -17536 4.96863
4595 9 -17554 4.1225
4605 11 -17576 4.42783
4615 12 -17600 4.57071
4625 6 -17612 3.59808
4635 11 -17634 4.42783
4645 16 -17666 5.09268
4655 13 -17692 4.7081
4665 8 -17708 3.95804
4675 6 -17720 3.59808
4685 9 -17738 4.1225
4695 10 -17758 4.27872
4705 6 -17770 3.59808
4715 7 -17784 3.78388
4725 7 -17798 3.78388
4735 12 -17822 4.57071
4745 8 -17838 3.95804
4755 10 -17858 4.27872
4765 7 -17872 3.78388
4775 7 -17886 3.78388
4785 12 -17910 4.57071
4795 10 -17930 4.27872
4805 6 -17942 3.59808
4815 6 -17954 3.59808
4825 9 -17972 4.1225
4835 8 -17988 3.95804
4845 8 -18004 3.95804
4855 10 -18024 4.27872
4865 10 -18044 4.27872
4875 10 -18064 4.27872
4885 8 -18080 3.95804
4895 10 -18100 4.27872
4905 11 -18122 4.42783
4915 8 -18138 3.95804
4925 3 -18144 2.93649
4935 6 -18156 3.59808
4945 7 -18170 3.78388
4955 4 -18178 3.17945
4965 9 -18196 4.1225
4975 4 -18204 3.17945
4985 10 -18224 4.27872
4995 11 -18246 4.42783
5005 9 -18264 4.1225
5015 3 -18270 2.93649
5025 6 -18282 3.59808
5035 8 -18298 3.95804
5045 6 -18310 3.59808
5055 8 -18326 3.95804
5065 5 -18336 3.39792
5075 6 -18348 3.59808
5085 5 -18358 3.39792
5095 6 -18370 3.59808
5105 8 -18386 3.95804
5115 3 -18392 2.93649
5125 6 -18404 3.59808
5135 8 -18420 3.95804
5145 6 -18432 3.59808
5155 4 -18440 3.17945
5165 9 -18458 4.1225
5175 6 -18470 3.59808
5185 6 -18482 3.59808
5195 9 -18500 4.1225
5205 7 -18514 3.78388
5215 3 -18520 2.93649
5225 5 -18530 3.39792
5235 5 -18540 3.39792
5245 5 -18550 3.39792
5255 4 -18558 3.17945
5265 3 -18564 2.93649
5275 10 -18584 4.27872
5285 5 -18594 3.39792
5295 7 -18608 3.78388
5305 6 -18620 3.59808
5315 6 -18632 3.59808
5325 2 -18636 2.65831
5335 7 -18650 3.78388
5345 2 -18654 2.65831
5355 3 -18660 2.93649
5365 7 -18674 3.78388
5375 9 -18692 4.1225
5385 11 -18714 4.42783
5395 5 -18724 3.39792
5405 6 -18736 3.59808
5415 4 -18744 3.17945
5425 8 -18760 3.95804
5435 6 -18772 3.59808
5445 7 -18786 3.78388
5455 7 -18800 3.78388
5465 8 -18816 3.95804
5475 5 -18826 3.39792
5485 9 -18844 4.1225
5495 5 -18854 3.39792
5505 4 -18862 3.17945
5515 8 -18878 3.95804
5525 8 -18894 3.95804
5535 5 -18904 3.39792
5545 3 -18910 2.93649
5555 3 -18916 2.93649
5565 5 -18926 3.39792
5575 9 -18944 4.1225
5585 4 -18952 3.17945
5595 7 -18966 3.78388
5605 6 -18978 3.59808
5615 9 -18996 4.1225
5625 4 -19004 3.17945
5635 4 -19012 3.17945
5645 7 -19026 3.78388
5655 7 -19040 3.78388
5665 6 -19052 3.59808
5675 8 -19068 3.95804
5685 5 -19078 3.39792
5695 5 -19088 3.39792
5705 5 -19098 3.39792
5715 2 -19102 2.65831
5725 1 -19104 2.32288
5735 6 -19116 3.59808
5745 2 -19120 2.65831
5755 7 -19134 3.78388
5765 3 -19140 2.93649
5775 4 -19148 3.17945
5785 6 -19160 3.59808
5795 6 -19172 3.59808
5805 7 -19186 3.78388
5815 2 -19190 2.65831
5825 2 -19194 2.65831
5835 7 -19208 3.78388
5845 11 -19230 4.42783
5855 5 -19240 3.39792
5865 2 -19244 2.65831
5875 5 -19254 3.39792
5885 3 -19260 2.93649
5895 8 -19276 3.95804
5905 6 -19288 3.59808
5915 9 -19306 4.1225
5925 7 -19320 3.78388
5935 5 -19330 3.39792
5945 4 -19338 3.17945
5955 3 -19344 2.93649
5965 3 -19350 2.93649
5975 1 -19352 2.32288
5985 1 -19354 2.32288
5995 3 -19360 2.93649
6005 1 -19362 2.32288
6015 5 -19372 3.39792
6025 4 -19380 3.17945
6035 2 -19384 2.65831
6045 2 -19388 2.65831
6055 6 -19400 3.59808
6065 3 -19406 2.93649
6075 5 -19416 3.39792
6085 6 -19428 3.59808
6095 3 -19434 2.93649
6105 3 -19440 2.93649
6115 2 -19444 2.65831
6125 6 -19456 3.59808
6135 6 -19468 3.59808
6145 2 -19472 2.65831
6155 3 -19478 2.93649
6165 7 -19492 3.78388
6175 5 -19502 3.39792
6185 2 -19506 2.65831
6195 5 -19516 3.39792
6205 4 -19524 3.17945
6215 2 -19528 2.65831
6225 5 -19538 3.39792
6235 9 -19556 4.1225
6245 1 -19558 2.32288
6255 4 -19566 3.17945
6265 6 -19578 3.59808
6275 4 -19586 3.17945
6285 4 -19594 3.17945
6295 5 -19604 3.39792
6305 1 -19606 2.32288
6315 2 -19610 2.65831
6325 3 -19616 2.93649
6335 1 -19618 2.32288
6345 2 -19622 2.65831
6355 4 -19630 3.17945
6365 2 -19634 2.65831
6375 4 -19642 3.17945
6385 1 -19644 2.32288
6395 5 -19654 3.39792
6405 5 -19664 3.39792
6415 3 -19670 2.93649
6425 2 -19674 2.65831
6435 4 -19682 3.17945
6445 3 -19688 2.93649
6455 3 -19694 2.93649
6465 3 -19700 2.93649
6475 3 -19706 2.93649
6485 3 -19712 2.93649
6495 8 -19728 3.95804
6505 1 -19730 2.32288
6515 1 -19732 2.32288
6525 6 -19744 3.59808
6535 6 -19756 3.59808
6545 4 -19764 3.17945
6555 3 -19770 2.93649
6565 4 -19778 3.17945
6575 4 -19786 3.17945
6585 3 -19792 2.93649
6595 4 -19800 3.17945
6605 3 -19806 2.93649
6615 1 -19808 2.32288
6625 5 -19818 3.39792
6635 1 -19820 2.32288
6645 4 -19828 3.17945
6655 2 -19832 2.65831
6665 2 -19836 2.65831
6675 1 -19838 2.32288
6685 3 -19844 2.93649
6695 0 -19844 1.86603
6705 3 -19850 2.93649
6715 1 -19852 2.32288
6725 2 -19856 2.65831
6735 6 -19868 3.59808
6745 2 -19872 2.65831
6755 1 -19874 2.32288
6765 8 -19890 3.95804
6775 6 -19902 3.59808
6785 1 -19904 2.32288
6795 4 -19912 3.17945
6805 2 -19916 2.65831
6815 4 -19924 3.17945
6825 1 -19926 2.32288
6835 3 -19932 2.93649
6845 3 -19938 2.93649
6855 2 -19942 2.65831
6865 3 -19948 2.93649
6875 2 -19952 2.65831
6885 3 -19958 2.93649
6895 1 -19960 2.32288
6905 3 -19966 2.93649
6915 2 -19970 2.65831
6925 2 -19974 2.65831
6935 3 -19980 2.93649
6945 1 -19982 2.32288
6955 2 -19986 2.65831
6965 3 -19992 2.93649
6975 2 -19996 2.65831
6985 2 -20000 2.65831
6995 1 -20002 2.32288
7005 4 -20010 3.17945
7015 3 -20016 2.93649
7025 4 -20024 3.17945
7035 2 -20028 2.65831
7045 2 -20032 2.65831
7055 2 -20036 2.65831
7065 3 -20042 2.93649
7075 0 -20042 1.86603
7085 3 -20048 2.93649
7095 4 -20056 3.17945
7105 2 -20060 2.65831
7115 1 -20062 2.32288
7125 1 -20064 2.32288
7135 6 -20076 3.59808
7145 1 -20078 2.32288
7155 0 -20078 1.86603
7165 2 -20082 2.65831
7175 1 -20084 2.32288
7185 1 -20086 2.32288
7195 1 -20088 2.32288
7205 2 -20092 2.65831
7215 2 -20096 2.65831
7225 0 -20096 1.86603
7235 0 -20096 1.86603
7245 1 -20098 2.32288
7255 3 -20104 2.93649
7265 1 -20106 2.32288
7275 2 -20110 2.65831
7285 3 -20116 2.93649
7295 0 -20116 1.86603
7305 0 -20116 1.86603
7315 1 -20118 2.32288
7325 4 -20126 3.17945
7335 5 -20136 3.39792
7345 2 -20140 2.65831
7355 2 -20144 2.65831
7365 3 -20150 2.93649
7375 1 -20152 2.32288
7385 3 -20158 2.93649
7395 0 -20158 1.86603
7405 1 -20160 2.32288
7415 3 -20166 2.93649
7425 4 -20174 3.17945
7435 1 -20176 2.32288
7445 2 -20180 2.65831
7455 0 -20180 1.86603
7465 3 -20186 2.93649
7475 4 -20194 3.17945
7485 2 -20198 2.65831
7495 1 -20200 2.32288
7505 2 -20204 2.65831
7515 1 -20206 2.32288
7525 4 -20214 3.17945
7535 0 -20214 1.86603
7545 0 -20214 1.86603
7555 0 -20214 1.86603
7565 3 -20220 2.93649
7575 1 -20222 2.32288
7585 2 -20226 2.65831
7595 1 -20228 2.32288
7605 3 -20234 2.93649
7615 2 -20238 2.65831
7625 1 -20240 2.32288
7635 1 -20242 2.32288
7645 0 -20242 1.86603
7655 2 -20246 2.65831
7665 1 -20248 2.32288
7675 1 -20250 2.32288
7685 2 -20254 2.65831
7695 1 -20256 2.32288
7705 0 -20256 1.86603
7715 1 -20258 2.32288
7725 2 -20262 2.65831
7735 0 -20262 1.86603
7745 0 -20262 1.86603
7755 3 -20268 2.93649
7765 0 -20268 1.86603
7775 1 -20270 2.32288
7785 1 -20272 2.32288
7795 4 -20280 3.17945
7805 2 -20284 2.65831
7815 2 -20288 2.65831
7825 0 -20288 1.86603
7835 3 -20294 2.93649
7845 1 -20296 2.32288
7855 1 -20298 2.32288
7865 2 -20302 2.65831
7875 0 -20302 1.86603
7885 4 -20310 3.17945
7895 1 -20312 2.32288
7905 0 -20312 1.86603
7915 3 -20318 2.93649
7925 0 -20318 1.86603
7935 2 -20322 2.65831
7945 1 -20324 2.32288
7955 2 -20328 2.65831
7965 2 -20332 2.65831
7975 2 -20336 2.65831
7985 1 -20338 2.32288
7995 0 -20338 1.86603
8005 0 -20338 1.86603
8015 1 -20340 2.32288
8025 3 -20346 2.93649
8035 2 -20350 2.65831
8045 2 -20354 2.65831
8055 0 -20354 1.86603
8065 1 -20356 2.32288
8075 1 -20358 2.32288
8085 0 -20358 1.86603
8095 0 -20358 1.86603
8105 0 -20358 1.86603
8115 0 -20358 1.86603
8125 0 -20358 1.86603
8135 0 -20358 1.86603
8145 1 -20360 2.32288
8155 0 -20360 1.86603
8165 3 -20366 2.93649
8175 4 -20374 3.17945
8185 1 -20376 2.32288
8195 1 -20378 2.32288
8205 0 -20378 1.86603
8215 1 -20380 2.32288
8225 2 -20384 2.65831
8235 0 -20384 1.86603
8245 1 -20386 2.32288
8255 1 -20388 2.32288
8265 1 -20390 2.32288
8275 0 -20390 1.86603
8285 1 -20392 2.32288
8295 2 -20396 2.65831
8305 0 -20396 1.86603
8315 3 -20402 2.93649
8325 3 -20408 2.93649
8335 0 -20408 1.86603
8345 1 -20410 2.32288
8355 0 -20410 1.86603
8365 1 -20412 2.32288
8375 0 -20412 1.86603
8385 1 -20414 2.32288
8395 2 -20418 2.65831
8405 1 -20420 2.32288
8415 1 -20422 2.32288
8425 1 -20424 2.32288
8435 1 -20426 2.32288
8445 0 -20426 1.86603
8455 1 -20428 2.32288
8465 0 -20428 1.86603
8475 1 -20430 2.32288
8485 1 -20432 2.32288
8495 3 -20438 2.93649
8505 1 -20440 2.32288
8515 3 -20446 2.93649
8525 0 -20446 1.86603
8535 1 -20448 2.32288
8545 0 -20448 1.86603
8555 0 -20448 1.86603
8565 1 -20450 2.32288
8575 1 -20452 2.32288
8585 0 -20452 1.86603
8595 0 -20452 1.86603
8605 1 -20454 2.32288
8615 0 -20454 1.86603
8625 0 -20454 1.86603
8635 1 -20456 2.32288
8645 3 -20462 2.93649
8655 0 -20462 1.86603
8665 0 -20462 1.86603
8675 0 -20462 1.86603
8685 0 -20462 1.86603
8695 2 -20466 2.65831
8705 0 -20466 1.86603
8715 1 -20468 2.32288
8725 0 -20468 1.86603
8735 1 -20470 2.32288
8745 0 -20470 1.86603
8755 1 -20472 2.32288
8765 0 -20472 1.86603
8775 1 -20474 2.32288
8785 0 -20474 1.86603
8795 1 -20476 2.32288
8805 1 -20478 2.32288
8815 2 -20482 2.65831
8825 1 -20484 2.32288
8835 0 -20484 1.86603
8845 1 -20486 2.32288
8855 0 -20486 1.86603
8865 0 -20486 1.86603
8875 3 -20492 2.93649
8885 1 -20494 2.32288
8895 0 -20494 1.86603
8905 0 -20494 1.86603
8915 1 -20496 2.32288
8925 0 -20496 1.86603
8935 3 -20502 2.93649
8945 0 -20502 1.86603
8955 1 -20504 2.32288
8965 1 -20506 2.32288
8975 1 -20508 2.32288
8985 1 -20510 2.32288
8995 0 -20510 1.86603
9005 1 -20512 2.32288
9015 1 -20514 2.32288
9025 1 -20516 2.32288
9035 0 -20516 1.86603
9045 0 -20516 1.86603
9055 0 -20516 1.86603
9065 0 -20516 1.86603
9075 0 -20516 1.86603
9085 0 -20516 1.86603
9095 0 -20516 1.86603
9105 1 -20518 2.32288
9115 0 -20518 1.86603
9125 1 -20520 2.32288
9135 1 -20522 2.32288
9145 0 -20522 1.86603
9155 1 -20524 2.32288
9165 0 -20524 1.86603
9175 1 -20526 2.32288
9185 0 -20526 1.86603
9195 1 -20528 2.32288
9205 0 -20528 1.86603
9215 0 -20528 1.86603
9225 0 -20528 1.86603
9235 0 -20528 1.86603
9245 1 -20530 2.32288
9255 0 -20530 1.86603
9265 0 -20530 1.86603
9275 0 -20530 1.86603
9285 1 -20532 2.32288
9295 0 -20532 1.86603
9305 2 -20536 2.65831
9315 0 -20536 1.86603
9325 1 -20538 2.32288
9335 3 -20544 2.93649
9345 0 -20544 1.86603
9355 1 -20546 2.32288
9365 0 -20546 1.86603
9375 2 -20550 2.65831
9385 0 -20550 1.86603
9395 1 -20552 2.32288
9405 1 -20554 2.32288
9415 1 -20556 2.32288
9425 3 -20562 2.93649
9435 0 -20562 1.86603
9445 0 -20562 1.86603
9455 1 -20564 2.32288
9465 2 -20568 2.65831
9475 0 -20568 1.86603
9485 1 -20570 2.32288
9495 0 -20570 1.86603
9505 1 -20572 2.32288
9515 0 -20572 1.86603
9525 0 -20572 1.86603
9535 1 -20574 2.32288
9545 1 -20576 2.32288
9555 0 -20576 1.86603
9565 0 -20576 1.86603
9575 0 -20576 1.86603
9585 0 -20576 1.86603
9595 1 -20578 2.32288
9605 1 -20580 2.32288
9615 2 -20584 2.65831
9625 0 -20584 1.86603
9635 1 -20586 2.32288
9645 1 -20588 2.32288
9655 0 -20588 1.86603
9665 0 -20588 1.86603
9675 0 -20588 1.86603
9685 0 -20588 1.86603
9695 1 -20590 2.32288
9705 0 -20590 1.86603
9715 0 -20590 1.86603
9725 1 -20592 2.32288
9735 0 -20592 1.86603
9745 1 -20594 2.32288
9755 1 -20596 2.32288
9765 0 -20596 1.86603
9775 0 -20596 1.86603
9785 1 -20598 2.32288
9795 0 -20598 1.86603
9805 1 -20600 2.32288
9815 0 -20600 1.86603
9825 0 -20600 1.86603
9835 0 -20600 1.86603
9845 1 -20602 2.32288
9855 0 -20602 1.86603
9865 0 -20602 1.86603
9875 0 -20602 1.86603
9885 1 -20604 2.32288
9895 1 -20606 2.32288
9905 1 -20608 2.32288
9915 0 -20608 1.86603
9925 0 -20608 1.86603
9935 1 -20610 2.32288
9945 2 -20614 2.65831
9955 0 -20614 1.86603
9965 0 -20614 1.86603
9975 1 -20616 2.32288
9985 0 -20616 1.86603
9995 0 -20616 1.86603
