5 14 9986
15 17 9969
25 14 9955
35 11 9944
45 10 9934
55 16 9918
65 12 9906
75 12 9894
85 20 9874
95 14 9860
105 11 9849
115 10 9839
125 17 9822
135 9 9813
145 10 9803
155 16 9787
165 15 9772
175 14 9758
185 13 9745
195 16 9729
205 16 9713
215 11 9702
225 11 9691
235 10 9681
245 12 9669
255 13 9656
265 12 9644
275 19 9625
285 21 9604
295 8 9596
305 9 9587
315 15 9572
325 15 9557
335 15 9542
345 10 9532
355 12 9520
365 12 9508
375 8 9500
385 13 9487
395 5 9482
405 8 9474
415 11 9463
425 14 9449
435 18 9431
445 10 9421
455 17 9404
465 10 9394
475 14 9380
485 19 9361
495 12 9349
505 14 9335
515 9 9326
525 18 9308
535 7 9301
545 14 9287
555 11 9276
565 9 9267
575 10 9257
585 16 9241
595 13 9228
605 10 9218
615 11 9207
625 9 9198
635 12 9186
645 8 9178
655 14 9164
665 14 9150
675 10 9140
685 12 9128
695 12 9116
705 7 9109
715 11 9098
725 12 9086
735 6 9080
745 15 9065
755 8 9057
765 9 9048
775 11 9037
785 14 9023
795 15 9008
805 12 8996
815 15 8981
825 13 8968
835 10 8958
845 13 8945
855 14 8931
865 7 8924
875 14 8910
885 12 8898
895 12 8886
905 18 8868
915 11 8857
925 11 8846
935 14 8832
945 11 8821
955 15 8806
965 5 8801
975 17 8784
985 13 8771
995 12 8759
1005 7 8752
1015 9 8743
1025 9 8734
1035 9 8725
1045 10 8715
1055 13 8702
1065 6 8696
1075 12 8684
1085 6 8678
1095 11 8667
1105 16 8651
1115 10 8641
1125 12 8629
1135 13 8616
1145 8 8608
1155 14 8594
1165 7 8587
1175 10 8577
1185 8 8569
1195 10 8559
1205 10 8549
1215 13 8536
1225 21 8515
1235 9 8506
1245 13 8493
1255 14 8479
1265 16 8463
1275 7 8456
1285 14 8442
1295 18 8424
1305 9 8415
1315 13 8402
1325 12 8390
1335 14 8376
1345 15 8361
1355 13 8348
1365 17 8331
1375 12 8319
1385 15 8304
1395 19 8285
1405 9 8276
1415 11 8265
1425 15 8250
1435 6 8244
1445 11 8233
1455 15 8218
1465 10 8208
1475 12 8196
1485 13 8183
1495 10 8173
1505 8 8165
1515 10 8155
1525 11 8144
1535 15 8129
1545 12 8117
1555 11 8106
1565 14 8092
1575 13 8079
1585 5 8074
1595 12 8062
1605 6 8056
1615 16 8040
1625 10 8030
1635 4 8026
1645 7 8019
1655 7 8012
1665 9 8003
1675 8 7995
1685 11 7984
1695 6 7978
1705 11 7967
1715 13 7954
1725 12 7942
1735 10 7932
1745 14 7918
1755 7 7911
1765 11 7900
1775 10 7890
1785 15 7875
1795 6 7869
1805 5 7864
1815 8 7856
1825 8 7848
1835 13 7835
1845 3 7832
1855 8 7824
1865 17 7807
1875 9 7798
1885 13 7785
1895 4 7781
1905 15 7766
1915 13 7753
1925 12 7741
1935 9 7732
1945 13 7719
1955 9 7710
1965 10 7700
1975 18 7682
1985 13 7669
1995 11 7658
2005 9 7649
2015 10 7639
2025 12 7627
2035 10 7617
2045 10 7607
2055 13 7594
2065 8 7586
2075 10 7576
2085 3 7573
2095 8 7565
2105 11 7554
2115 8 7546
2125 14 7532
2135 8 7524
2145 13 7511
2155 14 7497
2165 10 7487
2175 13 7474
2185 11 7463
2195 9 7454
2205 10 7444
2215 5 7439
2225 11 7428
2235 14 7414
2245 12 7402
2255 6 7396
2265 10 7386
2275 6 7380
2285 13 7367
2295 10 7357
2305 16 7341
2315 7 7334
2325 8 7326
2335 10 7316
2345 7 7309
2355 12 7297
2365 6 7291
2375 6 7285
2385 18 7267
2395 4 7263
2405 10 7253
2415 12 7241
2425 12 7229
2435 8 7221
2445 9 7212
2455 16 7196
2465 9 7187
2475 10 7177
2485 8 7169
2495 5 7164
2505 3 7161
2515 7 7154
2525 8 7146
2535 12 7134
2545 8 7126
2555 9 7117
2565 8 7109
2575 9 7100
2585 13 7087
2595 11 7076
2605 10 7066
2615 9 7057
2625 7 7050
2635 10 7040
2645 11 7029
2655 16 7013
2665 10 7003
2675 10 6993
2685 16 6977
2695 15 6962
2705 5 6957
2715 13 6944
2725 16 6928
2735 14 6914
2745 6 6908
2755 7 6901
2765 5 6896
2775 9 6887
2785 5 6882
2795 6 6876
2805 8 6868
2815 7 6861
2825 16 6845
2835 10 6835
2845 5 6830
2855 5 6825
2865 5 6820
2875 4 6816
2885 5 6811
2895 11 6800
2905 12 6788
2915 8 6780
2925 11 6769
2935 7 6762
2945 6 6756
2955 9 6747
2965 7 6740
2975 6 6734
2985 11 6723
2995 11 6712
3005 4 6708
3015 13 6695
3025 9 6686
3035 5 6681
3045 7 6674
3055 6 6668
3065 15 6653
3075 9 6644
3085 5 6639
3095 10 6629
3105 11 6618
3115 8 6610
3125 12 6598
3135 10 6588
3145 8 6580
3155 12 6568
3165 3 6565
3175 4 6561
3185 7 6554
3195 10 6544
3205 7 6537
3215 8 6529
3225 15 6514
3235 13 6501
3245 8 6493
3255 14 6479
3265 6 6473
3275 4 6469
3285 11 6458
3295 10 6448
3305 10 6438
3315 10 6428
3325 10 6418
3335 9 6409
3345 14 6395
3355 8 6387
3365 5 6382
3375 13 6369
3385 10 6359
3395 8 6351
3405 13 6338
3415 6 6332
3425 5 6327
3435 7 6320
3445 12 6308
3455 14 6294
3465 9 6285
3475 9 6276
3485 6 6270
3495 7 6263
3505 6 6257
3515 8 6249
3525 6 6243
3535 11 6232
3545 5 6227
3555 10 6217
3565 10 6207
3575 13 6194
3585 4 6190
3595 12 6178
3605 4 6174
3615 8 6166
3625 9 6157
3635 4 6153
3645 9 6144
3655 8 6136
3665 7 6129
3675 11 6118
3685 7 6111
3695 9 6102
3705 12 6090
3715 8 6082
3725 7 6075
3735 8 6067
3745 6 6061
3755 7 6054
3765 10 6044
3775 5 6039
3785 5 6034
3795 12 6022
3805 12 6010
3815 5 6005
3825 6 5999
3835 8 5991
3845 11 5980
3855 4 5976
3865 14 5962
3875 7 5955
3885 5 5950
3895 11 5939
3905 8 5931
3915 3 5928
3925 11 5917
3935 8 5909
3945 12 5897
3955 6 5891
3965 8 5883
3975 3 5880
3985 6 5874
3995 10 5864
4005 7 5857
4015 7 5850
4025 10 5840
4035 6 5834
4045 10 5824
4055 9 5815
4065 10 5805
4075 8 5797
4085 7 5790
4095 9 5781
4105 9 5772
4115 12 5760
4125 13 5747
4135 10 5737
4145 4 5733
4155 11 5722
4165 13 5709
4175 5 5704
4185 7 5697
4195 8 5689
4205 5 5684
4215 8 5676
4225 5 5671
4235 8 5663
4245 6 5657
4255 7 5650
4265 9 5641
4275 8 5633
4285 8 5625
4295 7 5618
4305 6 5612
4315 10 5602
4325 6 5596
4335 10 5586
4345 10 5576
4355 8 5568
4365 8 5560
4375 6 5554
4385 3 5551
4395 12 5539
4405 7 5532
4415 8 5524
4425 4 5520
4435 7 5513
4445 10 5503
4455 7 5496
4465 9 5487
4475 9 5478
4485 6 5472
4495 6 5466
4505 9 5457
4515 9 5448
4525 11 5437
4535 10 5427
4545 5 5422
4555 9 5413
4565 5 5408
4575 8 5400
4585 5 5395
4595 8 5387
4605 12 5375
4615 4 5371
4625 5 5366
4635 6 5360
4645 3 5357
4655 6 5351
4665 6 5345
4675 3 5342
4685 9 5333
4695 4 5329
4705 4 5325
4715 7 5318
4725 8 5310
4735 9 5301
4745 7 5294
4755 8 5286
4765 7 5279
4775 7 5272
4785 7 5265
4795 10 5255
4805 8 5247
4815 4 5243
4825 9 5234
4835 8 5226
4845 7 5219
4855 7 5212
4865 5 5207
4875 6 5201
4885 7 5194
4895 9 5185
4905 7 5178
4915 11 5167
4925 6 5161
4935 9 5152
4945 2 5150
4955 8 5142
4965 8 5134
4975 7 5127
4985 12 5115
4995 5 5110
5005 3 5107
5015 4 5103
5025 10 5093
5035 15 5078
5045 6 5072
5055 6 5066
5065 5 5061
5075 10 5051
5085 12 5039
5095 7 5032
5105 8 5024
5115 7 5017
5125 3 5014
5135 11 5003
5145 4 4999
5155 6 4993
5165 10 4983
5175 9 4974
5185 5 4969
5195 10 4959
5205 6 4953
5215 9 4944
5225 5 4939
5235 5 4934
5245 9 4925
5255 5 4920
5265 8 4912
5275 14 4898
5285 7 4891
5295 12 4879
5305 7 4872
5315 5 4867
5325 10 4857
5335 7 4850
5345 8 4842
5355 8 4834
5365 5 4829
5375 7 4822
5385 8 4814
5395 7 4807
5405 7 4800
5415 11 4789
5425 8 4781
5435 3 4778
5445 4 4774
5455 2 4772
5465 7 4765
5475 8 4757
5485 5 4752
5495 7 4745
5505 8 4737
5515 6 4731
5525 8 4723
5535 5 4718
5545 8 4710
5555 9 4701
5565 6 4695
5575 5 4690
5585 7 4683
5595 11 4672
5605 8 4664
5615 6 4658
5625 6 4652
5635 5 4647
5645 11 4636
5655 4 4632
5665 4 4628
5675 6 4622
5685 11 4611
5695 4 4607
5705 6 4601
5715 8 4593
5725 8 4585
5735 4 4581
5745 3 4578
5755 9 4569
5765 6 4563
5775 5 4558
5785 5 4553
5795 2 4551
5805 6 4545
5815 6 4539
5825 9 4530
5835 7 4523
5845 2 4521
5855 5 4516
5865 3 4513
5875 7 4506
5885 7 4499
5895 3 4496
5905 4 4492
5915 10 4482
5925 4 4478
5935 4 4474
5945 5 4469
5955 3 4466
5965 5 4461
5975 5 4456
5985 6 4450
5995 6 4444
6005 6 4438
6015 4 4434
6025 9 4425
6035 2 4423
6045 4 4419
6055 7 4412
6065 3 4409
6075 3 4406
6085 12 4394
6095 5 4389
6105 8 4381
6115 4 4377
6125 3 4374
6135 5 4369
6145 5 4364
6155 12 4352
6165 10 4342
6175 7 4335
6185 8 4327
6195 6 4321
6205 5 4316
6215 7 4309
6225 3 4306
6235 2 4304
6245 1 4303
6255 6 4297
6265 7 4290
6275 6 4284
6285 1 4283
6295 10 4273
6305 3 4270
6315 4 4266
6325 11 4255
6335 5 4250
6345 5 4245
6355 5 4240
6365 5 4235
6375 8 4227
6385 5 4222
6395 7 4215
6405 1 4214
6415 5 4209
6425 5 4204
6435 4 4200
6445 8 4192
6455 5 4187
6465 7 4180
6475 4 4176
6485 6 4170
6495 3 4167
6505 6 4161
6515 4 4157
6525 3 4154
6535 5 4149
6545 8 4141
6555 7 4134
6565 2 4132
6575 5 4127
6585 5 4122
6595 5 4117
6605 3 4114
6615 6 4108
6625 5 4103
6635 3 4100
6645 1 4099
6655 5 4094
6665 7 4087
6675 2 4085
6685 5 4080
6695 7 4073
6705 11 4062
6715 6 4056
6725 6 4050
6735 11 4039
6745 6 4033
6755 5 4028
6765 1 4027
6775 5 4022
6785 5 4017
6795 2 4015
6805 2 4013
6815 8 4005
6825 5 4000
6835 7 3993
6845 8 3985
6855 5 3980
6865 6 3974
6875 5 3969
6885 3 3966
6895 5 3961
6905 9 3952
6915 5 3947
6925 4 3943
6935 8 3935
6945 5 3930
6955 5 3925
6965 4 3921
6975 8 3913
6985 7 3906
6995 6 3900
7005 5 3895
7015 7 3888
7025 4 3884
7035 3 3881
7045 3 3878
7055 6 3872
7065 6 3866
7075 3 3863
7085 4 3859
7095 8 3851
7105 4 3847
7115 1 3846
7125 3 3843
7135 10 3833
7145 3 3830
7155 7 3823
7165 6 3817
7175 3 3814
7185 7 3807
7195 7 3800
7205 6 3794
7215 3 3791
7225 5 3786
7235 2 3784
7245 6 3778
7255 6 3772
7265 5 3767
7275 5 3762
7285 8 3754
7295 9 3745
7305 5 3740
7315 3 3737
7325 6 3731
7335 5 3726
7345 5 3721
7355 3 3718
7365 5 3713
7375 2 3711
7385 3 3708
7395 0 3708
7405 4 3704
7415 4 3700
7425 4 3696
7435 4 3692
7445 5 3687
7455 9 3678
7465 8 3670
7475 2 3668
7485 4 3664
7495 2 3662
7505 4 3658
7515 8 3650
7525 8 3642
7535 5 3637
7545 4 3633
7555 2 3631
7565 3 3628
7575 4 3624
7585 7 3617
7595 3 3614
7605 3 3611
7615 9 3602
7625 5 3597
7635 4 3593
7645 4 3589
7655 4 3585
7665 4 3581
7675 5 3576
7685 6 3570
7695 3 3567
7705 4 3563
7715 5 3558
7725 5 3553
7735 6 3547
7745 5 3542
7755 6 3536
7765 5 3531
7775 4 3527
7785 9 3518
7795 7 3511
7805 1 3510
7815 1 3509
7825 4 3505
7835 6 3499
7845 10 3489
7855 3 3486
7865 2 3484
7875 6 3478
7885 4 3474
7895 3 3471
7905 3 3468
7915 3 3465
7925 5 3460
7935 3 3457
7945 5 3452
7955 3 3449
7965 4 3445
7975 2 3443
7985 7 3436
7995 4 3432
8005 4 3428
8015 4 3424
8025 5 3419
8035 7 3412
8045 4 3408
8055 4 3404
8065 1 3403
8075 9 3394
8085 4 3390
8095 3 3387
8105 7 3380
8115 3 3377
8125 3 3374
8135 3 3371
8145 6 3365
8155 5 3360
8165 1 3359
8175 7 3352
8185 5 3347
8195 6 3341
8205 4 3337
8215 6 3331
8225 4 3327
8235 4 3323
8245 7 3316
8255 5 3311
8265 10 3301
8275 6 3295
8285 11 3284
8295 5 3279
8305 4 3275
8315 4 3271
8325 8 3263
8335 5 3258
8345 8 3250
8355 4 3246
8365 4 3242
8375 6 3236
8385 2 3234
8395 5 3229
8405 3 3226
8415 3 3223
8425 6 3217
8435 5 3212
8445 7 3205
8455 5 3200
8465 6 3194
8475 4 3190
8485 6 3184
8495 2 3182
8505 4 3178
8515 1 3177
8525 3 3174
8535 5 3169
8545 3 3166
8555 3 3163
8565 5 3158
8575 3 3155
8585 1 3154
8595 8 3146
8605 3 3143
8615 7 3136
8625 5 3131
8635 2 3129
8645 6 3123
8655 3 3120
8665 5 3115
8675 4 3111
8685 4 3107
8695 3 3104
8705 3 3101
8715 5 3096
8725 2 3094
8735 4 3090
8745 4 3086
8755 3 3083
8765 6 3077
8775 8 3069
8785 2 3067
8795 4 3063
8805 3 3060
8815 5 3055
8825 4 3051
8835 10 3041
8845 3 3038
8855 2 3036
8865 4 3032
8875 2 3030
8885 5 3025
8895 3 3022
8905 1 3021
8915 3 3018
8925 5 3013
8935 1 3012
8945 7 3005
8955 4 3001
8965 3 2998
8975 6 2992
8985 4 2988
8995 2 2986
9005 6 2980
9015 4 2976
9025 6 2970
9035 3 2967
9045 10 2957
9055 10 2947
9065 1 2946
9075 10 2936
9085 5 2931
9095 5 2926
9105 6 2920
9115 5 2915
9125 8 2907
9135 2 2905
9145 6 2899
9155 3 2896
9165 3 2893
9175 6 2887
9185 6 2881
9195 2 2879
9205 7 2872
9215 4 2868
9225 7 2861
9235 7 2854
9245 5 2849
9255 5 2844
9265 6 2838
9275 4 2834
9285 6 2828
9295 4 2824
9305 5 2819
9315 9 2810
9325 5 2805
9335 7 2798
9345 5 2793
9355 4 2789
9365 6 2783
9375 5 2778
9385 6 2772
9395 5 2767
9405 1 2766
9415 2 2764
9425 4 2760
9435 6 2754
9445 4 2750
9455 2 2748
9465 3 2745
9475 1 2744
9485 2 2742
9495 2 2740
9505 6 2734
9515 2 2732
9525 4 2728
9535 7 2721
9545 4 2717
9555 4 2713
9565 4 2709
9575 5 2704
9585 2 2702
9595 4 2698
9605 3 2695
9615 3 2692
9625 1 2691
9635 4 2687
9645 7 2680
9655 4 2676
9665 5 2671
9675 1 2670
9685 4 2666
9695 2 2664
9705 5 2659
9715 9 2650
9725 2 2648
9735 5 2643
9745 4 2639
9755 4 2635
9765 3 2632
9775 6 2626
9785 2 2624
9795 5 2619
9805 4 2615
9815 3 2612
9825 9 2603
9835 4 2599
9845 1 2598
9855 4 2594
9865 2 2592
9875 4 2588
9885 2 2586
9895 3 2583
9905 3 2580
9915 5 2575
9925 6 2569
9935 2 2567
9945 2 2565
9955 5 2560
9965 4 2556
9975 1 2555
9985 5 2550
9995 2 2548
