# t  x  y  z  vx  vy  vz  downrange
0  0  0  0  0  0  0  0
0  0.000579304  0  0.000579304  0.115862  0  0.115862  0
0.01  0.00231727  0  0.00231727  0.231733  0  0.231733  0
0.02  0.005214  0  0.005214  0.347613  0  0.347613  0
0.03  0.00926956  0  0.00926956  0.463501  0  0.463501  0
0.04  0.014484  0  0.014484  0.579398  0  0.579398  0
0.05  0.0208575  0  0.0208575  0.695303  0  0.695303  0
0.06  0.0283901  0  0.0283901  0.811217  0  0.811217  0
0.07  0.0370819  0  0.0370819  0.927139  0  0.927139  0
0.08  0.0469329  0  0.0469329  1.04307  0  1.04307  0
0.09  0.0579433  0  0.0579433  1.15901  0  1.15901  0
0.1  0.0701132  0  0.0701132  1.27496  0  1.27496  0
0.11  0.0834425  0  0.0834425  1.39091  0  1.39091  0
0.12  0.0979315  0  0.0979315  1.50688  0  1.50688  0.134408
0.13  0.11358  0  0.11358  1.62285  0  1.62285  0.134408
0.14  0.130389  0  0.130389  1.73884  0  1.73884  0
0.15  0.148357  0  0.148357  1.85483  0  1.85483  0.164616
0.16  0.167485  0  0.167485  1.97083  0  1.97083  0.164616
0.17  0.187773  0  0.187773  2.08684  0  2.08684  0.212518
0.18  0.209222  0  0.209222  2.20285  0  2.20285  0.212518
0.19  0.231831  0  0.231831  2.31888  0  2.31888  0.251455
0.2  0.255599  0  0.255599  2.43491  0  2.43491  0.251455
0.21  0.280529  0  0.280529  2.55095  0  2.55095  0.285123
0.22  0.306619  0  0.306619  2.667  0  2.667  0.300546
0.23  0.333869  0  0.333869  2.78306  0  2.78306  0.329232
0.24  0.36228  0  0.36228  2.89913  0  2.89913  0.355611
0.25  0.391852  0  0.391852  3.01521  0  3.01521  0.391864
0.26  0.422584  0  0.422584  3.13129  0  3.13129  0.435533
0.27  0.454477  0  0.454477  3.24739  0  3.24739  0.445782
0.28  0.487532  0  0.487532  3.36349  0  3.36349  0.484616
0.29  0.521747  0  0.521747  3.4796  0  3.4796  0.511812
0.3  0.557124  0  0.557124  3.59572  0  3.59572  0.562271
0.31  0.593662  0  0.593662  3.71184  0  3.71184  0.585873
0.32  0.631361  0  0.631361  3.82798  0  3.82798  0.623226
0.33  0.670221  0  0.670221  3.94412  0  3.94412  0.658464
0.34  0.710243  0  0.710243  4.06028  0  4.06028  0.704844
0.35  0.751427  0  0.751427  4.17644  0  4.17644  0.748354
0.36  0.793772  0  0.793772  4.29261  0  4.29261  0.800831
0.37  0.837279  0  0.837279  4.40879  0  4.40879  0.83938
0.38  0.881948  0  0.881948  4.52497  0  4.52497  0.881375
0.39  0.927778  0  0.927778  4.64117  0  4.64117  0.926346
0.4  0.974771  0  0.974771  4.75737  0  4.75737  0.978508
0.41  1.02293  0  1.02293  4.87359  0  4.87359  1.02362
0.42  1.07224  0  1.07224  4.98981  0  4.98981  1.07527
0.43  1.12272  0  1.12272  5.10604  0  5.10604  1.11648
0.44  1.17436  0  1.17436  5.22228  0  5.22228  1.17943
0.45  1.22717  0  1.22717  5.33852  0  5.33852  1.23187
0.46  1.28113  0  1.28113  5.45478  0  5.45478  1.27511
0.47  1.33626  0  1.33626  5.57104  0  5.57104  1.33397
0.48  1.39256  0  1.39256  5.68731  0  5.68731  1.39033
0.49  1.45001  0  1.45001  5.8036  0  5.78728  1.45385
0.5  1.50863  0  1.50797  5.92054  0  5.80499  1.51172
0.51  1.56842  0  1.56611  6.03846  0  5.82172  1.57034
0.52  1.6294  0  1.6244  6.15735  0  5.83747  1.62406
0.53  1.69157  0  1.68285  6.2772  0  5.85222  1.69216
0.54  1.75495  0  1.74144  6.39799  0  5.86598  1.75505
0.55  1.81954  0  1.80017  6.51972  0  5.87874  1.82073
0.56  1.88535  0  1.85902  6.64236  0  5.8905  1.88412
0.57  1.95239  0  1.91798  6.76592  0  5.90124  1.95239
0.58  2.02067  0  1.97704  6.89038  0  5.91098  2.01837
0.59  2.0902  0  2.03619  7.01572  0  5.9197  2.08874
0.6  2.16099  0  2.09543  7.14193  0  5.92741  2.15683
0.61  2.23304  0  2.15474  7.26901  0  5.93409  2.23296
0.62  2.30637  0  2.21411  7.39694  0  5.93975  2.30854
0.63  2.38098  0  2.27353  7.52571  0  5.94438  2.37793
0.64  2.45689  0  2.33299  7.65531  0  5.94799  2.45824
0.65  2.53409  0  2.39248  7.78572  0  5.95057  2.53423
0.66  2.6126  0  2.452  7.91693  0  5.95212  2.61665
0.67  2.69243  0  2.51152  8.04894  0  5.95263  2.6932
0.68  2.77358  0  2.57105  8.18173  0  5.95211  2.77579
0.69  2.85607  0  2.63056  8.31528  0  5.95056  2.85282
0.7  2.93989  0  2.69006  8.44959  0  5.94797  2.93706
0.71  3.02506  0  2.74952  8.58465  0  5.94434  3.02344
0.72  3.11159  0  2.80894  8.72044  0  5.93968  3.11178
0.73  3.19947  0  2.86831  8.85695  0  5.93398  3.20191
0.74  3.28873  0  2.92761  8.99417  0  5.92724  3.2882
0.75  3.37936  0  2.98685  9.13208  0  5.91946  3.38165
0.76  3.47137  0  3.046  9.27069  0  5.91065  3.47128
0.77  3.56478  0  3.10506  9.40997  0  5.9008  3.56626
0.78  3.65957  0  3.16401  9.54992  0  5.88991  3.65877
0.79  3.75578  0  3.22285  9.69051  0  5.87799  3.75382
0.8  3.85339  0  3.28157  9.83175  0  5.86503  3.85239
0.81  3.95241  0  3.34015  9.97363  0  5.85104  3.95307
0.82  4.05286  0  3.39859  10.1161  0  5.83602  4.05459
0.83  4.15474  0  3.45687  10.2592  0  5.81997  4.15472
0.84  4.25805  0  3.51498  10.4029  0  5.80289  4.2578
0.85  4.3628  0  3.57292  10.5472  0  5.78478  4.36258
0.86  4.46899  0  3.63067  10.6921  0  5.76564  4.46996
0.87  4.57664  0  3.68823  10.8375  0  5.74548  4.57779
0.88  4.68574  0  3.74558  10.9835  0  5.7243  4.68505
0.89  4.79631  0  3.80271  11.13  0  5.7021  4.79746
0.9  4.90835  0  3.85962  11.2771  0  5.67888  4.90821
0.91  5.02185  0  3.91629  11.4247  0  5.65465  5.02191
0.92  5.13684  0  3.97271  11.5728  0  5.6294  5.1375
0.93  5.25331  0  4.02887  11.7214  0  5.60315  5.25312
0.94  5.37127  0  4.08477  11.8705  0  5.57588  5.37213
0.95  5.49072  0  4.14039  12.0201  0  5.54762  5.49186
0.96  5.61167  0  4.19572  12.1701  0  5.51835  5.61226
0.97  5.73413  0  4.25075  12.3207  0  5.48808  5.73406
0.98  5.85809  0  4.30548  12.4716  0  5.45682  5.85873
0.99  5.98356  0  4.35988  12.6231  0  5.42457  5.98457
1  6.11055  0  4.41396  12.775  0  5.39133  6.11004
1.01  6.23906  0  4.46771  12.9273  0  5.35711  6.24023
1.02  6.3691  0  4.5211  13.08  0  5.3219  6.36917
1.03  6.50066  0  4.57414  13.2331  0  5.28572  6.49973
1.04  6.63376  0  4.62681  13.3866  0  5.24856  6.63316
1.05  6.7684  0  4.67911  13.5406  0  5.21043  6.7673
1.06  6.90457  0  4.73102  13.6949  0  5.17134  6.90472
1.07  7.0423  0  4.78253  13.8496  0  5.13128  7.04203
1.08  7.18157  0  4.83364  14.0046  0  5.09027  7.18174
1.09  7.32239  0  4.88434  14.1601  0  5.0483  7.32187
1.1  7.46477  0  4.9346  14.3158  0  5.00538  7.46542
1.11  7.60871  0  4.98444  14.4719  0  4.96151  7.60863
1.12  7.75421  0  5.03383  14.6284  0  4.9167  7.75386
1.13  7.90128  0  5.08277  14.7852  0  4.87096  7.90157
1.14  8.04991  0  5.13125  14.9423  0  4.82428  8.05049
1.15  8.20012  0  5.17925  15.0997  0  4.77667  8.19946
1.16  8.35191  0  5.22678  15.2574  0  4.72813  8.35281
1.17  8.50527  0  5.27381  15.4154  0  4.67868  8.50551
1.18  8.66022  0  5.32035  15.5737  0  4.62831  8.66022
1.19  8.81675  0  5.36638  15.7323  0  4.57702  8.81785
1.2  8.97487  0  5.41189  15.8912  0  4.52483  8.97472
1.21  9.13457  0  5.45687  16.0503  0  4.47174  9.13335
1.22  9.29587  0  5.50132  16.2097  0  4.41775  9.29558
1.23  9.45877  0  5.54522  16.3694  0  4.36286  9.45886
1.24  9.62326  0  5.58857  16.5293  0  4.30709  9.62359
1.25  9.78936  0  5.63136  16.6895  0  4.25043  9.78923
1.26  9.95705  0  5.67358  16.8499  0  4.19289  9.95711
1.27  10.1264  0  5.71522  17.0105  0  4.13448  10.1267
1.28  10.2973  0  5.75626  17.1713  0  4.07519  10.2969
1.29  10.4698  0  5.79672  17.3324  0  4.01504  10.4701
1.3  10.6439  0  5.83656  17.4937  0  3.95403  10.6433
1.31  10.8197  0  5.87579  17.6551  0  3.89216  10.8197
1.32  10.997  0  5.9144  17.8168  0  3.82944  10.9973
1.33  11.176  0  5.95238  17.9787  0  3.76587  11.1761
1.34  11.3566  0  5.98972  18.1408  0  3.70146  11.3565
1.35  11.5388  0  6.02641  18.303  0  3.63621  11.5388
1.36  11.7227  0  6.06244  18.4655  0  3.57013  11.7228
1.37  11.9081  0  6.09781  18.6281  0  3.50322  11.9079
1.38  12.0952  0  6.1325  18.7908  0  3.43548  12.0953
1.39  12.2839  0  6.16651  18.9537  0  3.36693  12.2839
1.4  12.4743  0  6.19984  19.1168  0  3.29756  12.4743
1.41  12.6663  0  6.23246  19.2801  0  3.22738  12.6658
1.42  12.8599  0  6.26438  19.4435  0  3.1564  12.8597
1.43  13.0551  0  6.29559  19.607  0  3.08462  13.0553
1.44  13.252  0  6.32607  19.7707  0  3.01204  13.2517
1.45  13.4506  0  6.35583  19.9345  0  2.93868  13.4502
1.46  13.6507  0  6.38484  20.0984  0  2.86452  13.6512
1.47  13.8525  0  6.41311  20.2624  0  2.78959  13.8525
1.48  14.056  0  6.44063  20.4266  0  2.71388  14.0558
1.49  14.2611  0  6.46739  20.5909  0  2.63739  14.2609
1.5  14.4678  0  6.49338  20.7553  0  2.56014  14.4675
1.51  14.6762  0  6.51859  20.9198  0  2.48213  14.6767
1.52  14.8862  0  6.54302  21.0844  0  2.40336  14.8866
1.53  15.0979  0  6.56665  21.2491  0  2.32383  15.0981
1.54  15.3112  0  6.58949  21.4139  0  2.24356  15.3114
1.55  15.5261  0  6.61152  21.5788  0  2.16254  15.5261
1.56  15.7427  0  6.63274  21.7438  0  2.08078  15.743
1.57  15.961  0  6.65314  21.9089  0  1.99829  15.961
1.58  16.1809  0  6.6727  22.074  0  1.91507  16.1807
1.59  16.4025  0  6.69143  22.2392  0  1.83112  16.4025
1.6  16.6257  0  6.70932  22.4045  0  1.74645  16.6254
1.61  16.8506  0  6.72636  22.5699  0  1.66106  16.8504
1.62  17.0771  0  6.74254  22.7353  0  1.57496  17.0765
1.63  17.3053  0  6.75786  22.9008  0  1.48815  17.3056
1.64  17.5351  0  6.7723  23.0663  0  1.40063  17.5348
1.65  17.7666  0  6.78587  23.2319  0  1.31242  17.7666
1.66  17.9998  0  6.79855  23.3976  0  1.22351  17.9994
1.67  18.2346  0  6.81034  23.5633  0  1.13391  18.2345
1.68  18.471  0  6.82122  23.729  0  1.04363  18.4708
1.69  18.7091  0  6.83121  23.8948  0  0.952659  18.7096
1.7  18.9489  0  6.84027  24.0606  0  0.861013  18.949
1.71  19.1904  0  6.84842  24.2265  0  0.768694  19.1903
1.72  19.4334  0  6.85565  24.3924  0  0.675705  19.4333
1.73  19.6782  0  6.86194  24.5583  0  0.582051  19.6783
1.74  19.9246  0  6.86729  24.7242  0  0.487737  19.9244
1.75  20.1727  0  6.87169  24.8902  0  0.392765  20.1722
1.76  20.4224  0  6.87514  25.0562  0  0.297141  20.4221
1.77  20.6738  0  6.87763  25.2222  0  0.200868  20.6738
1.78  20.9269  0  6.87915  25.3883  0  0.103951  20.9265
1.79  21.1816  0  6.87971  25.5543  0  0.00639348  21.1816
1.8  21.4379  0  6.87928  25.7204  0  -0.0918003  21.438
1.81  21.696  0  6.87787  25.8865  0  -0.190626  21.696
1.82  21.9557  0  6.87546  26.0526  0  -0.290081  21.9555
1.83  22.217  0  6.87206  26.2187  0  -0.39016  22.2169
1.84  22.4801  0  6.86766  26.3848  0  -0.490859  22.4802
1.85  22.7447  0  6.86224  26.5508  0  -0.592174  22.7448
1.86  23.0111  0  6.85581  26.7169  0  -0.694102  23.0111
1.87  23.2791  0  6.84836  26.883  0  -0.796639  23.2789
1.88  23.5487  0  6.83988  27.0491  0  -0.89978  23.5485
1.89  23.8201  0  6.83036  27.2152  0  -1.00352  23.8203
1.9  24.093  0  6.81981  27.3813  0  -1.10786  24.0929
1.91  24.3677  0  6.8082  27.5473  0  -1.21279  24.3676
1.92  24.644  0  6.79555  27.7134  0  -1.31832  24.6441
1.93  24.9219  0  6.78184  27.8794  0  -1.42443  24.922
1.94  25.2016  0  6.76706  28.0454  0  -1.53112  25.2017
1.95  25.4829  0  6.75121  28.2114  0  -1.63839  25.4829
1.96  25.7658  0  6.73429  28.3773  0  -1.74623  25.7654
1.97  26.0504  0  6.71628  28.5433  0  -1.85464  26.0505
1.98  26.3367  0  6.69719  28.7092  0  -1.96363  26.3365
1.99  26.6246  0  6.67701  28.8751  0  -2.07317  26.6244
2  26.9142  0  6.65573  29.041  0  -2.18328  26.9143
2.01  27.2054  0  6.63334  29.2068  0  -2.29395  27.2052
2.02  27.4983  0  6.60985  29.3726  0  -2.40516  27.4986
2.03  27.7929  0  6.58524  29.5384  0  -2.51693  27.7928
2.04  28.0891  0  6.55951  29.7041  0  -2.62925  28.0891
2.05  28.3869  0  6.53265  29.8698  0  -2.7421  28.3868
2.06  28.6865  0  6.50466  30.0355  0  -2.8555  28.6864
2.07  28.9876  0  6.47554  30.2011  0  -2.96943  28.9875
2.08  29.2905  0  6.44527  30.3667  0  -3.0839  29.2905
2.09  29.595  0  6.41386  30.5322  0  -3.1989  29.5949
2.1  29.9011  0  6.38129  30.6977  0  -3.31442  29.9011
2.11  30.2089  0  6.34757  30.8632  0  -3.43047  30.2086
2.12  30.5184  0  6.31268  31.0286  0  -3.54703  30.5187
2.13  30.8295  0  6.27663  31.194  0  -3.66411  30.8294
2.14  31.1423  0  6.2394  31.3593  0  -3.78171  31.1426
2.15  31.4567  0  6.20099  31.5245  0  -3.89981  31.4566
2.16  31.7728  0  6.1614  31.6897  0  -4.01842  31.7726
2.17  32.0905  0  6.12062  31.8549  0  -4.13754  32.0904
2.18  32.4099  0  6.07865  32.02  0  -4.25716  32.4097
2.19  32.7309  0  6.03548  32.1851  0  -4.37727  32.7309
2.2  33.0536  0  5.9911  32.3501  0  -4.49788  33.0537
2.21  33.3779  0  5.94552  32.515  0  -4.61898  33.3778
2.22  33.7039  0  5.89872  32.6799  0  -4.74057  33.7037
2.23  34.0315  0  5.8507  32.8447  0  -4.86264  34.0315
2.24  34.3608  0  5.80147  33.0095  0  -4.9852  34.3606
2.25  34.6917  0  5.751  33.1742  0  -5.10824  34.692
2.26  35.0242  0  5.6993  33.3389  0  -5.23175  35.024
2.27  35.3585  0  5.64636  33.5034  0  -5.35574  35.3584
2.28  35.6943  0  5.59218  33.668  0  -5.4802  35.6942
2.29  36.0318  0  5.53676  33.8324  0  -5.60512  36.0316
2.3  36.371  0  5.48008  33.9968  0  -5.73051  36.3709
2.31  36.7117  0  5.42214  34.1611  0  -5.85637  36.712
2.32  37.0542  0  5.36295  34.3254  0  -5.98268  37.0545
2.33  37.3983  0  5.30249  34.4896  0  -6.10945  37.3982
2.34  37.744  0  5.24076  34.6537  0  -6.23667  37.744
2.35  38.0913  0  5.17775  34.8177  0  -6.36434  38.0913
2.36  38.4403  0  5.11347  34.9817  0  -6.49246  38.4403
2.37  38.791  0  5.0479  35.1456  0  -6.62103  38.7909
2.38  39.1432  0  4.98105  35.3094  0  -6.75004  39.1433
2.39  39.4971  0  4.9129  35.4732  0  -6.87949  39.4972
2.4  39.8527  0  4.84346  35.6369  0  -7.00938  39.8526
2.41  40.2099  0  4.77271  35.8005  0  -7.1397  40.21
2.42  40.5687  0  4.70066  35.964  0  -7.27045  40.5686
2.43  40.9292  0  4.6273  36.1275  0  -7.40164  40.9291
2.44  41.2913  0  4.55263  36.2909  0  -7.53325  41.2913
2.45  41.655  0  4.47664  36.4542  0  -7.66529  41.655
2.46  42.0203  0  4.39932  36.6174  0  -7.79774  42.0202
2.47  42.3873  0  4.32068  36.7805  0  -7.93062  42.3874
2.48  42.756  0  4.24071  36.9436  0  -8.06392  42.7558
2.49  43.1262  0  4.1594  37.1066  0  -8.19762  43.126
2.5  43.4981  0  4.07675  37.2695  0  -8.33175  43.4982
2.51  43.8716  0  3.99276  37.4323  0  -8.46628  43.8714
2.52  44.2467  0  3.90743  37.595  0  -8.60122  44.2468
2.53  44.6235  0  3.82074  37.7577  0  -8.73656  44.6236
2.54  45.0019  0  3.73269  37.9203  0  -8.87231  45.0019
2.55  45.3819  0  3.64329  38.0828  0  -9.00846  45.3819
2.56  45.7635  0  3.55252  38.2452  0  -9.145  45.7634
2.57  46.1468  0  3.46039  38.4075  0  -9.28194  46.1466
2.58  46.5317  0  3.36688  38.5698  0  -9.41927  46.5315
2.59  46.9182  0  3.272  38.7319  0  -9.557  46.9182
2.6  47.3063  0  3.17574  38.894  0  -9.69511  47.3063
2.61  47.6961  0  3.0781  39.056  0  -9.83361  47.696
2.62  48.0874  0  2.97907  39.2178  0  -9.97249  48.0875
2.63  48.4804  0  2.87865  39.3796  0  -10.1118  48.4805
2.64  48.875  0  2.77683  39.5413  0  -10.2514  48.875
2.65  49.2713  0  2.67362  39.703  0  -10.3914  49.2711
2.66  49.6691  0  2.569  39.8645  0  -10.5318  49.669
2.67  50.0685  0  2.46298  40.0259  0  -10.6726  50.0685
2.68  50.4696  0  2.35555  40.1873  0  -10.8137  50.4695
2.69  50.8723  0  2.24671  40.3485  0  -10.9552  50.8724
2.7  51.2766  0  2.13644  40.5097  0  -11.0971  51.2767
2.71  51.6825  0  2.02476  40.6708  0  -11.2393  51.6824
2.72  52.09  0  1.91166  40.8318  0  -11.3819  52.0899
2.73  52.4991  0  1.79712  40.9927  0  -11.5249  52.4991
2.74  52.9099  0  1.68116  41.1535  0  -11.6682  52.9098
2.75  53.3222  0  1.56376  41.3142  0  -11.8119  53.3221
2.76  53.7361  0  1.44492  41.4748  0  -11.9559  53.7362
2.77  54.1517  0  1.32464  41.6353  0  -12.1003  54.1517
2.78  54.5688  0  1.20291  41.7957  0  -12.245  54.5689
2.79  54.9876  0  1.07974  41.956  0  -12.3901  54.9877
2.8  55.408  0  0.95511  42.1162  0  -12.5355  55.408
2.81  55.8299  0  0.829026  42.2763  0  -12.6813  55.83
2.82  56.2535  0  0.701483  42.4364  0  -12.8274  56.2535
2.83  56.6787  0  0.572478  42.5963  0  -12.9738  56.6786
2.84  57.1054  0  0.442006  42.7561  0  -13.1206  57.1055
2.85  57.5338  0  0.310065  42.9158  0  -13.2677  57.5338
2.86  57.9637  0  0.176651  43.0755  0  -13.4152  57.9638
2.87  58.3953  0  0.0417605  43.235  0  -13.5629  58.3953
2.88  58.8284  0  -0.0946091  43.3944  0  -13.711  58.8284
