# t  x  y  z  vx  vy  vz  downrange
0  0  0  0  0  0  0  0
0  0.00040963  0  0.0007095  0.081927  0  0.141902  0
0.01  0.00163856  0  0.00283807  0.16386  0  0.283814  0
0.02  0.00368685  0  0.00638582  0.245799  0  0.425737  0
0.03  0.00655457  0  0.0113528  0.327745  0  0.56767  0
0.04  0.0102418  0  0.0177393  0.409696  0  0.709614  0
0.05  0.0147485  0  0.0255452  0.491653  0  0.851569  0
0.06  0.0200749  0  0.0347707  0.573617  0  0.993534  0
0.07  0.0262209  0  0.0454159  0.655586  0  1.13551  0
0.08  0.0331866  0  0.0574809  0.737562  0  1.27749  0
0.09  0.0409721  0  0.0709658  0.819544  0  1.41949  0
0.1  0.0495775  0  0.0858707  0.901531  0  1.5615  0
0.11  0.0590028  0  0.102196  0.983525  0  1.70352  0
0.12  0.069248  0  0.119941  1.06553  0  1.84554  0
0.13  0.0803133  0  0.139107  1.14753  0  1.98758  0.134408
0.14  0.0921987  0  0.159693  1.22954  0  2.12963  0.134408
0.15  0.104904  0  0.181699  1.31156  0  2.27169  0.134408
0.16  0.11843  0  0.205127  1.39359  0  2.41376  0.134408
0.17  0.132776  0  0.229975  1.47562  0  2.55584  0.134408
0.18  0.147942  0  0.256243  1.55765  0  2.69793  0.164616
0.19  0.163929  0  0.283933  1.63969  0  2.84003  0.134408
0.2  0.180736  0  0.313044  1.72174  0  2.98214  0.164616
0.21  0.198364  0  0.343576  1.8038  0  3.12427  0.164616
0.22  0.216812  0  0.37553  1.88586  0  3.2664  0.212518
0.23  0.236081  0  0.408904  1.96792  0  3.40854  0.212518
0.24  0.256171  0  0.4437  2.05  0  3.5507  0.251455
0.25  0.277081  0  0.479918  2.13207  0  3.69286  0.285123
0.26  0.298812  0  0.517558  2.21416  0  3.83503  0.300546
0.27  0.321364  0  0.556619  2.29625  0  3.97722  0.329232
0.28  0.344737  0  0.597102  2.37834  0  4.11941  0.329232
0.29  0.368931  0  0.639007  2.46045  0  4.26162  0.355611
0.3  0.393946  0  0.682334  2.54256  0  4.40384  0.391864
0.31  0.419782  0  0.727084  2.62467  0  4.54606  0.414275
0.32  0.446439  0  0.773256  2.70679  0  4.6883  0.435533
0.33  0.473918  0  0.82085  2.78892  0  4.83055  0.465604
0.34  0.502218  0  0.869867  2.87105  0  4.9728  0.50291
0.35  0.531339  0  0.920306  2.95319  0  5.11507  0.511812
0.36  0.561282  0  0.972168  3.03533  0  5.25735  0.570247
0.37  0.592046  0  1.02545  3.11748  0  5.39964  0.601093
0.38  0.623631  0  1.08016  3.19964  0  5.54194  0.623226
0.39  0.656039  0  1.13629  3.2818  0  5.68425  0.651569
0.4  0.689267  0  1.19385  3.36397  0  5.82657  0.685351
0.41  0.723318  0  1.25282  3.44615  0  5.9689  0.730025
0.42  0.75819  0  1.31322  3.52833  0  6.11124  0.760329
0.43  0.793885  0  1.37505  3.61052  0  6.2536  0.800831
0.44  0.830401  0  1.4383  3.69271  0  6.39596  0.828549
0.45  0.867739  0  1.50297  3.77491  0  6.53833  0.85537
0.46  0.905899  0  1.56906  3.85711  0  6.68072  0.901639
0.47  0.944881  0  1.63658  3.93932  0  6.82311  0.945647
0.48  0.984685  0  1.70553  4.02154  0  6.96551  0.992258
0.49  1.02531  0  1.77589  4.10377  0  7.09161  1.03241
0.5  1.06676  0  1.84703  4.18656  0  7.13579  1.06683
0.51  1.10905  0  1.91861  4.27021  0  7.17948  1.11243
0.52  1.15217  0  1.99062  4.35472  0  7.22268  1.15231
0.53  1.19614  0  2.06306  4.44008  0  7.26537  1.19086
0.54  1.24097  0  2.13592  4.52628  0  7.30757  1.23918
0.55  1.28667  0  2.20921  4.61333  0  7.34925  1.2927
0.56  1.33324  0  2.28291  4.70122  0  7.39042  1.33397
0.57  1.3807  0  2.35701  4.78996  0  7.43107  1.38055
0.58  1.42905  0  2.43153  4.87953  0  7.4712  1.42562
0.59  1.47829  0  2.50644  4.96993  0  7.5108  1.47849
0.6  1.52845  0  2.58174  5.06116  0  7.54986  1.52954
0.61  1.57952  0  2.65743  5.15322  0  7.58838  1.5818
0.62  1.63151  0  2.73351  5.2461  0  7.62636  1.62962
0.63  1.68444  0  2.80996  5.33981  0  7.66379  1.68145
0.64  1.73831  0  2.88678  5.43432  0  7.70067  1.74213
0.65  1.79313  0  2.96397  5.52966  0  7.73698  1.79323
0.66  1.84891  0  3.04152  5.6258  0  7.77274  1.85025
0.67  1.90565  0  3.11942  5.72275  0  7.80792  1.90794
0.68  1.96337  0  3.19767  5.82049  0  7.84254  1.96163
0.69  2.02206  0  3.27627  5.91904  0  7.87657  2.01837
0.7  2.08175  0  3.3552  6.01838  0  7.91003  2.08441
0.71  2.14243  0  3.43447  6.11851  0  7.9429  2.14633
0.72  2.20412  0  3.51406  6.21942  0  7.97518  2.20446
0.73  2.26682  0  3.59397  6.32112  0  8.00687  2.26708
0.74  2.33055  0  3.6742  6.42359  0  8.03796  2.3319
0.75  2.3953  0  3.75473  6.52683  0  8.06845  2.39496
0.76  2.46109  0  3.83556  6.63084  0  8.09834  2.46191
0.77  2.52792  0  3.91669  6.73562  0  8.12761  2.52709
0.78  2.5958  0  3.99811  6.84115  0  8.15628  2.59586
0.79  2.66474  0  4.07982  6.94744  0  8.18432  2.66624
0.8  2.73475  0  4.1618  7.05448  0  8.21175  2.73315
0.81  2.80584  0  4.24405  7.16226  0  8.23855  2.80653
0.82  2.878  0  4.32657  7.27079  0  8.26472  2.87804
0.83  2.95125  0  4.40934  7.38005  0  8.29027  2.9524
0.84  3.0256  0  4.49237  7.49004  0  8.31518  3.02344
0.85  3.10106  0  4.57564  7.60075  0  8.33945  3.10306
0.86  3.17762  0  4.65916  7.71219  0  8.36308  3.175
0.87  3.2553  0  4.7429  7.82434  0  8.38607  3.25507
0.88  3.33411  0  4.82688  7.9372  0  8.40842  3.33322
0.89  3.41405  0  4.91107  8.05077  0  8.43011  3.41355
0.9  3.49513  0  4.99548  8.16504  0  8.45116  3.49333
0.91  3.57735  0  5.08009  8.28  0  8.47154  3.57764
0.92  3.66073  0  5.1649  8.39566  0  8.49128  3.66124
0.93  3.74527  0  5.24991  8.512  0  8.51035  3.74539
0.94  3.83097  0  5.33511  8.62902  0  8.52876  3.83005
0.95  3.91785  0  5.42049  8.74671  0  8.5465  3.91864
0.96  4.00591  0  5.50604  8.86508  0  8.56358  4.00641
0.97  4.09516  0  5.59176  8.98411  0  8.57998  4.0945
0.98  4.18559  0  5.67763  9.10379  0  8.59572  4.18505
0.99  4.27723  0  5.76367  9.22413  0  8.61078  4.27791
1  4.37008  0  5.84985  9.34512  0  8.62517  4.36982
1.01  4.46414  0  5.93617  9.46675  0  8.63887  4.46491
1.02  4.55942  0  6.02262  9.58902  0  8.6519  4.559
1.03  4.65592  0  6.1092  9.71192  0  8.66425  4.65701
1.04  4.75366  0  6.19591  9.83545  0  8.67591  4.75301
1.05  4.85263  0  6.28272  9.9596  0  8.68689  4.85268
1.06  4.95285  0  6.36964  10.0844  0  8.69718  4.95309
1.07  5.05432  0  6.45666  10.2097  0  8.70678  5.0524
1.08  5.15705  0  6.54377  10.3357  0  8.71569  5.1568
1.09  5.26104  0  6.63097  10.4623  0  8.72392  5.26171
1.1  5.3663  0  6.71825  10.5895  0  8.73145  5.36625
1.11  5.47283  0  6.8056  10.7172  0  8.73828  5.47291
1.12  5.58064  0  6.89301  10.8456  0  8.74442  5.57997
1.13  5.68974  0  6.98049  10.9745  0  8.74987  5.68978
1.14  5.80013  0  7.06801  11.104  0  8.75462  5.8014
1.15  5.91182  0  7.15558  11.234  0  8.75867  5.91091
1.16  6.02482  0  7.24318  11.3646  0  8.76202  6.02444
1.17  6.13912  0  7.33081  11.4958  0  8.76467  6.1388
1.18  6.25473  0  7.41847  11.6275  0  8.76662  6.25613
1.19  6.37167  0  7.50614  11.7598  0  8.76787  6.3713
1.2  6.48993  0  7.59383  11.8926  0  8.76842  6.4893
1.21  6.60952  0  7.68151  12.026  0  8.76827  6.60997
1.22  6.73045  0  7.76919  12.1598  0  8.76741  6.73049
1.23  6.85272  0  7.85686  12.2942  0  8.76585  6.85219
1.24  6.97634  0  7.9445  12.4291  0  8.76359  6.9763
1.25  7.10131  0  8.03213  12.5645  0  8.76063  7.10078
1.26  7.22763  0  8.11971  12.7005  0  8.75695  7.2275
1.27  7.35532  0  8.20726  12.8369  0  8.75258  7.3551
1.28  7.48437  0  8.29476  12.9738  0  8.7475  7.48415
1.29  7.6148  0  8.38221  13.1112  0  8.74171  7.61457
1.3  7.7466  0  8.4696  13.2491  0  8.73522  7.74687
1.31  7.87978  0  8.55691  13.3875  0  8.72803  7.87925
1.32  8.01435  0  8.64415  13.5264  0  8.72013  8.01451
1.33  8.15031  0  8.73131  13.6657  0  8.71152  8.14974
1.34  8.28766  0  8.81838  13.8055  0  8.70222  8.28767
1.35  8.42642  0  8.90535  13.9457  0  8.6922  8.42602
1.36  8.56658  0  8.99222  14.0864  0  8.68149  8.56583
1.37  8.70815  0  9.07898  14.2276  0  8.67007  8.70807
1.38  8.85113  0  9.16562  14.3691  0  8.65795  8.85108
1.39  8.99553  0  9.25214  14.5112  0  8.64513  8.99483
1.4  9.14136  0  9.33852  14.6536  0  8.6316  9.14125
1.41  9.28861  0  9.42477  14.7965  0  8.61738  9.28878
1.42  9.43729  0  9.51087  14.9398  0  8.60245  9.43735
1.43  9.58741  0  9.59681  15.0836  0  8.58682  9.58738
1.44  9.73896  0  9.6826  15.2277  0  8.57049  9.73881
1.45  9.89196  0  9.76822  15.3723  0  8.55347  9.89158
1.46  10.0464  0  9.85367  15.5172  0  8.53575  10.047
1.47  10.2023  0  9.93893  15.6626  0  8.51733  10.2018
1.48  10.3597  0  10.024  15.8083  0  8.49821  10.359
1.49  10.5185  0  10.1089  15.9544  0  8.4784  10.5187
1.5  10.6788  0  10.1936  16.1009  0  8.45789  10.6793
1.51  10.8405  0  10.2781  16.2478  0  8.43669  10.8397
1.52  11.0037  0  10.3623  16.3951  0  8.4148  11.0034
1.53  11.1684  0  10.4463  16.5427  0  8.39222  11.1684
1.54  11.3346  0  10.5302  16.6907  0  8.36894  11.3342
1.55  11.5022  0  10.6137  16.8391  0  8.34498  11.5019
1.56  11.6713  0  10.697  16.9878  0  8.32033  11.6711
1.57  11.842  0  10.7801  17.1369  0  8.29499  11.8421
1.58  12.0141  0  10.8629  17.2863  0  8.26897  12.0136
1.59  12.1877  0  10.9455  17.436  0  8.24227  12.1879
1.6  12.3628  0  11.0278  17.5861  0  8.21488  12.363
1.61  12.5394  0  11.1098  17.7366  0  8.18681  12.5393
1.62  12.7175  0  11.1915  17.8873  0  8.15806  12.7174
1.63  12.8972  0  11.273  18.0384  0  8.12863  12.8969
1.64  13.0783  0  11.3541  18.1898  0  8.09852  13.0784
1.65  13.261  0  11.4349  18.3415  0  8.06774  13.2612
1.66  13.4451  0  11.5154  18.4935  0  8.03629  13.4449
1.67  13.6308  0  11.5956  18.6458  0  8.00416  13.6307
1.68  13.8181  0  11.6755  18.7985  0  7.97136  13.8179
1.69  14.0068  0  11.7551  18.9514  0  7.9379  14.0066
1.7  14.1971  0  11.8343  19.1046  0  7.90376  14.1968
1.71  14.3889  0  11.9131  19.2581  0  7.86896  14.3892
1.72  14.5822  0  11.9917  19.4119  0  7.83349  14.5822
1.73  14.7771  0  12.0698  19.566  0  7.79736  14.777
1.74  14.9736  0  12.1476  19.7203  0  7.76057  14.974
1.75  15.1715  0  12.225  19.8749  0  7.72312  15.1715
1.76  15.3711  0  12.3021  20.0298  0  7.68501  15.3708
1.77  15.5721  0  12.3787  20.185  0  7.64624  15.572
1.78  15.7748  0  12.455  20.3404  0  7.60682  15.7748
1.79  15.979  0  12.5309  20.4961  0  7.56675  15.9791
1.8  16.1847  0  12.6063  20.652  0  7.52602  16.1849
1.81  16.392  0  12.6814  20.8082  0  7.48465  16.3918
1.82  16.6009  0  12.756  20.9646  0  7.44263  16.6007
1.83  16.8113  0  12.8302  21.1213  0  7.39997  16.811
1.84  17.0233  0  12.904  21.2782  0  7.35666  17.023
1.85  17.2369  0  12.9774  21.4353  0  7.31271  17.2373
1.86  17.452  0  13.0503  21.5927  0  7.26813  17.4516
1.87  17.6687  0  13.1227  21.7503  0  7.2229  17.6687
1.88  17.887  0  13.1947  21.9082  0  7.17704  17.8872
1.89  18.1069  0  13.2663  22.0662  0  7.13055  18.1065
1.9  18.3283  0  13.3373  22.2245  0  7.08342  18.3286
1.91  18.5514  0  13.4079  22.383  0  7.03567  18.551
1.92  18.776  0  13.478  22.5416  0  6.98729  18.7763
1.93  19.0022  0  13.5477  22.7005  0  6.93828  19.002
1.94  19.23  0  13.6168  22.8597  0  6.88865  19.2296
1.95  19.4594  0  13.6854  23.019  0  6.8384  19.4591
1.96  19.6904  0  13.7536  23.1785  0  6.78753  19.6903
1.97  19.923  0  13.8212  23.3382  0  6.73604  19.9224
1.98  20.1571  0  13.8883  23.498  0  6.68394  20.1572
1.99  20.3929  0  13.9549  23.6581  0  6.63122  20.3929
2  20.6303  0  14.0209  23.8184  0  6.57789  20.6303
2.01  20.8693  0  14.0864  23.9788  0  6.52395  20.869
2.02  21.1099  0  14.1514  24.1394  0  6.4694  21.1098
2.03  21.3521  0  14.2158  24.3002  0  6.41425  21.3523
2.04  21.5959  0  14.2797  24.4612  0  6.3585  21.5957
2.05  21.8413  0  14.343  24.6223  0  6.30214  21.8415
2.06  22.0883  0  14.4057  24.7836  0  6.24519  22.0886
2.07  22.337  0  14.4679  24.9451  0  6.18764  22.3369
2.08  22.5872  0  14.5295  25.1067  0  6.12949  22.5872
2.09  22.8391  0  14.5905  25.2685  0  6.07076  22.8391
2.1  23.0926  0  14.6509  25.4304  0  6.01143  23.0924
2.11  23.3477  0  14.7107  25.5925  0  5.95152  23.3478
2.12  23.6045  0  14.7699  25.7547  0  5.89102  23.6045
2.13  23.8628  0  14.8285  25.9171  0  5.82994  23.8629
2.14  24.1228  0  14.8865  26.0796  0  5.76827  24.1227
2.15  24.3844  0  14.9439  26.2423  0  5.70603  24.3847
2.16  24.6476  0  15.0006  26.4051  0  5.64321  24.6477
2.17  24.9125  0  15.0567  26.568  0  5.57981  24.9124
2.18  25.179  0  15.1122  26.7311  0  5.51584  25.1791
2.19  25.4471  0  15.167  26.8943  0  5.45131  25.4472
2.2  25.7169  0  15.2212  27.0577  0  5.3862  25.7172
2.21  25.9883  0  15.2748  27.2211  0  5.32053  25.9883
2.22  26.2613  0  15.3276  27.3847  0  5.25429  26.2613
2.23  26.536  0  15.3799  27.5484  0  5.18749  26.5362
2.24  26.8123  0  15.4314  27.7123  0  5.12013  26.8124
2.25  27.0902  0  15.4823  27.8762  0  5.05221  27.0904
2.26  27.3698  0  15.5324  28.0403  0  4.98374  27.3699
2.27  27.651  0  15.5819  28.2044  0  4.91472  27.6509
2.28  27.9339  0  15.6307  28.3687  0  4.84514  27.9338
2.29  28.2184  0  15.6788  28.5331  0  4.77501  28.2184
2.3  28.5046  0  15.7262  28.6976  0  4.70434  28.5046
2.31  28.7924  0  15.7729  28.8622  0  4.63313  28.7923
2.32  29.0818  0  15.8189  29.0269  0  4.56137  29.0818
2.33  29.3729  0  15.8641  29.1916  0  4.48907  29.3726
2.34  29.6656  0  15.9087  29.3565  0  4.41623  29.6656
2.35  29.96  0  15.9525  29.5215  0  4.34286  29.9598
2.36  30.2561  0  15.9955  29.6866  0  4.26895  30.2559
2.37  30.5538  0  16.0378  29.8517  0  4.19451  30.5538
2.38  30.8531  0  16.0794  30.017  0  4.11954  30.8532
2.39  31.1541  0  16.1202  30.1823  0  4.04404  31.1543
2.4  31.4567  0  16.1603  30.3477  0  3.96802  31.4566
2.41  31.7611  0  16.1996  30.5132  0  3.89147  31.7611
2.42  32.067  0  16.2381  30.6788  0  3.8144  32.067
2.43  32.3746  0  16.2759  30.8444  0  3.73682  32.3747
2.44  32.6839  0  16.3129  31.0101  0  3.65871  32.6836
2.45  32.9948  0  16.349  31.1759  0  3.5801  32.9945
2.46  33.3074  0  16.3845  31.3418  0  3.50097  33.3073
2.47  33.6217  0  16.4191  31.5077  0  3.42133  33.6215
2.48  33.9376  0  16.4529  31.6737  0  3.34118  33.9374
2.49  34.2551  0  16.4859  31.8398  0  3.26052  34.255
2.5  34.5744  0  16.5181  32.0059  0  3.17936  34.5743
2.51  34.8953  0  16.5495  32.1721  0  3.0977  34.8954
2.52  35.2178  0  16.58  32.3384  0  3.01554  35.2178
2.53  35.542  0  16.6098  32.5047  0  2.93288  35.5419
2.54  35.8679  0  16.6387  32.6711  0  2.84972  35.868
2.55  36.1954  0  16.6668  32.8375  0  2.76607  36.1954
2.56  36.5247  0  16.694  33.004  0  2.68193  36.5246
2.57  36.8555  0  16.7204  33.1705  0  2.5973  36.8555
2.58  37.1881  0  16.746  33.3371  0  2.51218  37.1878
2.59  37.5223  0  16.7707  33.5038  0  2.42658  37.522
2.6  37.8581  0  16.7945  33.6705  0  2.34049  37.858
2.61  38.1957  0  16.8175  33.8372  0  2.25392  38.1955
2.62  38.5349  0  16.8396  34.004  0  2.16687  38.5347
2.63  38.8758  0  16.8608  34.1708  0  2.07934  38.8758
2.64  39.2183  0  16.8811  34.3377  0  1.99134  39.2182
2.65  39.5625  0  16.9006  34.5046  0  1.90287  39.5624
2.66  39.9084  0  16.9192  34.6715  0  1.81392  39.9082
2.67  40.2559  0  16.9369  34.8385  0  1.7245  40.2558
2.68  40.6052  0  16.9537  35.0055  0  1.63462  40.6051
2.69  40.9561  0  16.9696  35.1726  0  1.54427  40.9559
2.7  41.3086  0  16.9846  35.3397  0  1.45345  41.3085
2.71  41.6628  0  16.9987  35.5068  0  1.36218  41.6627
2.72  42.0188  0  17.0118  35.6739  0  1.27044  42.0187
2.73  42.3763  0  17.0241  35.8411  0  1.17825  42.3763
2.74  42.7356  0  17.0354  36.0083  0  1.0856  42.7353
2.75  43.0965  0  17.0458  36.1756  0  0.9925  43.0963
2.76  43.4591  0  17.0552  36.3428  0  0.898945  43.4589
2.77  43.8234  0  17.0638  36.5101  0  0.80494  43.8231
2.78  44.1893  0  17.0713  36.6774  0  0.710487  44.1892
2.79  44.5569  0  17.078  36.8448  0  0.615588  44.5567
2.8  44.9262  0  17.0836  37.0121  0  0.520244  44.9261
2.81  45.2971  0  17.0884  37.1795  0  0.424458  45.2968
2.82  45.6698  0  17.0921  37.3469  0  0.328232  45.6696
2.83  46.0441  0  17.0949  37.5143  0  0.231566  46.044
2.84  46.4201  0  17.0968  37.6817  0  0.134464  46.4198
2.85  46.7977  0  17.0976  37.8491  0  0.0369265  46.7976
2.86  47.177  0  17.0975  38.0166  0  -0.061044  47.177
2.87  47.558  0  17.0964  38.184  0  -0.159446  47.558
2.88  47.9407  0  17.0943  38.3515  0  -0.258277  47.9407
2.89  48.3251  0  17.0912  38.519  0  -0.357536  48.325
2.9  48.7111  0  17.0872  38.6865  0  -0.457221  48.7109
2.91  49.0988  0  17.0821  38.854  0  -0.55733  49.0987
2.92  49.4882  0  17.076  39.0215  0  -0.657861  49.4881
2.93  49.8792  0  17.0689  39.189  0  -0.758812  49.8792
2.94  50.272  0  17.0608  39.3565  0  -0.860183  50.2719
2.95  50.6664  0  17.0517  39.524  0  -0.96197  50.6661
2.96  51.0624  0  17.0416  39.6915  0  -1.06417  51.0624
2.97  51.4602  0  17.0304  39.8591  0  -1.16679  51.4602
2.98  51.8596  0  17.0182  40.0266  0  -1.26981  51.8594
2.99  52.2607  0  17.005  40.1941  0  -1.37325  52.2605
3  52.6635  0  16.9908  40.3616  0  -1.4771  52.6634
3.01  53.068  0  16.9755  40.5292  0  -1.58135  53.068
3.02  53.4741  0  16.9592  40.6967  0  -1.686  53.4739
3.03  53.8819  0  16.9418  40.8642  0  -1.79106  53.8818
3.04  54.2914  0  16.9233  41.0317  0  -1.89652  54.2913
3.05  54.7025  0  16.9038  41.1992  0  -2.00238  54.7024
3.06  55.1154  0  16.8833  41.3667  0  -2.10864  55.1153
3.07  55.5299  0  16.8617  41.5342  0  -2.21529  55.5296
3.08  55.946  0  16.839  41.7017  0  -2.32234  55.9459
3.09  56.3639  0  16.8152  41.8692  0  -2.42978  56.3637
3.1  56.7834  0  16.7904  42.0366  0  -2.53761  56.7834
3.11  57.2046  0  16.7645  42.2041  0  -2.64583  57.2045
3.12  57.6275  0  16.7375  42.3715  0  -2.75444  57.6274
3.13  58.0521  0  16.7094  42.539  0  -2.86344  58.0519
3.14  58.4783  0  16.6802  42.7064  0  -2.97282  58.4782
3.15  58.9062  0  16.6499  42.8738  0  -3.08258  58.9059
3.16  59.3358  0  16.6185  43.0412  0  -3.19272  59.3356
3.17  59.767  0  16.5861  43.2086  0  -3.30325  59.7669
3.18  60.1999  0  16.5525  43.3759  0  -3.41415  60.1998
3.19  60.6345  0  16.5178  43.5433  0  -3.52543  60.6344
3.2  61.0708  0  16.482  43.7106  0  -3.63708  61.0705
3.21  61.5087  0  16.445  43.8779  0  -3.74911  61.5086
3.22  61.9484  0  16.407  44.0452  0  -3.8615  61.9482
3.23  62.3896  0  16.3678  44.2125  0  -3.97427  62.3895
3.24  62.8326  0  16.3275  44.3797  0  -4.08741  62.8324
3.25  63.2772  0  16.286  44.5469  0  -4.20091  63.2771
3.26  63.7235  0  16.2435  44.7141  0  -4.31478  63.7235
3.27  64.1715  0  16.1998  44.8813  0  -4.42901  64.1712
3.28  64.6212  0  16.1549  45.0485  0  -4.54361  64.621
3.29  65.0725  0  16.1089  45.2156  0  -4.65857  65.0723
3.3  65.5255  0  16.0617  45.3827  0  -4.77388  65.5253
3.31  65.9801  0  16.0134  45.5498  0  -4.88956  65.9799
3.32  66.4365  0  15.9639  45.7169  0  -5.00559  66.4362
3.33  66.8945  0  15.9133  45.884  0  -5.12198  66.8943
3.34  67.3542  0  15.8615  46.051  0  -5.23872  67.3539
3.35  67.8155  0  15.8085  46.218  0  -5.35581  67.8153
3.36  68.2785  0  15.7544  46.385  0  -5.47326  68.2784
3.37  68.7432  0  15.699  46.552  0  -5.59105  68.7431
3.38  69.2096  0  15.6425  46.7189  0  -5.70919  69.2094
3.39  69.6776  0  15.5849  46.8858  0  -5.82768  69.6774
3.4  70.1473  0  15.526  47.0527  0  -5.94651  70.1472
3.41  70.6186  0  15.4659  47.2195  0  -6.06569  70.6184
3.42  71.0917  0  15.4047  47.3863  0  -6.18521  71.0914
3.43  71.5664  0  15.3422  47.5531  0  -6.30507  71.5662
3.44  72.0427  0  15.2786  47.7198  0  -6.42526  72.0425
3.45  72.5208  0  15.2137  47.8865  0  -6.5458  72.5206
3.46  73.0005  0  15.1477  48.0532  0  -6.66667  73.0002
3.47  73.4818  0  15.0804  48.2198  0  -6.78788  73.4816
3.48  73.9649  0  15.0119  48.3864  0  -6.90942  73.9648
3.49  74.4495  0  14.9422  48.553  0  -7.03129  74.4493
3.5  74.9359  0  14.8713  48.7195  0  -7.15349  74.9357
3.51  75.4239  0  14.7991  48.886  0  -7.27602  75.4237
3.52  75.9136  0  14.7257  49.0525  0  -7.39888  75.9135
3.53  76.405  0  14.6511  49.2189  0  -7.52207  76.4048
3.54  76.898  0  14.5753  49.3853  0  -7.64558  76.8979
3.55  77.3927  0  14.4982  49.5517  0  -7.76942  77.3925
3.56  77.889  0  14.4199  49.718  0  -7.89358  77.8888
3.57  78.3871  0  14.3404  49.8842  0  -8.01806  78.387
3.58  78.8867  0  14.2596  50.0505  0  -8.14286  78.8866
3.59  79.3881  0  14.1775  50.2167  0  -8.26797  79.388
3.6  79.8911  0  14.0942  50.3828  0  -8.39341  79.8908
3.61  80.3957  0  14.0096  50.5489  0  -8.51916  80.3955
3.62  80.902  0  13.9238  50.715  0  -8.64524  80.9019
3.63  81.41  0  13.8367  50.8811  0  -8.77162  81.41
3.64  81.9197  0  13.7484  51.0472  0  -8.89833  81.9195
3.65  82.431  0  13.6588  51.2131  0  -9.02534  82.4308
3.66  82.9439  0  13.5679  51.3791  0  -9.15266  82.9437
3.67  83.4585  0  13.4757  51.545  0  -9.28029  83.4584
3.68  83.9748  0  13.3823  51.7109  0  -9.40823  83.9746
3.69  84.4928  0  13.2875  51.8767  0  -9.53647  84.4926
3.7  85.0124  0  13.1915  52.0424  0  -9.66502  85.0122
3.71  85.5336  0  13.0942  52.2082  0  -9.79387  85.5334
3.72  86.0565  0  12.9957  52.3739  0  -9.92302  86.0564
3.73  86.5811  0  12.8958  52.5395  0  -10.0525  86.5809
3.74  87.1073  0  12.7946  52.7051  0  -10.1822  87.1072
3.75  87.6352  0  12.6921  52.8706  0  -10.3123  87.6351
3.76  88.1647  0  12.5884  53.0361  0  -10.4426  88.1644
3.77  88.6959  0  12.4833  53.2016  0  -10.5733  88.6958
3.78  89.2288  0  12.3769  53.367  0  -10.7042  89.2287
3.79  89.7633  0  12.2692  53.5323  0  -10.8355  89.763
3.8  90.2994  0  12.1602  53.6976  0  -10.967  90.2992
3.81  90.8372  0  12.0498  53.8629  0  -11.0988  90.837
3.82  91.3767  0  11.9382  54.0281  0  -11.2309  91.3765
3.83  91.9178  0  11.8252  54.1933  0  -11.3633  91.9177
3.84  92.4605  0  11.7109  54.3585  0  -11.496  92.4604
3.85  93.0049  0  11.5953  54.5236  0  -11.629  93.0048
3.86  93.551  0  11.4784  54.6886  0  -11.7623  93.5508
3.87  94.0987  0  11.3601  54.8536  0  -11.8958  94.0986
3.88  94.6481  0  11.2404  55.0186  0  -12.0297  94.6479
3.89  95.1991  0  11.1195  55.1835  0  -12.1638  95.199
3.9  95.7517  0  10.9972  55.3483  0  -12.2982  95.7516
3.91  96.306  0  10.8735  55.5131  0  -12.4329  96.3058
3.92  96.862  0  10.7485  55.6778  0  -12.5678  96.8618
3.93  97.4196  0  10.6221  55.8425  0  -12.7031  97.4194
3.94  97.9789  0  10.4944  56.0072  0  -12.8386  97.9787
3.95  98.5397  0  10.3654  56.1717  0  -12.9744  98.5396
3.96  99.1023  0  10.2349  56.3362  0  -13.1104  99.1021
3.97  99.6665  0  10.1032  56.5007  0  -13.2468  99.6663
3.98  100.232  0  9.97001  56.6651  0  -13.3834  100.232
3.99  100.8  0  9.83549  56.8295  0  -13.5203  100.8
4  101.369  0  9.69961  56.9939  0  -13.6574  101.369
4.01  101.94  0  9.56235  57.1581  0  -13.7948  101.94
4.02  102.512  0  9.42371  57.3223  0  -13.9325  102.512
4.03  103.086  0  9.28369  57.4865  0  -14.0705  103.086
4.04  103.662  0  9.1423  57.6506  0  -14.2087  103.662
4.05  104.239  0  8.99952  57.8147  0  -14.3472  104.239
4.06  104.818  0  8.85535  57.9786  0  -14.4859  104.818
4.07  105.399  0  8.7098  58.1426  0  -14.625  105.399
4.08  105.981  0  8.56285  58.3064  0  -14.7642  105.981
4.09  106.565  0  8.41451  58.4702  0  -14.9038  106.565
4.1  107.15  0  8.26478  58.634  0  -15.0436  107.15
4.11  107.737  0  8.11364  58.7977  0  -15.1836  107.737
4.12  108.326  0  7.9611  58.9613  0  -15.3239  108.326
4.13  108.917  0  7.80716  59.1249  0  -15.4645  108.917
4.14  109.509  0  7.65181  59.2884  0  -15.6053  109.509
4.15  110.102  0  7.49506  59.4519  0  -15.7464  110.102
4.16  110.698  0  7.33688  59.6153  0  -15.8877  110.698
4.17  111.295  0  7.1773  59.7786  0  -16.0293  111.295
4.18  111.893  0  7.0163  59.9419  0  -16.1711  111.893
4.19  112.494  0  6.85388  60.1051  0  -16.3132  112.493
4.2  113.095  0  6.69003  60.2682  0  -16.4556  113.095
4.21  113.699  0  6.52476  60.4313  0  -16.5981  113.699
4.22  114.304  0  6.35807  60.5943  0  -16.7409  114.304
4.23  114.911  0  6.18994  60.7572  0  -16.884  114.911
4.24  115.519  0  6.02039  60.9201  0  -17.0273  115.519
4.25  116.129  0  5.8494  61.083  0  -17.1709  116.129
4.26  116.741  0  5.67697  61.2457  0  -17.3147  116.741
4.27  117.354  0  5.5031  61.4084  0  -17.4587  117.354
4.28  117.969  0  5.32779  61.5711  0  -17.603  117.969
4.29  118.586  0  5.15104  61.7336  0  -17.7475  118.586
4.3  119.204  0  4.97284  61.8961  0  -17.8923  119.204
4.31  119.824  0  4.79319  62.0585  0  -18.0373  119.823
4.32  120.445  0  4.6121  62.2209  0  -18.1825  120.445
4.33  121.068  0  4.42954  62.3831  0  -18.328  121.068
4.34  121.693  0  4.24553  62.5453  0  -18.4737  121.693
4.35  122.319  0  4.06007  62.7075  0  -18.6196  122.319
4.36  122.947  0  3.87314  62.8696  0  -18.7658  122.947
4.37  123.576  0  3.68475  63.0316  0  -18.9122  123.576
4.38  124.207  0  3.4949  63.1935  0  -19.0588  124.207
4.39  124.84  0  3.30357  63.3554  0  -19.2057  124.84
4.4  125.474  0  3.11078  63.5172  0  -19.3528  125.474
4.41  126.11  0  2.91652  63.6789  0  -19.5001  126.11
4.42  126.748  0  2.72078  63.8405  0  -19.6476  126.748
4.43  127.387  0  2.52356  64.002  0  -19.7954  127.387
4.44  128.028  0  2.32487  64.1635  0  -19.9434  128.028
4.45  128.671  0  2.12469  64.3249  0  -20.0916  128.671
4.46  129.315  0  1.92304  64.4862  0  -20.24  129.315
4.47  129.96  0  1.71989  64.6475  0  -20.3887  129.96
4.48  130.608  0  1.51526  64.8087  0  -20.5375  130.607
4.49  131.256  0  1.30914  64.9697  0  -20.6866  131.256
4.5  131.907  0  1.10153  65.1307  0  -20.8359  131.907
4.51  132.559  0  0.892422  65.2916  0  -20.9855  132.559
4.52  133.213  0  0.681819  65.4525  0  -21.1352  133.213
4.53  133.868  0  0.469718  65.6132  0  -21.2851  133.868
4.54  134.525  0  0.256116  65.7738  0  -21.4353  134.525
4.55  135.184  0  0.0410116  65.9344  0  -21.5856  135.184
4.56  135.844  0  -0.175597  66.0949  0  -21.7362  135.844
