# t  x  y  z  vx  vy  vz  downrange
0  0  0  0  0  0  0  0
0  0.000142263  0  0.000806814  0.028453  0  0.161365  0
0.01  0.000569066  0  0.00322733  0.056908  0  0.322741  0
0.02  0.00128043  0  0.00726168  0.0853652  0  0.48413  0
0.03  0.00227638  0  0.01291  0.113825  0  0.645531  0
0.04  0.00355693  0  0.0201723  0.142286  0  0.806943  0
0.05  0.0051221  0  0.0290489  0.170749  0  0.968368  0
0.06  0.00697192  0  0.0395397  0.199215  0  1.1298  0
0.07  0.00910641  0  0.051645  0.227683  0  1.29125  0
0.08  0.0115256  0  0.0653648  0.256153  0  1.45271  0
0.09  0.0142295  0  0.0806993  0.284625  0  1.61419  0
0.1  0.0172181  0  0.0976486  0.313099  0  1.77567  0
0.11  0.0204914  0  0.116213  0.341575  0  1.93717  0
0.12  0.0240496  0  0.136392  0.370053  0  2.09867  0
0.13  0.0278925  0  0.158186  0.398533  0  2.26019  0
0.14  0.0320203  0  0.181596  0.427016  0  2.42173  0
0.15  0.0364328  0  0.206621  0.4555  0  2.58327  0
0.16  0.0411303  0  0.233261  0.483987  0  2.74483  0
0.17  0.0461126  0  0.261517  0.512476  0  2.90639  0
0.18  0.0513798  0  0.291389  0.540967  0  3.06797  0
0.19  0.0569319  0  0.322877  0.56946  0  3.22957  0
0.2  0.062769  0  0.355981  0.597955  0  3.39117  0
0.21  0.068891  0  0.3907  0.626452  0  3.55278  0
0.22  0.075298  0  0.427036  0.654951  0  3.71441  0
0.23  0.0819901  0  0.464989  0.683452  0  3.87605  0
0.24  0.0889671  0  0.504557  0.711956  0  4.0377  0
0.25  0.0962292  0  0.545743  0.740461  0  4.19936  0.134408
0.26  0.103776  0  0.588545  0.768969  0  4.36104  0
0.27  0.111609  0  0.632964  0.797479  0  4.52273  0.134408
0.28  0.119726  0  0.678999  0.825991  0  4.68443  0.164616
0.29  0.128128  0  0.726652  0.854504  0  4.84614  0.134408
0.3  0.136816  0  0.775922  0.88302  0  5.00786  0.164616
0.31  0.145789  0  0.826809  0.911539  0  5.16959  0.164616
0.32  0.155047  0  0.879314  0.940059  0  5.33134  0.134408
0.33  0.16459  0  0.933436  0.968581  0  5.4931  0.134408
0.34  0.174418  0  0.989176  0.997105  0  5.65487  0.164616
0.35  0.184532  0  1.04653  1.02563  0  5.81665  0.134408
0.36  0.194931  0  1.10551  1.05416  0  5.97844  0.212518
0.37  0.205615  0  1.1661  1.08269  0  6.14025  0.164616
0.38  0.216585  0  1.22831  1.11122  0  6.30206  0.212518
0.39  0.22784  0  1.29214  1.13976  0  6.46389  0.251455
0.4  0.23938  0  1.35759  1.1683  0  6.62574  0.212518
0.41  0.251206  0  1.42466  1.19683  0  6.78759  0.251455
0.42  0.263317  0  1.49334  1.22538  0  6.94945  0.285123
0.43  0.275713  0  1.56365  1.25392  0  7.11133  0.285123
0.44  0.288395  0  1.63557  1.28246  0  7.27322  0.285123
0.45  0.301363  0  1.70911  1.31101  0  7.43512  0.300546
0.46  0.314615  0  1.78427  1.33956  0  7.59703  0.300546
0.47  0.328154  0  1.86105  1.36811  0  7.75896  0.329232
0.48  0.341978  0  1.93945  1.39667  0  7.9209  0.355611
0.49  0.356087  0  2.01947  1.42522  0  8.06652  0.355611
0.5  0.370483  0  2.10046  1.45401  0  8.13053  0.380164
0.51  0.385168  0  2.18208  1.48313  0  8.19448  0.391864
0.52  0.400147  0  2.26435  1.51259  0  8.25839  0.391864
0.53  0.415421  0  2.34725  1.5424  0  8.32224  0.414275
0.54  0.430996  0  2.43079  1.57255  0  8.38605  0.435533
0.55  0.446874  0  2.51497  1.60304  0  8.4498  0.445782
0.56  0.463058  0  2.59979  1.63388  0  8.5135  0.465604
0.57  0.479552  0  2.68524  1.66507  0  8.57714  0.465604
0.58  0.49636  0  2.77133  1.6966  0  8.64073  0.484616
0.59  0.513485  0  2.85805  1.72848  0  8.70427  0.511812
0.6  0.530931  0  2.94541  1.76071  0  8.76774  0.529166
0.61  0.548701  0  3.03341  1.79329  0  8.83116  0.562271
0.62  0.566798  0  3.12204  1.82622  0  8.89452  0.562271
0.63  0.585226  0  3.2113  1.8595  0  8.95782  0.585873
0.64  0.603989  0  3.30119  1.89314  0  9.02107  0.601093
0.65  0.62309  0  3.39172  1.92713  0  9.08424  0.623226
0.66  0.642533  0  3.48288  1.96148  0  9.14736  0.651569
0.67  0.662321  0  3.57467  1.99618  0  9.21041  0.658464
0.68  0.682458  0  3.66709  2.03124  0  9.2734  0.685351
0.69  0.702947  0  3.76013  2.06666  0  9.33632  0.698407
0.7  0.723792  0  3.85381  2.10243  0  9.39918  0.730025
0.71  0.744997  0  3.94812  2.13857  0  9.46197  0.742295
0.72  0.766565  0  4.04305  2.17506  0  9.52469  0.772118
0.73  0.788499  0  4.13861  2.21192  0  9.58734  0.789471
0.74  0.810804  0  4.2348  2.24913  0  9.64991  0.812031
0.75  0.833483  0  4.33161  2.28672  0  9.71242  0.828549
0.76  0.85654  0  4.42905  2.32466  0  9.77485  0.865866
0.77  0.879978  0  4.52711  2.36297  0  9.83721  0.876236
0.78  0.9038  0  4.62579  2.40164  0  9.8995  0.911602
0.79  0.928012  0  4.7251  2.44068  0  9.96171  0.936046
0.8  0.952615  0  4.82502  2.48009  0  10.0238  0.945647
0.81  0.977615  0  4.92557  2.51986  0  10.0859  0.969233
0.82  1.00301  0  5.02674  2.56  0  10.1479  1.00582
0.83  1.02882  0  5.12853  2.60051  0  10.2098  1.03241
0.84  1.05503  0  5.23094  2.64139  0  10.2716  1.06259
0.85  1.08164  0  5.33396  2.68264  0  10.3333  1.08364
0.86  1.10868  0  5.4376  2.72426  0  10.395  1.10428
0.87  1.13613  0  5.54186  2.76626  0  10.4565  1.13255
0.88  1.16401  0  5.64673  2.80862  0  10.518  1.16401
0.89  1.19231  0  5.75222  2.85136  0  10.5794  1.18706
0.9  1.22103  0  5.85832  2.89447  0  10.6407  1.21712
0.91  1.2502  0  5.96503  2.93796  0  10.7019  1.25007
0.92  1.27979  0  6.07236  2.98182  0  10.763  1.27511
0.93  1.30983  0  6.18029  3.02606  0  10.8241  1.31005
0.94  1.34032  0  6.28884  3.07067  0  10.885  1.34744
0.95  1.37125  0  6.39799  3.11566  0  10.9458  1.3707
0.96  1.40263  0  6.50775  3.16103  0  11.0066  1.40326
0.97  1.43447  0  6.61812  3.20677  0  11.0673  1.43194
0.98  1.46677  0  6.7291  3.2529  0  11.1278  1.46314
0.99  1.49953  0  6.84068  3.2994  0  11.1883  1.49972
1  1.53276  0  6.95287  3.34628  0  11.2486  1.53544
1.01  1.56646  0  7.06565  3.39354  0  11.3089  1.56746
1.02  1.60063  0  7.17904  3.44118  0  11.3691  1.60448
1.03  1.63528  0  7.29303  3.48921  0  11.4291  1.63515
1.04  1.67041  0  7.40763  3.53761  0  11.4891  1.67337
1.05  1.70603  0  7.52282  3.5864  0  11.5489  1.70545
1.06  1.74214  0  7.6386  3.63557  0  11.6087  1.74213
1.07  1.77875  0  7.75499  3.68512  0  11.6683  1.77551
1.08  1.81585  0  7.87197  3.73505  0  11.7279  1.81576
1.09  1.85345  0  7.98955  3.78537  0  11.7873  1.85025
1.1  1.89156  0  8.10772  3.83608  0  11.8466  1.89129
1.11  1.93017  0  8.22648  3.88716  0  11.9058  1.93146
1.12  1.9693  0  8.34583  3.93864  0  11.9649  1.96852
1.13  2.00895  0  8.46578  3.9905  0  12.0239  2.00715
1.14  2.04911  0  8.58631  4.04274  0  12.0827  2.04945
1.15  2.0898  0  8.70743  4.09537  0  12.1415  2.08874
1.16  2.13102  0  8.82914  4.14839  0  12.2001  2.13155
1.17  2.17277  0  8.95143  4.20179  0  12.2586  2.17143
1.18  2.21506  0  9.07431  4.25558  0  12.317  2.21468
1.19  2.25788  0  9.19777  4.30976  0  12.3753  2.2571
1.2  2.30125  0  9.32182  4.36433  0  12.4334  2.3007
1.21  2.34517  0  9.44644  4.41928  0  12.4915  2.34542
1.22  2.38964  0  9.57164  4.47462  0  12.5494  2.39119
1.23  2.43467  0  9.69743  4.53036  0  12.6071  2.43609
1.24  2.48025  0  9.82379  4.58648  0  12.6648  2.48201
1.25  2.5264  0  9.95072  4.64299  0  12.7223  2.5253
1.26  2.57311  0  10.0782  4.69989  0  12.7797  2.57138
1.27  2.6204  0  10.2063  4.75717  0  12.837  2.62183
1.28  2.66826  0  10.335  4.81485  0  12.8941  2.66624
1.29  2.71669  0  10.4642  4.87292  0  12.9511  2.71824
1.3  2.76572  0  10.594  4.93138  0  13.008  2.76764
1.31  2.81532  0  10.7244  4.99023  0  13.0647  2.81777
1.32  2.86552  0  10.8553  5.04947  0  13.1213  2.86703
1.33  2.91631  0  10.9868  5.1091  0  13.1778  2.91545
1.34  2.9677  0  11.1188  5.16912  0  13.2341  2.96614
1.35  3.0197  0  11.2515  5.22954  0  13.2903  3.01746
1.36  3.0723  0  11.3846  5.29034  0  13.3463  3.07234
1.37  3.12551  0  11.5184  5.35154  0  13.4022  3.12481
1.38  3.17933  0  11.6527  5.41313  0  13.458  3.17926
1.39  3.23377  0  11.7875  5.47511  0  13.5136  3.23559
1.4  3.28883  0  11.923  5.53748  0  13.5691  3.2882
1.41  3.34452  0  12.0589  5.60024  0  13.6244  3.34539
1.42  3.40084  0  12.1955  5.66339  0  13.6796  3.39764
1.43  3.45779  0  12.3325  5.72694  0  13.7346  3.45694
1.44  3.51538  0  12.4701  5.79088  0  13.7895  3.51524
1.45  3.57361  0  12.6083  5.85521  0  13.8442  3.57258
1.46  3.63248  0  12.747  5.91993  0  13.8988  3.634
1.47  3.69201  0  12.8863  5.98504  0  13.9532  3.69318
1.48  3.75219  0  13.0261  6.05055  0  14.0075  3.75262
1.49  3.81302  0  13.1664  6.11645  0  14.0616  3.81351
1.5  3.87452  0  13.3073  6.18274  0  14.1155  3.8746
1.51  3.93668  0  13.4487  6.24942  0  14.1693  3.93704
1.52  3.99951  0  13.5907  6.3165  0  14.2229  3.99851
1.53  4.06301  0  13.7332  6.38396  0  14.2764  4.06238
1.54  4.12719  0  13.8762  6.45182  0  14.3297  4.12636
1.55  4.19205  0  14.0198  6.52007  0  14.3829  4.19044
1.56  4.25759  0  14.1639  6.58872  0  14.4359  4.2578
1.57  4.32382  0  14.3085  6.65775  0  14.4887  4.32306
1.58  4.39075  0  14.4537  6.72717  0  14.5414  4.39147
1.59  4.45837  0  14.5993  6.79699  0  14.5938  4.45782
1.6  4.52669  0  14.7455  6.86719  0  14.6462  4.52719
1.61  4.59571  0  14.8923  6.93779  0  14.6983  4.59453
1.62  4.66544  0  15.0395  7.00878  0  14.7503  4.66573
1.63  4.73589  0  15.1873  7.08016  0  14.8021  4.73492
1.64  4.80705  0  15.3355  7.15194  0  14.8537  4.80686
1.65  4.87893  0  15.4843  7.2241  0  14.9052  4.8796
1.66  4.95153  0  15.6337  7.29665  0  14.9565  4.95127
1.67  5.02486  0  15.7835  7.36959  0  15.0076  5.02461
1.68  5.09892  0  15.9338  7.44293  0  15.0585  5.09867
1.69  5.17372  0  16.0846  7.51665  0  15.1093  5.17341
1.7  5.24926  0  16.236  7.59076  0  15.1599  5.24968
1.71  5.32554  0  16.3878  7.66526  0  15.2103  5.32569
1.72  5.40257  0  16.5402  7.74015  0  15.2605  5.40232
1.73  5.48034  0  16.693  7.81543  0  15.3105  5.48034
1.74  5.55888  0  16.8464  7.89109  0  15.3603  5.5597
1.75  5.63817  0  17.0003  7.96715  0  15.41  5.63875
1.76  5.71822  0  17.1546  8.04359  0  15.4595  5.71749
1.77  5.79904  0  17.3094  8.12043  0  15.5087  5.79906
1.78  5.88063  0  17.4648  8.19764  0  15.5578  5.88027
1.79  5.96299  0  17.6206  8.27525  0  15.6067  5.9634
1.8  6.04614  0  17.7769  8.35324  0  15.6555  6.04688
1.81  6.13006  0  17.9337  8.43163  0  15.704  6.12997
1.82  6.21477  0  18.091  8.51039  0  15.7523  6.21484
1.83  6.30027  0  18.2488  8.58954  0  15.8004  6.30073
1.84  6.38656  0  18.407  8.66908  0  15.8484  6.38617
1.85  6.47365  0  18.5657  8.749  0  15.8961  6.47466
1.86  6.56154  0  18.7249  8.82931  0  15.9437  6.56128
1.87  6.65024  0  18.8846  8.91  0  15.991  6.65084
1.88  6.73974  0  19.0447  8.99107  0  16.0382  6.73988
1.89  6.83006  0  19.2054  9.07253  0  16.0851  6.83041
1.9  6.9212  0  19.3664  9.15438  0  16.1318  6.92236
1.91  7.01315  0  19.528  9.2366  0  16.1784  7.01311
1.92  7.10593  0  19.69  9.31921  0  16.2247  7.10524
1.93  7.19954  0  19.8525  9.4022  0  16.2709  7.19995
1.94  7.29397  0  20.0154  9.48557  0  16.3168  7.29406
1.95  7.38925  0  20.1788  9.56932  0  16.3625  7.39002
1.96  7.48536  0  20.3427  9.65346  0  16.408  7.48535
1.97  7.58232  0  20.507  9.73797  0  16.4533  7.58187
1.98  7.68012  0  20.6717  9.82286  0  16.4984  7.68012
1.99  7.77878  0  20.8369  9.90813  0  16.5433  7.77945
2  7.87829  0  21.0026  9.99378  0  16.588  7.8781
2.01  7.97865  0  21.1687  10.0798  0  16.6324  7.97836
2.02  8.07988  0  21.3352  10.1662  0  16.6767  8.07961
2.03  8.18198  0  21.5022  10.253  0  16.7207  8.18237
2.04  8.28495  0  21.6697  10.3402  0  16.7645  8.28495
2.05  8.38878  0  21.8375  10.4277  0  16.8081  8.38896
2.06  8.4935  0  22.0058  10.5156  0  16.8515  8.49436
2.07  8.5991  0  22.1746  10.6039  0  16.8946  8.59846
2.08  8.70558  0  22.3437  10.6926  0  16.9375  8.70547
2.09  8.81295  0  22.5133  10.7816  0  16.9803  8.81324
2.1  8.92121  0  22.6833  10.871  0  17.0227  8.92071
2.11  9.03037  0  22.8538  10.9608  0  17.065  9.0304
2.12  9.14043  0  23.0246  11.0509  0  17.1071  9.14027
2.13  9.25139  0  23.1959  11.1415  0  17.1489  9.25078
2.14  9.36326  0  23.3676  11.2324  0  17.1905  9.36336
2.15  9.47604  0  23.5397  11.3236  0  17.2318  9.47508
2.16  9.58973  0  23.7122  11.4153  0  17.273  9.59021
2.17  9.70435  0  23.8852  11.5073  0  17.3139  9.7049
2.18  9.81988  0  24.0585  11.5997  0  17.3546  9.8201
2.19  9.93634  0  24.2323  11.6924  0  17.395  9.93668
2.2  10.0537  0  24.4064  11.7855  0  17.4352  10.0537
2.21  10.1721  0  24.581  11.879  0  17.4752  10.1725
2.22  10.2913  0  24.7559  11.9728  0  17.515  10.2912
2.23  10.4115  0  24.9313  12.067  0  17.5545  10.4112
2.24  10.5327  0  25.107  12.1616  0  17.5937  10.5329
2.25  10.6547  0  25.2831  12.2565  0  17.6328  10.6535
2.26  10.7778  0  25.4597  12.3518  0  17.6716  10.7774
2.27  10.9018  0  25.6366  12.4475  0  17.7102  10.9016
2.28  11.0267  0  25.8139  12.5435  0  17.7485  11.0268
2.29  11.1527  0  25.9915  12.6399  0  17.7866  11.1523
2.3  11.2795  0  26.1696  12.7367  0  17.8244  11.2791
2.31  11.4074  0  26.348  12.8338  0  17.862  11.4073
2.32  11.5362  0  26.5268  12.9312  0  17.8994  11.5364
2.33  11.666  0  26.706  13.0291  0  17.9365  11.6653
2.34  11.7968  0  26.8856  13.1272  0  17.9734  11.797
2.35  11.9286  0  27.0655  13.2258  0  18.01  11.9283
2.36  12.0613  0  27.2458  13.3247  0  18.0464  12.0616
2.37  12.1951  0  27.4264  13.4239  0  18.0825  12.1949
2.38  12.3298  0  27.6074  13.5235  0  18.1184  12.3294
2.39  12.4655  0  27.7888  13.6235  0  18.1541  12.4656
2.4  12.6023  0  27.9705  13.7238  0  18.1895  12.6025
2.41  12.74  0  28.1526  13.8244  0  18.2246  12.7401
2.42  12.8788  0  28.335  13.9255  0  18.2595  12.8787
2.43  13.0185  0  28.5177  14.0268  0  18.2941  13.0185
2.44  13.1593  0  28.7009  14.1285  0  18.3285  13.159
2.45  13.3011  0  28.8843  14.2306  0  18.3627  13.3007
2.46  13.4439  0  29.0681  14.333  0  18.3966  13.4439
2.47  13.5877  0  29.2522  14.4358  0  18.4302  13.5876
2.48  13.7326  0  29.4367  14.5389  0  18.4635  13.733
2.49  13.8785  0  29.6215  14.6423  0  18.4967  13.8783
2.5  14.0255  0  29.8066  14.7461  0  18.5295  14.0249
2.51  14.1734  0  29.9921  14.8503  0  18.5621  14.1729
2.52  14.3225  0  30.1779  14.9548  0  18.5945  14.3222
2.53  14.4725  0  30.364  15.0596  0  18.6265  14.4725
2.54  14.6237  0  30.5504  15.1648  0  18.6584  14.6234
2.55  14.7758  0  30.7372  15.2703  0  18.6899  14.7758
2.56  14.9291  0  30.9242  15.3761  0  18.7212  14.929
2.57  15.0834  0  31.1116  15.4823  0  18.7523  15.0831
2.58  15.2387  0  31.2993  15.5888  0  18.783  15.2386
2.59  15.3951  0  31.4872  15.6957  0  18.8135  15.3949
2.6  15.5526  0  31.6755  15.8029  0  18.8438  15.5522
2.61  15.7112  0  31.8641  15.9104  0  18.8738  15.7111
2.62  15.8708  0  32.053  16.0183  0  18.9035  15.8704
2.63  16.0316  0  32.2422  16.1265  0  18.9329  16.0313
2.64  16.1934  0  32.4317  16.2351  0  18.9621  16.1936
2.65  16.3563  0  32.6214  16.3439  0  18.991  16.3565
2.66  16.5203  0  32.8115  16.4531  0  19.0197  16.5202
2.67  16.6853  0  33.0018  16.5627  0  19.048  16.6851
2.68  16.8515  0  33.1924  16.6725  0  19.0761  16.8512
2.69  17.0188  0  33.3833  16.7827  0  19.104  17.0182
2.7  17.1872  0  33.5745  16.8932  0  19.1315  17.1869
2.71  17.3567  0  33.766  17.0041  0  19.1588  17.3561
2.72  17.5272  0  33.9577  17.1152  0  19.1859  17.5275
2.73  17.699  0  34.1497  17.2267  0  19.2126  17.6983
2.74  17.8718  0  34.3419  17.3386  0  19.2391  17.8718
2.75  18.0457  0  34.5345  17.4507  0  19.2653  18.0455
2.76  18.2208  0  34.7273  17.5632  0  19.2912  18.2209
2.77  18.397  0  34.9203  17.6759  0  19.3169  18.397
2.78  18.5743  0  35.1136  17.789  0  19.3422  18.5742
2.79  18.7528  0  35.3071  17.9025  0  19.3673  18.753
2.8  18.9324  0  35.5009  18.0162  0  19.3922  18.9325
2.81  19.1131  0  35.695  18.1303  0  19.4167  19.1132
2.82  19.295  0  35.8893  18.2447  0  19.441  19.2954
2.83  19.478  0  36.0838  18.3593  0  19.465  19.4779
2.84  19.6622  0  36.2786  18.4743  0  19.4887  19.6616
2.85  19.8475  0  36.4736  18.5897  0  19.5121  19.8474
2.86  20.034  0  36.6688  18.7053  0  19.5352  20.0338
2.87  20.2216  0  36.8643  18.8212  0  19.5581  20.2217
2.88  20.4104  0  37.06  18.9375  0  19.5807  20.4102
2.89  20.6003  0  37.2559  19.0541  0  19.603  20.6003
2.9  20.7915  0  37.452  19.1709  0  19.625  20.7914
2.91  20.9838  0  37.6484  19.2881  0  19.6468  20.9836
2.92  21.1772  0  37.845  19.4056  0  19.6682  21.1771
2.93  21.3719  0  38.0418  19.5234  0  19.6894  21.3716
2.94  21.5677  0  38.2388  19.6415  0  19.7103  21.5678
2.95  21.7647  0  38.436  19.7599  0  19.7309  21.7646
2.96  21.9629  0  38.6334  19.8786  0  19.7512  21.9629
2.97  22.1623  0  38.831  19.9976  0  19.7712  22.1619
2.98  22.3629  0  39.0288  20.1169  0  19.791  22.3627
2.99  22.5646  0  39.2268  20.2365  0  19.8104  22.5644
3  22.7676  0  39.425  20.3564  0  19.8296  22.7671
3.01  22.9717  0  39.6234  20.4766  0  19.8485  22.9717
3.02  23.1771  0  39.822  20.5971  0  19.8671  23.177
3.03  23.3837  0  40.0207  20.7179  0  19.8854  23.3836
3.04  23.5915  0  40.2197  20.839  0  19.9034  23.5913
3.05  23.8005  0  40.4188  20.9604  0  19.9212  23.8002
3.06  24.0107  0  40.6181  21.082  0  19.9386  24.0106
3.07  24.2221  0  40.8176  21.204  0  19.9558  24.2222
3.08  24.4348  0  41.0172  21.3263  0  19.9726  24.4344
3.09  24.6486  0  41.217  21.4488  0  19.9892  24.6485
3.1  24.8637  0  41.417  21.5717  0  20.0055  24.8636
3.11  25.0801  0  41.6171  21.6948  0  20.0215  25.08
3.12  25.2976  0  41.8174  21.8182  0  20.0372  25.2975
3.13  25.5164  0  42.0179  21.9419  0  20.0526  25.5162
3.14  25.7365  0  42.2185  22.0659  0  20.0677  25.7363
3.15  25.9578  0  42.4192  22.1901  0  20.0825  25.9575
3.16  26.1803  0  42.6201  22.3147  0  20.097  26.1798
3.17  26.4041  0  42.8212  22.4395  0  20.1113  26.4036
3.18  26.6291  0  43.0223  22.5646  0  20.1252  26.629
3.19  26.8553  0  43.2237  22.69  0  20.1388  26.8555
3.2  27.0829  0  43.4251  22.8157  0  20.1522  27.0825
3.21  27.3117  0  43.6267  22.9416  0  20.1652  27.3115
3.22  27.5417  0  43.8284  23.0678  0  20.178  27.5416
3.23  27.773  0  44.0303  23.1943  0  20.1905  27.773
3.24  28.0056  0  44.2322  23.3211  0  20.2026  28.0052
3.25  28.2394  0  44.4343  23.4481  0  20.2145  28.2394
3.26  28.4746  0  44.6365  23.5755  0  20.2261  28.4744
3.27  28.7109  0  44.8388  23.7031  0  20.2374  28.7107
3.28  28.9486  0  45.0413  23.8309  0  20.2484  28.9484
3.29  29.1876  0  45.2438  23.959  0  20.259  29.1875
3.3  29.4278  0  45.4465  24.0874  0  20.2694  29.4278
3.31  29.6693  0  45.6492  24.2161  0  20.2795  29.6691
3.32  29.9121  0  45.852  24.345  0  20.2893  29.912
3.33  30.1562  0  46.055  24.4742  0  20.2988  30.156
3.34  30.4016  0  46.258  24.6037  0  20.308  30.4014
3.35  30.6483  0  46.4611  24.7334  0  20.3169  30.6484
3.36  30.8963  0  46.6644  24.8634  0  20.3255  30.8958
3.37  31.1456  0  46.8676  24.9936  0  20.3338  31.1452
3.38  31.3962  0  47.071  25.1241  0  20.3418  31.3961
3.39  31.648  0  47.2745  25.2549  0  20.3495  31.6478
3.4  31.9012  0  47.478  25.3859  0  20.3569  31.9011
3.41  32.1558  0  47.6816  25.5172  0  20.364  32.1555
3.42  32.4116  0  47.8853  25.6487  0  20.3708  32.4112
3.43  32.6687  0  48.089  25.7805  0  20.3773  32.6684
3.44  32.9272  0  48.2928  25.9125  0  20.3835  32.9269
3.45  33.187  0  48.4967  26.0448  0  20.3894  33.1866
3.46  33.4481  0  48.7006  26.1774  0  20.395  33.4479
3.47  33.7105  0  48.9046  26.3102  0  20.4003  33.7103
3.48  33.9743  0  49.1086  26.4432  0  20.4053  33.9738
3.49  34.2394  0  49.3127  26.5765  0  20.41  34.2389
3.5  34.5058  0  49.5168  26.7101  0  20.4144  34.5053
3.51  34.7736  0  49.721  26.8439  0  20.4185  34.7735
3.52  35.0427  0  49.9252  26.9779  0  20.4223  35.0422
3.53  35.3132  0  50.1294  27.1122  0  20.4258  35.313
3.54  35.585  0  50.3337  27.2467  0  20.429  35.5845
3.55  35.8581  0  50.538  27.3815  0  20.4319  35.8581
3.56  36.1326  0  50.7424  27.5165  0  20.4344  36.1324
3.57  36.4084  0  50.9467  27.6517  0  20.4367  36.4082
3.58  36.6856  0  51.1511  27.7872  0  20.4387  36.6851
3.59  36.9642  0  51.3555  27.9229  0  20.4404  36.9638
3.6  37.2441  0  51.5599  28.0589  0  20.4418  37.2437
3.61  37.5254  0  51.7643  28.1951  0  20.4428  37.525
3.62  37.808  0  51.9687  28.3315  0  20.4436  37.8075
3.63  38.092  0  52.1732  28.4682  0  20.4441  38.0917
3.64  38.3774  0  52.3776  28.6051  0  20.4442  38.3768
3.65  38.6641  0  52.5821  28.7422  0  20.4441  38.6639
3.66  38.9522  0  52.7865  28.8796  0  20.4436  38.9518
3.67  39.2417  0  52.9909  29.0172  0  20.4429  39.2413
3.68  39.5325  0  53.1954  29.155  0  20.4418  39.5323
3.69  39.8248  0  53.3998  29.2931  0  20.4405  39.8245
3.7  40.1184  0  53.6042  29.4314  0  20.4388  40.118
3.71  40.4134  0  53.8086  29.5699  0  20.4369  40.4129
3.72  40.7098  0  54.0129  29.7086  0  20.4346  40.7096
3.73  41.0076  0  54.2172  29.8476  0  20.4321  41.0072
3.74  41.3068  0  54.4216  29.9867  0  20.4292  41.3064
3.75  41.6073  0  54.6258  30.1261  0  20.426  41.6069
3.76  41.9093  0  54.8301  30.2658  0  20.4225  41.9089
3.77  42.2126  0  55.0343  30.4056  0  20.4188  42.2123
3.78  42.5174  0  55.2384  30.5457  0  20.4147  42.5171
3.79  42.8235  0  55.4426  30.6859  0  20.4103  42.8233
3.8  43.1311  0  55.6466  30.8264  0  20.4056  43.1308
3.81  43.4401  0  55.8507  30.9672  0  20.4006  43.4398
3.82  43.7505  0  56.0547  31.1081  0  20.3953  43.75
3.83  44.0622  0  56.2586  31.2492  0  20.3897  44.0618
3.84  44.3754  0  56.4625  31.3906  0  20.3838  44.3749
3.85  44.6901  0  56.6663  31.5322  0  20.3776  44.6897
3.86  45.0061  0  56.87  31.674  0  20.3711  45.0057
3.87  45.3235  0  57.0737  31.8159  0  20.3643  45.3232
3.88  45.6424  0  57.2773  31.9581  0  20.3572  45.6419
3.89  45.9627  0  57.4808  32.1006  0  20.3498  45.9624
3.9  46.2844  0  57.6843  32.2432  0  20.342  46.284
3.91  46.6076  0  57.8877  32.386  0  20.334  46.6072
3.92  46.9321  0  58.091  32.529  0  20.3257  46.9315
3.93  47.2581  0  58.2942  32.6723  0  20.317  47.2577
3.94  47.5856  0  58.4973  32.8157  0  20.3081  47.5852
3.95  47.9145  0  58.7003  32.9593  0  20.2989  47.9139
3.96  48.2448  0  58.9033  33.1032  0  20.2893  48.2443
3.97  48.5765  0  59.1061  33.2472  0  20.2795  48.576
3.98  48.9097  0  59.3089  33.3915  0  20.2693  48.9092
3.99  49.2444  0  59.5115  33.5359  0  20.2589  49.2439
4  49.5804  0  59.714  33.6806  0  20.2481  49.58
4.01  49.918  0  59.9165  33.8254  0  20.2371  49.9175
4.02  50.2569  0  60.1188  33.9704  0  20.2257  50.2566
4.03  50.5974  0  60.321  34.1156  0  20.2141  50.5968
4.04  50.9393  0  60.5231  34.2611  0  20.2021  50.9387
4.05  51.2826  0  60.725  34.4067  0  20.1899  51.282
4.06  51.6274  0  60.9269  34.5525  0  20.1773  51.627
4.07  51.9736  0  61.1286  34.6985  0  20.1644  51.9731
4.08  52.3214  0  61.3302  34.8447  0  20.1513  52.3209
4.09  52.6705  0  61.5316  34.9911  0  20.1378  52.6702
4.1  53.0212  0  61.7329  35.1376  0  20.124  53.0205
4.11  53.3733  0  61.9341  35.2844  0  20.11  53.3728
4.12  53.7269  0  62.1351  35.4313  0  20.0956  53.7263
4.13  54.0819  0  62.336  35.5784  0  20.0809  54.0814
4.14  54.4384  0  62.5367  35.7257  0  20.0659  54.4378
4.15  54.7964  0  62.7373  35.8732  0  20.0507  54.796
4.16  55.1559  0  62.9377  36.0209  0  20.0351  55.1554
4.17  55.5169  0  63.138  36.1688  0  20.0192  55.5164
4.18  55.8793  0  63.3381  36.3168  0  20.003  55.8787
4.19  56.2432  0  63.5381  36.465  0  19.9865  56.2427
4.2  56.6086  0  63.7378  36.6134  0  19.9698  56.608
4.21  56.9755  0  63.9375  36.762  0  19.9527  56.9747
4.22  57.3438  0  64.1369  36.9108  0  19.9353  57.3431
4.23  57.7137  0  64.3362  37.0597  0  19.9176  57.713
4.24  58.085  0  64.5353  37.2088  0  19.8997  58.0843
4.25  58.4579  0  64.7342  37.3581  0  19.8814  58.4574
4.26  58.8322  0  64.9329  37.5075  0  19.8628  58.8316
4.27  59.208  0  65.1314  37.6572  0  19.8439  59.2075
4.28  59.5853  0  65.3298  37.807  0  19.8248  59.5849
4.29  59.9641  0  65.5279  37.9569  0  19.8053  59.9635
4.3  60.3445  0  65.7259  38.1071  0  19.7855  60.3439
4.31  60.7263  0  65.9236  38.2574  0  19.7655  60.7256
4.32  61.1096  0  66.1212  38.4079  0  19.7451  61.109
4.33  61.4944  0  66.3185  38.5585  0  19.7245  61.4939
4.34  61.8808  0  66.5157  38.7093  0  19.7035  61.8801
4.35  62.2686  0  66.7126  38.8603  0  19.6822  62.268
4.36  62.658  0  66.9093  39.0115  0  19.6607  62.6573
4.37  63.0489  0  67.1058  39.1628  0  19.6388  63.0483
4.38  63.4412  0  67.3021  39.3143  0  19.6167  63.4407
4.39  63.8351  0  67.4981  39.4659  0  19.5942  63.8344
4.4  64.2306  0  67.694  39.6177  0  19.5715  64.2299
4.41  64.6275  0  67.8896  39.7696  0  19.5485  64.6267
4.42  65.026  0  68.0849  39.9218  0  19.5251  65.0253
4.43  65.4259  0  68.2801  40.074  0  19.5015  65.4251
4.44  65.8274  0  68.475  40.2265  0  19.4776  65.8266
4.45  66.2305  0  68.6696  40.3791  0  19.4534  66.2298
4.46  66.635  0  68.864  40.5318  0  19.4289  66.6342
4.47  67.0411  0  69.0582  40.6847  0  19.4041  67.0403
4.48  67.4487  0  69.2521  40.8378  0  19.379  67.4478
4.49  67.8579  0  69.4458  40.991  0  19.3536  67.8571
4.5  68.2685  0  69.6392  41.1444  0  19.3279  68.2678
4.51  68.6807  0  69.8323  41.2979  0  19.3019  68.6799
4.52  69.0945  0  70.0252  41.4515  0  19.2756  69.0938
4.53  69.5098  0  70.2178  41.6054  0  19.2491  69.509
4.54  69.9266  0  70.4102  41.7593  0  19.2222  69.9258
4.55  70.345  0  70.6023  41.9135  0  19.195  70.3441
4.56  70.7649  0  70.7941  42.0677  0  19.1676  70.7641
4.57  71.1863  0  70.9856  42.2221  0  19.1399  71.1855
4.58  71.6093  0  71.1769  42.3767  0  19.1118  71.6085
4.59  72.0339  0  71.3679  42.5314  0  19.0835  72.033
4.6  72.4599  0  71.5586  42.6863  0  19.0549  72.4592
4.61  72.8876  0  71.749  42.8413  0  19.026  72.8867
4.62  73.3168  0  71.9391  42.9964  0  18.9968  73.316
4.63  73.7475  0  72.1289  43.1517  0  18.9673  73.7467
4.64  74.1798  0  72.3184  43.3071  0  18.9375  74.179
4.65  74.6137  0  72.5076  43.4627  0  18.9075  74.6128
4.66  75.0491  0  72.6966  43.6184  0  18.8771  75.0482
4.67  75.486  0  72.8852  43.7742  0  18.8465  75.4852
4.68  75.9245  0  73.0735  43.9302  0  18.8155  75.9237
4.69  76.3646  0  73.2615  44.0863  0  18.7843  76.3637
4.7  76.8063  0  73.4492  44.2426  0  18.7528  76.8054
4.71  77.2495  0  73.6366  44.399  0  18.721  77.2487
4.72  77.6942  0  73.8236  44.5555  0  18.6889  77.6933
4.73  78.1406  0  74.0103  44.7122  0  18.6566  78.1396
4.74  78.5885  0  74.1967  44.869  0  18.6239  78.5876
4.75  79.038  0  74.3828  45.0259  0  18.5909  79.037
4.76  79.489  0  74.5686  45.183  0  18.5577  79.4881
4.77  79.9416  0  74.754  45.3402  0  18.5242  79.9406
4.78  80.3958  0  74.939  45.4975  0  18.4904  80.3948
4.79  80.8516  0  75.1238  45.655  0  18.4563  80.8505
4.8  81.3089  0  75.3082  45.8125  0  18.4219  81.308
4.81  81.7678  0  75.4922  45.9703  0  18.3873  81.7668
4.82  82.2283  0  75.6759  46.1281  0  18.3523  82.2274
4.83  82.6904  0  75.8593  46.2861  0  18.3171  82.6895
4.84  83.154  0  76.0422  46.4442  0  18.2816  83.153
4.85  83.6193  0  76.2249  46.6024  0  18.2458  83.6181
4.86  84.0861  0  76.4072  46.7607  0  18.2097  84.0851
4.87  84.5545  0  76.5891  46.9192  0  18.1733  84.5535
4.88  85.0245  0  76.7706  47.0778  0  18.1366  85.0235
4.89  85.496  0  76.9518  47.2365  0  18.0997  85.495
4.9  85.9692  0  77.1326  47.3954  0  18.0625  85.9681
4.91  86.444  0  77.3131  47.5543  0  18.025  86.4428
4.92  86.9203  0  77.4931  47.7134  0  17.9872  86.9192
4.93  87.3982  0  77.6728  47.8726  0  17.9492  87.3972
4.94  87.8777  0  77.8521  48.032  0  17.9108  87.8767
4.95  88.3589  0  78.031  48.1914  0  17.8722  88.3578
4.96  88.8416  0  78.2095  48.351  0  17.8333  88.8405
4.97  89.3259  0  78.3877  48.5106  0  17.7941  89.3247
4.98  89.8118  0  78.5654  48.6704  0  17.7547  89.8107
4.99  90.2993  0  78.7428  48.8303  0  17.7149  90.2981
5  90.7884  0  78.9197  48.9904  0  17.6749  90.7872
5.01  91.2791  0  79.0963  49.1505  0  17.6346  91.278
5.02  91.7714  0  79.2724  49.3108  0  17.594  91.7703
5.03  92.2653  0  79.4481  49.4711  0  17.5532  92.2642
5.04  92.7608  0  79.6235  49.6316  0  17.512  92.7596
5.05  93.2579  0  79.7984  49.7922  0  17.4706  93.2568
5.06  93.7567  0  79.9729  49.9529  0  17.4289  93.7554
5.07  94.257  0  80.147  50.1137  0  17.387  94.2559
5.08  94.7589  0  80.3206  50.2746  0  17.3447  94.7577
5.09  95.2625  0  80.4939  50.4357  0  17.3022  95.2613
5.1  95.7677  0  80.6667  50.5968  0  17.2594  95.7664
5.11  96.2744  0  80.839  50.7581  0  17.2163  96.2732
5.12  96.7828  0  81.011  50.9194  0  17.173  96.7816
5.13  97.2928  0  81.1825  51.0809  0  17.1294  97.2915
5.14  97.8044  0  81.3536  51.2424  0  17.0855  97.8032
5.15  98.3177  0  81.5242  51.4041  0  17.0413  98.3165
5.16  98.8325  0  81.6944  51.5659  0  16.9969  98.8313
5.17  99.349  0  81.8642  51.7278  0  16.9522  99.3477
5.18  99.8671  0  82.0334  51.8898  0  16.9072  99.8658
5.19  100.387  0  82.2023  52.0518  0  16.862  100.386
5.2  100.908  0  82.3707  52.214  0  16.8164  100.907
5.21  101.431  0  82.5386  52.3763  0  16.7706  101.43
5.22  101.956  0  82.7061  52.5387  0  16.7246  101.954
5.23  102.482  0  82.8731  52.7012  0  16.6782  102.481
5.24  103.01  0  83.0397  52.8638  0  16.6316  103.008
5.25  103.539  0  83.2057  53.0265  0  16.5847  103.538
5.26  104.07  0  83.3714  53.1893  0  16.5376  104.069
5.27  104.603  0  83.5365  53.3522  0  16.4901  104.602
5.28  105.137  0  83.7012  53.5151  0  16.4425  105.136
5.29  105.673  0  83.8653  53.6782  0  16.3945  105.672
5.3  106.211  0  84.029  53.8414  0  16.3463  106.209
5.31  106.75  0  84.1923  54.0047  0  16.2978  106.749
5.32  107.291  0  84.355  54.168  0  16.249  107.289
5.33  107.833  0  84.5172  54.3315  0  16.2  107.832
5.34  108.378  0  84.679  54.495  0  16.1507  108.376
5.35  108.923  0  84.8403  54.6587  0  16.1011  108.922
5.36  109.471  0  85.001  54.8224  0  16.0513  109.469
5.37  110.02  0  85.1613  54.9862  0  16.0012  110.018
5.38  110.57  0  85.321  55.1502  0  15.9508  110.569
5.39  111.123  0  85.4803  55.3142  0  15.9002  111.121
5.4  111.677  0  85.639  55.4783  0  15.8493  111.675
5.41  112.232  0  85.7973  55.6425  0  15.7982  112.231
5.42  112.79  0  85.955  55.8067  0  15.7468  112.788
5.43  113.348  0  86.1122  55.9711  0  15.6951  113.347
5.44  113.909  0  86.2689  56.1355  0  15.6431  113.907
5.45  114.471  0  86.4251  56.3001  0  15.5909  114.47
5.46  115.035  0  86.5807  56.4647  0  15.5385  115.033
5.47  115.6  0  86.7359  56.6294  0  15.4857  115.599
5.48  116.168  0  86.8904  56.7942  0  15.4327  116.166
5.49  116.736  0  87.0445  56.9591  0  15.3795  116.735
5.5  117.307  0  87.198  57.1241  0  15.326  117.305
5.51  117.879  0  87.351  57.2891  0  15.2722  117.877
5.52  118.453  0  87.5035  57.4542  0  15.2182  118.451
5.53  119.028  0  87.6554  57.6195  0  15.1639  119.026
5.54  119.605  0  87.8068  57.7847  0  15.1093  119.603
5.55  120.184  0  87.9576  57.9501  0  15.0545  120.182
5.56  120.764  0  88.1078  58.1156  0  14.9994  120.762
5.57  121.346  0  88.2576  58.2811  0  14.9441  121.344
5.58  121.93  0  88.4067  58.4467  0  14.8885  121.928
5.59  122.515  0  88.5553  58.6124  0  14.8327  122.513
5.6  123.102  0  88.7034  58.7782  0  14.7766  123.1
5.61  123.69  0  88.8509  58.9441  0  14.7202  123.689
5.62  124.281  0  88.9978  59.11  0  14.6636  124.279
5.63  124.873  0  89.1441  59.276  0  14.6067  124.871
5.64  125.466  0  89.2899  59.4421  0  14.5496  125.464
5.65  126.061  0  89.4351  59.6083  0  14.4922  126.06
5.66  126.658  0  89.5798  59.7745  0  14.4346  126.657
5.67  127.257  0  89.7238  59.9408  0  14.3767  127.255
5.68  127.857  0  89.8673  60.1072  0  14.3185  127.855
5.69  128.459  0  90.0102  60.2737  0  14.2601  128.457
5.7  129.063  0  90.1525  60.4402  0  14.2015  129.061
5.71  129.668  0  90.2942  60.6068  0  14.1426  129.666
5.72  130.275  0  90.4353  60.7735  0  14.0834  130.273
5.73  130.883  0  90.5759  60.9402  0  14.024  130.881
5.74  131.494  0  90.7158  61.107  0  13.9644  131.492
5.75  132.106  0  90.8552  61.2739  0  13.9045  132.104
5.76  132.719  0  90.9939  61.4409  0  13.8443  132.717
5.77  133.334  0  91.132  61.6079  0  13.7839  133.332
5.78  133.951  0  91.2696  61.775  0  13.7232  133.949
5.79  134.57  0  91.4065  61.9422  0  13.6623  134.568
5.8  135.19  0  91.5428  62.1095  0  13.6012  135.188
5.81  135.812  0  91.6785  62.2768  0  13.5398  135.81
5.82  136.436  0  91.8136  62.4441  0  13.4781  136.434
5.83  137.061  0  91.9481  62.6116  0  13.4162  137.059
5.84  137.688  0  92.0819  62.7791  0  13.354  137.686
5.85  138.316  0  92.2152  62.9467  0  13.2916  138.314
5.86  138.947  0  92.3478  63.1143  0  13.229  138.945
5.87  139.579  0  92.4798  63.282  0  13.1661  139.577
5.88  140.212  0  92.6111  63.4498  0  13.103  140.21
5.89  140.848  0  92.7418  63.6176  0  13.0396  140.846
5.9  141.485  0  92.8719  63.7855  0  12.976  141.483
5.91  142.123  0  93.0013  63.9535  0  12.9121  142.121
5.92  142.764  0  93.1301  64.1215  0  12.848  142.762
5.93  143.406  0  93.2583  64.2896  0  12.7836  143.404
5.94  144.05  0  93.3858  64.4578  0  12.719  144.048
5.95  144.695  0  93.5127  64.626  0  12.6541  144.693
5.96  145.342  0  93.6389  64.7943  0  12.5891  145.34
5.97  145.991  0  93.7645  64.9626  0  12.5237  145.989
5.98  146.641  0  93.8894  65.131  0  12.4581  146.639
5.99  147.294  0  94.0136  65.2995  0  12.3923  147.291
6  147.947  0  94.1372  65.468  0  12.3263  147.945
6.01  148.603  0  94.2601  65.6365  0  12.26  148.601
6.02  149.26  0  94.3824  65.8052  0  12.1934  149.258
6.03  149.919  0  94.504  65.9739  0  12.1266  149.917
6.04  150.58  0  94.6249  66.1426  0  12.0596  150.577
6.05  151.242  0  94.7452  66.3114  0  11.9923  151.24
6.06  151.906  0  94.8648  66.4803  0  11.9248  151.904
6.07  152.571  0  94.9837  66.6492  0  11.8571  152.569
6.08  153.239  0  95.1019  66.8182  0  11.7891  153.237
6.09  153.908  0  95.2195  66.9872  0  11.7209  153.906
6.1  154.579  0  95.3363  67.1563  0  11.6525  154.576
6.11  155.251  0  95.4525  67.3254  0  11.5838  155.249
6.12  155.925  0  95.568  67.4946  0  11.5148  155.923
6.13  156.601  0  95.6828  67.6639  0  11.4457  156.599
6.14  157.278  0  95.7969  67.8332  0  11.3763  157.276
6.15  157.958  0  95.9103  68.0025  0  11.3066  157.955
6.16  158.638  0  96.0231  68.1719  0  11.2368  158.636
6.17  159.321  0  96.1351  68.3414  0  11.1667  159.319
6.18  160.005  0  96.2464  68.5109  0  11.0963  160.003
6.19  160.691  0  96.357  68.6805  0  11.0258  160.689
6.2  161.379  0  96.4669  68.8501  0  10.955  161.376
6.21  162.068  0  96.5761  69.0198  0  10.8839  162.066
6.22  162.759  0  96.6846  69.1895  0  10.8126  162.757
6.23  163.452  0  96.7924  69.3592  0  10.7411  163.449
6.24  164.146  0  96.8994  69.5291  0  10.6694  164.144
6.25  164.843  0  97.0057  69.6989  0  10.5974  164.84
6.26  165.54  0  97.1114  69.8688  0  10.5252  165.538
6.27  166.24  0  97.2162  70.0388  0  10.4528  166.237
6.28  166.941  0  97.3204  70.2088  0  10.3801  166.939
6.29  167.644  0  97.4238  70.3788  0  10.3073  167.642
6.3  168.349  0  97.5266  70.549  0  10.2341  168.346
6.31  169.055  0  97.6285  70.7191  0  10.1608  169.053
6.32  169.763  0  97.7298  70.8893  0  10.0872  169.761
6.33  170.473  0  97.8303  71.0595  0  10.0134  170.47
6.34  171.184  0  97.93  71.2298  0  9.93936  171.182
6.35  171.897  0  98.0291  71.4002  0  9.8651  171.895
6.36  172.612  0  98.1273  71.5705  0  9.79061  172.61
6.37  173.329  0  98.2249  71.741  0  9.71589  173.326
6.38  174.047  0  98.3217  71.9114  0  9.64094  174.044
6.39  174.767  0  98.4177  72.0819  0  9.56577  174.764
6.4  175.489  0  98.513  72.2525  0  9.49038  175.486
6.41  176.212  0  98.6075  72.4231  0  9.41475  176.209
6.42  176.937  0  98.7013  72.5937  0  9.33891  176.934
6.43  177.664  0  98.7943  72.7644  0  9.26283  177.661
6.44  178.393  0  98.8865  72.9351  0  9.18654  178.39
6.45  179.123  0  98.978  73.1059  0  9.11002  179.12
6.46  179.855  0  99.0687  73.2767  0  9.03327  179.852
6.47  180.588  0  99.1587  73.4476  0  8.95631  180.585
6.48  181.324  0  99.2478  73.6185  0  8.87912  181.321
6.49  182.061  0  99.3362  73.7894  0  8.8017  182.058
6.5  182.799  0  99.4239  73.9604  0  8.72407  182.797
6.51  183.54  0  99.5107  74.1314  0  8.64621  183.537
6.52  184.282  0  99.5968  74.3024  0  8.56814  184.279
6.53  185.026  0  99.6821  74.4735  0  8.48984  185.023
6.54  185.771  0  99.7666  74.6446  0  8.41132  185.769
6.55  186.519  0  99.8503  74.8158  0  8.33258  186.516
6.56  187.268  0  99.9332  74.987  0  8.25362  187.265
6.57  188.019  0  100.015  75.1582  0  8.17444  188.016
6.58  188.771  0  100.097  75.3295  0  8.09504  188.768
6.59  189.525  0  100.177  75.5008  0  8.01543  189.522
6.6  190.281  0  100.257  75.6722  0  7.93559  190.278
6.61  191.039  0  100.336  75.8436  0  7.85554  191.036
6.62  191.798  0  100.414  76.015  0  7.77527  191.795
6.63  192.559  0  100.492  76.1865  0  7.69478  192.556
6.64  193.322  0  100.568  76.3579  0  7.61408  193.319
6.65  194.086  0  100.644  76.5295  0  7.53316  194.083
6.66  194.852  0  100.719  76.701  0  7.45202  194.849
6.67  195.62  0  100.793  76.8726  0  7.37067  195.617
6.68  196.39  0  100.866  77.0443  0  7.2891  196.387
6.69  197.161  0  100.939  77.2159  0  7.20732  197.158
6.7  197.934  0  101.01  77.3876  0  7.12532  197.931
6.71  198.709  0  101.081  77.5594  0  7.04311  198.706
6.72  199.485  0  101.151  77.7312  0  6.96069  199.482
6.73  200.263  0  101.22  77.903  0  6.87805  200.26
6.74  201.043  0  101.289  78.0748  0  6.7952  201.04
6.75  201.825  0  101.356  78.2466  0  6.71213  201.822
6.76  202.608  0  101.423  78.4185  0  6.62886  202.605
6.77  203.393  0  101.489  78.5905  0  6.54537  203.39
6.78  204.18  0  101.554  78.7624  0  6.46167  204.177
6.79  204.968  0  101.618  78.9344  0  6.37776  204.965
6.8  205.759  0  101.681  79.1064  0  6.29363  205.755
6.81  206.551  0  101.744  79.2785  0  6.2093  206.547
6.82  207.344  0  101.806  79.4506  0  6.12476  207.341
6.83  208.14  0  101.866  79.6227  0  6.04001  208.136
6.84  208.937  0  101.926  79.7948  0  5.95504  208.933
6.85  209.735  0  101.986  79.967  0  5.86987  209.732
6.86  210.536  0  102.044  80.1392  0  5.78449  210.533
6.87  211.338  0  102.101  80.3114  0  5.6989  211.335
6.88  212.142  0  102.158  80.4837  0  5.61311  212.139
6.89  212.948  0  102.213  80.656  0  5.5271  212.945
6.9  213.755  0  102.268  80.8283  0  5.44089  213.752
6.91  214.564  0  102.322  81.0006  0  5.35447  214.561
6.92  215.375  0  102.375  81.173  0  5.26785  215.372
6.93  216.188  0  102.428  81.3454  0  5.18102  216.184
6.94  217.002  0  102.479  81.5178  0  5.09398  216.999
6.95  217.818  0  102.53  81.6902  0  5.00674  217.815
6.96  218.636  0  102.579  81.8627  0  4.91929  218.633
6.97  219.456  0  102.628  82.0352  0  4.83164  219.452
6.98  220.277  0  102.676  82.2077  0  4.74378  220.273
6.99  221.1  0  102.723  82.3803  0  4.65572  221.096
7  221.924  0  102.769  82.5528  0  4.56746  221.921
7.01  222.751  0  102.814  82.7254  0  4.47899  222.747
7.02  223.579  0  102.858  82.8981  0  4.39032  223.575
7.03  224.409  0  102.902  83.0707  0  4.30145  224.405
7.04  225.24  0  102.944  83.2434  0  4.21237  225.237
7.05  226.074  0  102.986  83.4161  0  4.12309  226.07
7.06  226.909  0  103.027  83.5888  0  4.03361  226.905
7.07  227.745  0  103.067  83.7615  0  3.94393  227.742
7.08  228.584  0  103.106  83.9343  0  3.85405  228.58
7.09  229.424  0  103.144  84.1071  0  3.76397  229.42
7.1  230.266  0  103.181  84.2799  0  3.67369  230.262
7.11  231.11  0  103.217  84.4527  0  3.58321  231.106
7.12  231.955  0  103.253  84.6256  0  3.49253  231.951
7.13  232.802  0  103.287  84.7985  0  3.40165  232.798
7.14  233.651  0  103.321  84.9714  0  3.31057  233.647
7.15  234.502  0  103.353  85.1443  0  3.21929  234.498
7.16  235.354  0  103.385  85.3172  0  3.12782  235.35
7.17  236.208  0  103.416  85.4902  0  3.03614  236.204
7.18  237.064  0  103.446  85.6632  0  2.94427  237.06
7.19  237.921  0  103.475  85.8362  0  2.85221  237.917
7.2  238.78  0  103.503  86.0092  0  2.75994  238.777
7.21  239.641  0  103.53  86.1822  0  2.66748  239.638
7.22  240.504  0  103.556  86.3553  0  2.57482  240.5
7.23  241.368  0  103.582  86.5284  0  2.48197  241.365
7.24  242.235  0  103.606  86.7015  0  2.38892  242.231
7.25  243.103  0  103.629  86.8746  0  2.29568  243.099
7.26  243.972  0  103.652  87.0477  0  2.20225  243.968
7.27  244.843  0  103.673  87.2209  0  2.10861  244.84
7.28  245.717  0  103.694  87.3941  0  2.01479  245.713
7.29  246.591  0  103.714  87.5673  0  1.92077  246.587
7.3  247.468  0  103.732  87.7405  0  1.82656  247.464
7.31  248.346  0  103.75  87.9137  0  1.73215  248.342
7.32  249.226  0  103.767  88.0869  0  1.63755  249.222
7.33  250.108  0  103.783  88.2602  0  1.54276  250.104
7.34  250.991  0  103.798  88.4335  0  1.44778  250.987
7.35  251.877  0  103.812  88.6068  0  1.35261  251.872
7.36  252.764  0  103.825  88.7801  0  1.25724  252.759
7.37  253.652  0  103.837  88.9534  0  1.16169  253.648
7.38  254.543  0  103.848  89.1268  0  1.06594  254.538
7.39  255.435  0  103.858  89.3001  0  0.970004  255.431
7.4  256.329  0  103.868  89.4735  0  0.873878  256.324
7.41  257.224  0  103.876  89.6469  0  0.777562  257.22
7.42  258.122  0  103.883  89.8203  0  0.681056  258.117
7.43  259.021  0  103.89  89.9937  0  0.584362  259.016
7.44  259.921  0  103.895  90.1672  0  0.487479  259.917
7.45  260.824  0  103.899  90.3406  0  0.390408  260.82
7.46  261.728  0  103.903  90.5141  0  0.293148  261.724
7.47  262.634  0  103.905  90.6876  0  0.195702  262.63
7.48  263.542  0  103.907  90.8611  0  0.0980674  263.538
7.49  264.451  0  103.907  91.0346  0  0.000246375  264.447
7.5  265.363  0  103.907  91.2081  0  -0.0977613  265.358
7.51  266.276  0  103.905  91.3816  0  -0.195955  266.271
7.52  267.19  0  103.903  91.5552  0  -0.294335  267.186
7.53  268.107  0  103.899  91.7287  0  -0.392901  268.102
7.54  269.025  0  103.895  91.9023  0  -0.491652  269.02
7.55  269.945  0  103.889  92.0759  0  -0.590588  269.94
7.56  270.866  0  103.883  92.2495  0  -0.689709  270.862
7.57  271.79  0  103.876  92.4231  0  -0.789014  271.785
7.58  272.715  0  103.867  92.5967  0  -0.888503  272.71
7.59  273.642  0  103.858  92.7704  0  -0.988176  273.637
7.6  274.57  0  103.847  92.944  0  -1.08803  274.566
7.61  275.501  0  103.836  93.1177  0  -1.18807  275.496
7.62  276.433  0  103.824  93.2914  0  -1.28829  276.428
7.63  277.366  0  103.81  93.465  0  -1.3887  277.362
7.64  278.302  0  103.796  93.6387  0  -1.48928  278.297
7.65  279.239  0  103.781  93.8124  0  -1.59005  279.235
7.66  280.178  0  103.764  93.9861  0  -1.691  280.174
7.67  281.119  0  103.747  94.1599  0  -1.79213  281.114
7.68  282.061  0  103.728  94.3336  0  -1.89345  282.057
7.69  283.006  0  103.709  94.5074  0  -1.99494  283.001
7.7  283.951  0  103.688  94.6811  0  -2.09661  283.947
7.71  284.899  0  103.667  94.8549  0  -2.19846  284.895
7.72  285.849  0  103.644  95.0286  0  -2.3005  285.844
7.73  286.8  0  103.621  95.2024  0  -2.40271  286.795
7.74  287.753  0  103.596  95.3762  0  -2.5051  287.748
7.75  288.707  0  103.571  95.55  0  -2.60767  288.703
7.76  289.664  0  103.544  95.7238  0  -2.71041  289.659
7.77  290.622  0  103.517  95.8977  0  -2.81334  290.617
7.78  291.582  0  103.488  96.0715  0  -2.91644  291.577
7.79  292.543  0  103.458  96.2453  0  -3.01972  292.538
7.8  293.507  0  103.428  96.4192  0  -3.12318  293.502
7.81  294.472  0  103.396  96.593  0  -3.22682  294.467
7.82  295.438  0  103.363  96.7669  0  -3.33063  295.434
7.83  296.407  0  103.329  96.9407  0  -3.43462  296.402
7.84  297.377  0  103.294  97.1146  0  -3.53878  297.372
7.85  298.349  0  103.258  97.2885  0  -3.64312  298.344
7.86  299.323  0  103.221  97.4624  0  -3.74763  299.318
7.87  300.298  0  103.183  97.6363  0  -3.85232  300.294
7.88  301.276  0  103.144  97.8102  0  -3.95718  301.271
7.89  302.255  0  103.104  97.9841  0  -4.06222  302.25
7.9  303.235  0  103.063  98.158  0  -4.16744  303.23
7.91  304.218  0  103.021  98.3319  0  -4.27282  304.213
7.92  305.202  0  102.978  98.5059  0  -4.37838  305.197
7.93  306.188  0  102.933  98.6798  0  -4.48411  306.183
7.94  307.176  0  102.888  98.8538  0  -4.59002  307.171
7.95  308.165  0  102.842  99.0277  0  -4.6961  308.16
7.96  309.156  0  102.794  99.2017  0  -4.80235  309.151
7.97  310.149  0  102.746  99.3756  0  -4.90877  310.144
7.98  311.144  0  102.696  99.5496  0  -5.01536  311.139
7.99  312.14  0  102.645  99.7235  0  -5.12213  312.135
8  313.138  0  102.593  99.8975  0  -5.22906  313.133
8.01  314.138  0  102.541  100.071  0  -5.33617  314.133
8.02  315.14  0  102.487  100.245  0  -5.44345  315.134
8.03  316.143  0  102.432  100.419  0  -5.5509  316.138
8.04  317.148  0  102.376  100.593  0  -5.65852  317.143
8.05  318.155  0  102.319  100.767  0  -5.7663  318.15
8.06  319.163  0  102.26  100.941  0  -5.87426  319.158
8.07  320.174  0  102.201  101.115  0  -5.98239  320.168
8.08  321.186  0  102.141  101.289  0  -6.09068  321.18
8.09  322.199  0  102.079  101.463  0  -6.19914  322.194
8.1  323.215  0  102.017  101.637  0  -6.30777  323.21
8.11  324.232  0  101.953  101.812  0  -6.41657  324.227
8.12  325.251  0  101.888  101.986  0  -6.52554  325.246
8.13  326.272  0  101.823  102.16  0  -6.63467  326.267
8.14  327.294  0  101.756  102.334  0  -6.74397  327.289
8.15  328.319  0  101.688  102.508  0  -6.85344  328.313
8.16  329.344  0  101.619  102.682  0  -6.96308  329.339
8.17  330.372  0  101.548  102.856  0  -7.07288  330.367
8.18  331.402  0  101.477  103.03  0  -7.18284  331.396
8.19  332.433  0  101.405  103.204  0  -7.29297  332.427
8.2  333.466  0  101.331  103.378  0  -7.40327  333.46
8.21  334.5  0  101.257  103.552  0  -7.51373  334.495
8.22  335.537  0  101.181  103.726  0  -7.62436  335.531
8.23  336.575  0  101.104  103.9  0  -7.73515  336.569
8.24  337.615  0  101.026  104.074  0  -7.8461  337.609
8.25  338.656  0  100.947  104.248  0  -7.95722  338.651
8.26  339.7  0  100.867  104.422  0  -8.06851  339.694
8.27  340.745  0  100.786  104.596  0  -8.17995  340.739
8.28  341.792  0  100.704  104.77  0  -8.29156  341.786
8.29  342.84  0  100.62  104.944  0  -8.40333  342.835
8.3  343.89  0  100.536  105.118  0  -8.51527  343.885
8.31  344.942  0  100.45  105.292  0  -8.62736  344.937
8.32  345.996  0  100.363  105.466  0  -8.73962  345.991
8.33  347.052  0  100.275  105.641  0  -8.85204  347.046
8.34  348.109  0  100.186  105.815  0  -8.96462  348.104
8.35  349.168  0  100.096  105.989  0  -9.07736  349.163
8.36  350.229  0  100.004  106.163  0  -9.19027  350.223
8.37  351.291  0  99.912  106.337  0  -9.30333  351.286
8.38  352.356  0  99.8184  106.511  0  -9.41655  352.35
8.39  353.422  0  99.7236  106.685  0  -9.52994  353.416
8.4  354.489  0  99.6278  106.859  0  -9.64348  354.484
8.41  355.559  0  99.5308  107.033  0  -9.75719  355.553
8.42  356.63  0  99.4326  107.207  0  -9.87105  356.624
8.43  357.703  0  99.3333  107.381  0  -9.98507  357.697
8.44  358.778  0  99.2329  107.555  0  -10.0992  358.772
8.45  359.854  0  99.1313  107.729  0  -10.2136  359.848
8.46  360.932  0  99.0286  107.903  0  -10.3281  360.927
8.47  362.012  0  98.9248  108.077  0  -10.4427  362.006
8.48  363.094  0  98.8198  108.251  0  -10.5575  363.088
8.49  364.177  0  98.7136  108.425  0  -10.6725  364.171
8.5  365.262  0  98.6063  108.599  0  -10.7876  365.257
8.51  366.349  0  98.4979  108.774  0  -10.9029  366.343
8.52  367.438  0  98.3883  108.948  0  -11.0184  367.432
8.53  368.528  0  98.2775  109.122  0  -11.134  368.522
8.54  369.62  0  98.1656  109.296  0  -11.2497  369.614
8.55  370.714  0  98.0525  109.47  0  -11.3656  370.708
8.56  371.81  0  97.9383  109.644  0  -11.4817  371.804
8.57  372.907  0  97.8229  109.818  0  -11.5979  372.901
8.58  374.006  0  97.7063  109.992  0  -11.7143  374
8.59  375.107  0  97.5886  110.166  0  -11.8308  375.101
8.6  376.209  0  97.4697  110.34  0  -11.9475  376.203
8.61  377.313  0  97.3496  110.514  0  -12.0643  377.308
8.62  378.419  0  97.2284  110.688  0  -12.1813  378.414
8.63  379.527  0  97.106  110.862  0  -12.2985  379.521
8.64  380.637  0  96.9824  111.036  0  -12.4158  380.631
8.65  381.748  0  96.8577  111.21  0  -12.5332  381.742
8.66  382.861  0  96.7318  111.384  0  -12.6508  382.855
8.67  383.976  0  96.6047  111.558  0  -12.7686  383.97
8.68  385.092  0  96.4764  111.732  0  -12.8865  385.086
8.69  386.21  0  96.347  111.906  0  -13.0045  386.204
8.7  387.33  0  96.2163  112.08  0  -13.1227  387.324
8.71  388.452  0  96.0845  112.254  0  -13.2411  388.446
8.72  389.575  0  95.9515  112.428  0  -13.3596  389.569
8.73  390.7  0  95.8173  112.602  0  -13.4783  390.695
8.74  391.827  0  95.6819  112.776  0  -13.5971  391.821
8.75  392.956  0  95.5454  112.95  0  -13.7161  392.95
8.76  394.086  0  95.4076  113.124  0  -13.8352  394.08
8.77  395.218  0  95.2687  113.298  0  -13.9545  395.213
8.78  396.352  0  95.1285  113.472  0  -14.0739  396.346
8.79  397.488  0  94.9872  113.646  0  -14.1934  397.482
8.8  398.625  0  94.8446  113.82  0  -14.3132  398.619
8.81  399.764  0  94.7009  113.994  0  -14.433  399.758
8.82  400.905  0  94.556  114.168  0  -14.553  400.899
8.83  402.048  0  94.4099  114.342  0  -14.6732  402.042
8.84  403.192  0  94.2625  114.515  0  -14.7935  403.186
8.85  404.338  0  94.114  114.689  0  -14.914  404.332
8.86  405.486  0  93.9642  114.863  0  -15.0346  405.48
8.87  406.635  0  93.8133  115.037  0  -15.1553  406.629
8.88  407.786  0  93.6611  115.211  0  -15.2762  407.78
8.89  408.939  0  93.5078  115.385  0  -15.3973  408.933
8.9  410.094  0  93.3532  115.559  0  -15.5185  410.088
8.91  411.251  0  93.1974  115.733  0  -15.6398  411.245
8.92  412.409  0  93.0404  115.907  0  -15.7613  412.403
8.93  413.569  0  92.8822  116.081  0  -15.8829  413.563
8.94  414.73  0  92.7227  116.255  0  -16.0047  414.724
8.95  415.894  0  92.5621  116.428  0  -16.1266  415.888
8.96  417.059  0  92.4002  116.602  0  -16.2487  417.053
8.97  418.226  0  92.2371  116.776  0  -16.3709  418.22
8.98  419.394  0  92.0728  116.95  0  -16.4933  419.388
8.99  420.565  0  91.9072  117.124  0  -16.6158  420.559
9  421.737  0  91.7405  117.298  0  -16.7385  421.731
9.01  422.911  0  91.5725  117.471  0  -16.8613  422.905
9.02  424.086  0  91.4032  117.645  0  -16.9842  424.08
9.03  425.264  0  91.2328  117.819  0  -17.1073  425.258
9.04  426.443  0  91.0611  117.993  0  -17.2305  426.437
9.05  427.624  0  90.8882  118.167  0  -17.3539  427.617
9.06  428.806  0  90.714  118.341  0  -17.4774  428.8
9.07  429.99  0  90.5386  118.514  0  -17.601  429.984
9.08  431.176  0  90.362  118.688  0  -17.7248  431.17
9.09  432.364  0  90.1841  118.862  0  -17.8488  432.358
9.1  433.554  0  90.005  119.036  0  -17.9729  433.548
9.11  434.745  0  89.8247  119.209  0  -18.0971  434.739
9.12  435.938  0  89.6431  119.383  0  -18.2214  435.932
9.13  437.133  0  89.4602  119.557  0  -18.346  437.126
9.14  438.329  0  89.2762  119.731  0  -18.4706  438.323
9.15  439.527  0  89.0908  119.904  0  -18.5954  439.521
9.16  440.727  0  88.9042  120.078  0  -18.7203  440.721
9.17  441.929  0  88.7164  120.252  0  -18.8454  441.923
9.18  443.132  0  88.5273  120.426  0  -18.9706  443.126
9.19  444.337  0  88.337  120.599  0  -19.096  444.331
9.2  445.544  0  88.1454  120.773  0  -19.2214  445.538
9.21  446.753  0  87.9526  120.947  0  -19.3471  446.747
9.22  447.963  0  87.7585  121.12  0  -19.4728  447.957
9.23  449.175  0  87.5631  121.294  0  -19.5988  449.169
9.24  450.389  0  87.3665  121.468  0  -19.7248  450.383
9.25  451.604  0  87.1686  121.641  0  -19.851  451.598
9.26  452.822  0  86.9695  121.815  0  -19.9773  452.816
9.27  454.041  0  86.7691  121.989  0  -20.1038  454.035
9.28  455.261  0  86.5674  122.162  0  -20.2304  455.255
9.29  456.484  0  86.3645  122.336  0  -20.3571  456.478
9.3  457.708  0  86.1603  122.51  0  -20.484  457.702
9.31  458.934  0  85.9548  122.683  0  -20.611  458.928
9.32  460.162  0  85.748  122.857  0  -20.7382  460.156
9.33  461.391  0  85.54  123.03  0  -20.8654  461.385
9.34  462.622  0  85.3307  123.204  0  -20.9929  462.616
9.35  463.855  0  85.1202  123.378  0  -21.1204  463.849
9.36  465.09  0  84.9083  123.551  0  -21.2481  465.084
9.37  466.326  0  84.6952  123.725  0  -21.376  466.32
9.38  467.565  0  84.4808  123.898  0  -21.5039  467.558
9.39  468.804  0  84.2651  124.072  0  -21.632  468.798
9.4  470.046  0  84.0482  124.245  0  -21.7603  470.04
9.41  471.289  0  83.8299  124.419  0  -21.8886  471.283
9.42  472.534  0  83.6104  124.592  0  -22.0172  472.528
9.43  473.781  0  83.3896  124.766  0  -22.1458  473.775
9.44  475.03  0  83.1675  124.939  0  -22.2746  475.023
9.45  476.28  0  82.9441  125.113  0  -22.4035  476.274
9.46  477.532  0  82.7194  125.286  0  -22.5325  477.526
9.47  478.786  0  82.4934  125.46  0  -22.6617  478.779
9.48  480.041  0  82.2662  125.633  0  -22.791  480.035
9.49  481.298  0  82.0376  125.807  0  -22.9205  481.292
9.5  482.557  0  81.8078  125.98  0  -23.0501  482.551
9.51  483.818  0  81.5766  126.153  0  -23.1798  483.812
9.52  485.08  0  81.3442  126.327  0  -23.3096  485.074
9.53  486.344  0  81.1104  126.5  0  -23.4396  486.338
9.54  487.61  0  80.8754  126.674  0  -23.5697  487.604
9.55  488.878  0  80.639  126.847  0  -23.7  488.872
9.56  490.147  0  80.4014  127.02  0  -23.8303  490.141
9.57  491.418  0  80.1624  127.194  0  -23.9608  491.412
9.58  492.691  0  79.9222  127.367  0  -24.0915  492.685
9.59  493.966  0  79.6806  127.54  0  -24.2222  493.959
9.6  495.242  0  79.4377  127.714  0  -24.3531  495.236
9.61  496.52  0  79.1935  127.887  0  -24.4842  496.514
9.62  497.8  0  78.948  128.06  0  -24.6153  497.793
9.63  499.081  0  78.7012  128.234  0  -24.7466  499.075
9.64  500.364  0  78.4531  128.407  0  -24.8781  500.358
9.65  501.649  0  78.2037  128.58  0  -25.0096  501.643
9.66  502.936  0  77.9529  128.753  0  -25.1413  502.93
9.67  504.224  0  77.7008  128.927  0  -25.2731  504.218
9.68  505.514  0  77.4474  129.1  0  -25.4051  505.508
9.69  506.806  0  77.1927  129.273  0  -25.5371  506.8
9.7  508.1  0  76.9367  129.446  0  -25.6693  508.094
9.71  509.395  0  76.6793  129.62  0  -25.8017  509.389
9.72  510.692  0  76.4207  129.793  0  -25.9341  510.686
9.73  511.991  0  76.1607  129.966  0  -26.0667  511.985
9.74  513.292  0  75.8993  130.139  0  -26.1994  513.286
9.75  514.594  0  75.6367  130.312  0  -26.3323  514.588
9.76  515.898  0  75.3727  130.485  0  -26.4652  515.892
9.77  517.204  0  75.1074  130.659  0  -26.5983  517.197
9.78  518.511  0  74.8407  130.832  0  -26.7316  518.505
9.79  519.82  0  74.5727  131.005  0  -26.8649  519.814
9.8  521.131  0  74.3034  131.178  0  -26.9984  521.125
9.81  522.444  0  74.0328  131.351  0  -27.132  522.438
9.82  523.758  0  73.7608  131.524  0  -27.2657  523.752
9.83  525.074  0  73.4874  131.697  0  -27.3996  525.068
9.84  526.392  0  73.2128  131.87  0  -27.5336  526.386
9.85  527.712  0  72.9368  132.043  0  -27.6677  527.706
9.86  529.033  0  72.6594  132.216  0  -27.8019  529.027
9.87  530.356  0  72.3807  132.389  0  -27.9363  530.35
9.88  531.681  0  72.1007  132.562  0  -28.0708  531.675
9.89  533.007  0  71.8193  132.735  0  -28.2054  533.001
9.9  534.335  0  71.5366  132.908  0  -28.3401  534.329
9.91  535.665  0  71.2525  133.081  0  -28.475  535.659
9.92  536.997  0  70.9671  133.254  0  -28.61  536.991
9.93  538.33  0  70.6803  133.427  0  -28.7451  538.325
9.94  539.666  0  70.3922  133.6  0  -28.8803  539.66
9.95  541.002  0  70.1027  133.773  0  -29.0157  540.997
9.96  542.341  0  69.8119  133.946  0  -29.1512  542.335
9.97  543.681  0  69.5197  134.119  0  -29.2868  543.675
9.98  545.023  0  69.2261  134.292  0  -29.4225  545.018
9.99  546.367  0  68.9312  134.465  0  -29.5584  546.361
10  547.713  0  68.635  134.637  0  -29.6944  547.707
10.01  549.06  0  68.3373  134.81  0  -29.8305  549.054
10.02  550.409  0  68.0384  134.983  0  -29.9667  550.403
10.03  551.76  0  67.738  135.156  0  -30.103  551.754
10.04  553.112  0  67.4363  135.329  0  -30.2395  553.106
10.05  554.466  0  67.1332  135.502  0  -30.3761  554.46
10.06  555.822  0  66.8288  135.674  0  -30.5128  555.816
10.07  557.18  0  66.523  135.847  0  -30.6497  557.174
10.08  558.539  0  66.2158  136.02  0  -30.7866  558.533
10.09  559.9  0  65.9072  136.193  0  -30.9237  559.894
10.1  561.263  0  65.5973  136.365  0  -31.0609  561.257
10.11  562.627  0  65.286  136.538  0  -31.1982  562.622
10.12  563.994  0  64.9733  136.711  0  -31.3357  563.988
10.13  565.362  0  64.6593  136.883  0  -31.4732  565.356
10.14  566.731  0  64.3439  137.056  0  -31.6109  566.726
10.15  568.103  0  64.0271  137.229  0  -31.7487  568.097
10.16  569.476  0  63.7089  137.401  0  -31.8866  569.47
10.17  570.851  0  63.3894  137.574  0  -32.0247  570.845
10.18  572.227  0  63.0684  137.747  0  -32.1628  572.222
10.19  573.606  0  62.7461  137.919  0  -32.3011  573.6
10.2  574.986  0  62.4224  138.092  0  -32.4395  574.98
10.21  576.368  0  62.0973  138.265  0  -32.5781  576.362
10.22  577.751  0  61.7708  138.437  0  -32.7167  577.745
10.23  579.136  0  61.443  138.61  0  -32.8555  579.131
10.24  580.523  0  61.1137  138.782  0  -32.9943  580.518
10.25  581.912  0  60.7831  138.955  0  -33.1333  581.906
10.26  583.302  0  60.4511  139.127  0  -33.2725  583.297
10.27  584.694  0  60.1176  139.3  0  -33.4117  584.689
10.28  586.088  0  59.7828  139.472  0  -33.551  586.083
10.29  587.484  0  59.4466  139.645  0  -33.6905  587.478
10.3  588.881  0  59.109  139.817  0  -33.8301  588.876
10.31  590.28  0  58.77  139.99  0  -33.9698  590.275
10.32  591.681  0  58.4296  140.162  0  -34.1096  591.676
10.33  593.084  0  58.0878  140.335  0  -34.2496  593.078
10.34  594.488  0  57.7446  140.507  0  -34.3896  594.482
10.35  595.894  0  57.4  140.679  0  -34.5298  595.888
10.36  597.301  0  57.054  140.852  0  -34.6701  597.296
10.37  598.711  0  56.7066  141.024  0  -34.8105  598.705
10.38  600.122  0  56.3578  141.197  0  -34.951  600.117
10.39  601.535  0  56.0076  141.369  0  -35.0917  601.529
10.4  602.949  0  55.656  141.541  0  -35.2324  602.944
10.41  604.365  0  55.303  141.714  0  -35.3733  604.36
10.42  605.783  0  54.9485  141.886  0  -35.5143  605.778
10.43  607.203  0  54.5927  142.058  0  -35.6554  607.198
10.44  608.625  0  54.2354  142.23  0  -35.7966  608.619
10.45  610.048  0  53.8767  142.403  0  -35.9379  610.043
10.46  611.473  0  53.5166  142.575  0  -36.0794  611.468
10.47  612.899  0  53.1551  142.747  0  -36.2209  612.894
10.48  614.328  0  52.7922  142.919  0  -36.3626  614.323
10.49  615.758  0  52.4279  143.092  0  -36.5044  615.753
10.5  617.189  0  52.0621  143.264  0  -36.6463  617.184
10.51  618.623  0  51.695  143.436  0  -36.7883  618.618
10.52  620.058  0  51.3264  143.608  0  -36.9305  620.053
10.53  621.495  0  50.9564  143.78  0  -37.0727  621.49
10.54  622.934  0  50.5849  143.952  0  -37.2151  622.929
10.55  624.374  0  50.2121  144.125  0  -37.3576  624.369
10.56  625.816  0  49.8378  144.297  0  -37.5002  625.811
10.57  627.26  0  49.462  144.469  0  -37.6429  627.255
10.58  628.706  0  49.0849  144.641  0  -37.7857  628.701
10.59  630.153  0  48.7063  144.813  0  -37.9286  630.148
10.6  631.602  0  48.3263  144.985  0  -38.0716  631.597
10.61  633.053  0  47.9449  145.157  0  -38.2148  633.048
10.62  634.505  0  47.562  145.329  0  -38.3581  634.5
10.63  635.959  0  47.1777  145.501  0  -38.5014  635.954
10.64  637.415  0  46.792  145.673  0  -38.6449  637.41
10.65  638.873  0  46.4048  145.845  0  -38.7885  638.868
10.66  640.332  0  46.0162  146.017  0  -38.9322  640.327
10.67  641.793  0  45.6262  146.189  0  -39.0761  641.788
10.68  643.256  0  45.2347  146.361  0  -39.22  643.251
10.69  644.72  0  44.8418  146.533  0  -39.364  644.716
10.7  646.186  0  44.4474  146.705  0  -39.5082  646.182
10.71  647.654  0  44.0516  146.877  0  -39.6525  647.65
10.72  649.124  0  43.6544  147.048  0  -39.7969  649.119
10.73  650.595  0  43.2557  147.22  0  -39.9413  650.591
10.74  652.068  0  42.8556  147.392  0  -40.0859  652.064
10.75  653.543  0  42.454  147.564  0  -40.2307  653.539
10.76  655.02  0  42.0509  147.736  0  -40.3755  655.015
10.77  656.498  0  41.6465  147.908  0  -40.5204  656.494
10.78  657.978  0  41.2405  148.08  0  -40.6655  657.973
10.79  659.459  0  40.8332  148.251  0  -40.8106  659.455
10.8  660.943  0  40.4243  148.423  0  -40.9559  660.939
10.81  662.428  0  40.014  148.595  0  -41.1013  662.424
10.82  663.915  0  39.6023  148.767  0  -41.2467  663.911
10.83  665.403  0  39.1891  148.938  0  -41.3923  665.399
10.84  666.893  0  38.7745  149.11  0  -41.538  666.889
10.85  668.385  0  38.3583  149.282  0  -41.6838  668.381
10.86  669.879  0  37.9408  149.453  0  -41.8298  669.875
10.87  671.374  0  37.5217  149.625  0  -41.9758  671.371
10.88  672.872  0  37.1013  149.797  0  -42.1219  672.868
10.89  674.37  0  36.6793  149.969  0  -42.2682  674.367
10.9  675.871  0  36.2559  150.14  0  -42.4145  675.867
10.91  677.373  0  35.831  150.312  0  -42.561  677.369
10.92  678.877  0  35.4047  150.483  0  -42.7076  678.873
10.93  680.383  0  34.9769  150.655  0  -42.8543  680.379
10.94  681.89  0  34.5476  150.827  0  -43.0011  681.887
10.95  683.399  0  34.1168  150.998  0  -43.148  683.396
10.96  684.91  0  33.6846  151.17  0  -43.295  684.907
10.97  686.423  0  33.2509  151.342  0  -43.4421  686.419
10.98  687.937  0  32.8158  151.513  0  -43.5893  687.934
10.99  689.453  0  32.3792  151.685  0  -43.7367  689.45
11  690.971  0  31.9411  151.856  0  -43.8841  690.967
11.01  692.49  0  31.5015  152.028  0  -44.0317  692.487
11.02  694.011  0  31.0604  152.199  0  -44.1793  694.008
11.03  695.534  0  30.6179  152.371  0  -44.3271  695.531
11.04  697.059  0  30.1739  152.542  0  -44.475  697.055
11.05  698.585  0  29.7284  152.714  0  -44.623  698.582
11.06  700.113  0  29.2814  152.886  0  -44.7711  700.11
11.07  701.643  0  28.833  153.057  0  -44.9193  701.64
11.08  703.174  0  28.383  153.229  0  -45.0676  703.171
11.09  704.707  0  27.9316  153.4  0  -45.216  704.704
11.1  706.242  0  27.4787  153.572  0  -45.3646  706.239
11.11  707.779  0  27.0243  153.743  0  -45.5132  707.776
11.12  709.317  0  26.5684  153.915  0  -45.662  709.314
11.13  710.857  0  26.1111  154.086  0  -45.8108  710.854
11.14  712.399  0  25.6522  154.258  0  -45.9598  712.396
11.15  713.942  0  25.1919  154.429  0  -46.1089  713.939
11.16  715.487  0  24.7301  154.601  0  -46.2581  715.485
11.17  717.034  0  24.2667  154.772  0  -46.4074  717.031
11.18  718.583  0  23.8019  154.944  0  -46.5568  718.58
11.19  720.133  0  23.3356  155.116  0  -46.7063  720.13
11.2  721.685  0  22.8678  155.287  0  -46.8559  721.683
11.21  723.239  0  22.3985  155.459  0  -47.0056  723.236
11.22  724.794  0  21.9277  155.63  0  -47.1555  724.792
11.23  726.351  0  21.4554  155.802  0  -47.3055  726.349
11.24  727.91  0  20.9816  155.973  0  -47.4555  727.908
11.25  729.471  0  20.5062  156.145  0  -47.6057  729.469
11.26  731.033  0  20.0294  156.316  0  -47.756  731.031
11.27  732.597  0  19.5511  156.488  0  -47.9064  732.595
11.28  734.163  0  19.0713  156.66  0  -48.0569  734.161
11.29  735.73  0  18.59  156.831  0  -48.2075  735.728
11.3  737.3  0  18.1072  157.003  0  -48.3582  737.298
11.31  738.87  0  17.6228  157.174  0  -48.509  738.868
11.32  740.443  0  17.137  157.346  0  -48.66  740.441
11.33  742.017  0  16.6496  157.518  0  -48.811  742.015
11.34  743.593  0  16.1608  157.689  0  -48.9621  743.592
11.35  745.171  0  15.6704  157.861  0  -49.1135  745.169
11.36  746.751  0  15.1785  158.033  0  -49.2649  746.749
11.37  748.332  0  14.6851  158.204  0  -49.4163  748.33
11.38  749.915  0  14.1902  158.376  0  -49.5679  749.913
11.39  751.499  0  13.6937  158.548  0  -49.7196  751.498
11.4  753.086  0  13.1958  158.719  0  -49.8715  753.084
11.41  754.674  0  12.6963  158.891  0  -50.0234  754.672
11.42  756.264  0  12.1953  159.062  0  -50.1754  756.262
11.43  757.855  0  11.6928  159.234  0  -50.3275  757.854
11.44  759.448  0  11.1888  159.406  0  -50.4797  759.447
11.45  761.043  0  10.6832  159.577  0  -50.632  761.042
11.46  762.64  0  10.1761  159.749  0  -50.7843  762.639
11.47  764.238  0  9.66751  159.92  0  -50.9368  764.237
11.48  765.838  0  9.15738  160.091  0  -51.0893  765.837
11.49  767.44  0  8.64572  160.262  0  -51.2418  767.439
11.5  769.043  0  8.13254  160.433  0  -51.3944  769.042
11.51  770.649  0  7.61783  160.604  0  -51.5471  770.648
11.52  772.255  0  7.1016  160.774  0  -51.6998  772.255
11.53  773.864  0  6.58384  160.944  0  -51.8525  773.863
11.54  775.474  0  6.06455  161.114  0  -52.0052  775.474
11.55  777.086  0  5.54373  161.284  0  -52.158  777.086
11.56  778.7  0  5.02139  161.454  0  -52.3108  778.699
11.57  780.315  0  4.49752  161.623  0  -52.4636  780.315
11.58  781.933  0  3.97212  161.792  0  -52.6165  781.932
11.59  783.551  0  3.44519  161.961  0  -52.7693  783.551
11.6  785.172  0  2.91673  162.129  0  -52.9222  785.171
11.61  786.794  0  2.38675  162.297  0  -53.075  786.794
11.62  788.418  0  1.85523  162.465  0  -53.2279  788.417
11.63  790.043  0  1.32219  162.633  0  -53.3807  790.043
11.64  791.67  0  0.787616  162.8  0  -53.5335  791.67
11.65  793.299  0  0.251518  162.966  0  -53.6862  793.299
11.66  794.93  0  -0.286108  163.132  0  -53.839  794.93
