# x y z
0.395615 0.37014 0.00868596
0.0312661 -0.979196 -0.101415
0.258398 -0.207419 0.337504
-0.757301 -0.55955 -0.15367
-0.232883 -0.935545 -0.103533
-0.50566 -0.164404 -0.668667
0.423233 -0.497508 -0.103793
0.541153 0.533274 0.0210599
-0.225414 -0.577685 -0.587418
-0.378333 0.106843 0.813904
0.304159 -0.567592 -0.195431
-0.358769 0.550728 -0.176359
-0.479524 0.0724645 -0.697276
-0.495021 -0.488923 -0.427984
-0.174459 -0.557744 0.211639
0.203106 -0.255204 0.410108
0.583476 0.242453 0.211001
0.205248 -0.107233 -0.714872
0.0374389 0.91355 -0.111581
-0.0826451 -0.800611 0.164023
0.425535 0.386522 -0.813472
-0.847915 0.0276538 -0.207187
-0.619958 -0.0873797 -0.607196
-0.136797 0.650757 -0.698656
-0.074259 0.242473 0.942552
-0.250112 0.856343 -0.35999
-0.246327 0.0375018 0.102875
0.211858 0.658327 0.52297
-0.420795 0.329214 -0.686121
0.252563 -0.427916 -0.165847
0.359432 0.707809 -0.288156
0.369349 0.808435 -0.0142023
0.0727933 0.563872 -0.644918
0.173875 -0.452322 -0.598927
0.591235 -0.10025 0.591479
0.391906 0.0440673 0.512338
0.517204 -0.240262 -0.706047
0.318057 -0.242425 0.876692
0.0951321 -0.436511 -0.193216
0.0978616 0.404379 0.435468
0.453041 0.546963 -0.698142
-0.166573 -0.858967 -0.342752
0.330304 -0.639279 -0.159634
-0.866513 -0.0318478 0.347479
0.341887 0.0710639 -0.100772
0.329396 -0.0721893 0.181718
-0.425966 0.489118 0.447071
-0.229154 -0.346869 -0.43086
-0.259523 0.347309 0.794699
-0.266088 -0.00637788 -0.21798
-0.0535096 0.630817 -0.21344
0.67482 0.61116 -0.0308081
-0.484017 -0.229104 -0.0419064
-0.12221 -0.767467 -0.206365
-0.0315837 -0.246701 -0.309684
0.758058 -0.109272 -0.0838485
-0.116949 -0.510668 -0.358141
-0.101658 0.680716 0.216216
-0.604601 -0.327629 -0.0300075
-0.168035 0.351721 0.474613
-0.778859 -0.543105 -0.246583
-0.617873 0.321186 -0.0621364
-0.122766 0.383076 -0.507795
-0.2031 0.61826 -0.524139
-0.199756 -0.219517 0.0249468
0.761487 0.623218 0.0393374
0.0204488 0.318429 -0.650515
-0.54434 -0.440614 0.10337
-0.163202 -0.838316 -0.0107721
-0.463394 -0.402624 0.590266
0.182347 -0.0238609 0.537666
0.502191 0.141566 -0.648306
-0.543058 0.628323 0.157527
-0.713044 -0.469449 -0.465825
0.398813 -0.781439 -0.294143
-0.206907 0.247896 -0.857782
-0.171747 0.165683 -0.90832
0.665493 -0.606549 0.415551
0.0180843 -0.538467 -0.227018
0.0433685 0.0724346 -0.107756
-0.403347 -0.761531 -0.110376
-0.138021 -0.206399 -0.773562
0.563402 0.441732 0.563343
-0.37335 -0.353582 -0.186544
0.29601 -0.30447 0.558376
-0.619995 -0.0659945 0.307229
-0.310581 0.346966 -0.472105
-0.0858129 -0.776846 0.562346
0.521099 -0.269405 -0.687714
-0.0229447 -0.440315 -0.66473
0.100198 -0.301568 -0.389127
-0.430961 0.00272989 -0.358288
0.572878 0.0665791 -0.508657
-0.523703 0.637522 -0.440354
-0.170527 -0.381757 0.327902
0.270311 -0.188639 0.892174
-0.0999584 -0.533162 -0.00338578
-0.499908 -0.363452 0.23051
0.884527 0.147996 0.161256
-0.263108 0.624982 0.727747
-0.121521 -0.269971 0.243584
-0.615623 0.22769 0.377586
0.82475 0.161401 0.0681589
-0.127716 -0.389509 0.231306
-0.194347 0.52642 0.119966
-0.761603 -0.153436 0.035902
0.000107127 0.817159 0.381996
0.236192 0.673599 0.0943014
-0.836026 0.0499096 0.318318
0.0371479 -0.710018 0.604354
-0.0025319 0.705793 0.337148
0.641306 -0.60973 -0.303212
0.768973 0.216732 0.393906
-0.268314 -0.0224324 -0.952285
-0.373482 0.396284 0.830758
0.794706 -0.466015 -0.00833073
-0.0671456 -6.80295e-05 0.00242287
0.655024 0.405536 0.537887
-0.0922818 -0.450006 -0.718082
-0.843692 -0.312719 -0.225692
-0.30952 0.0481721 0.46013
0.205973 0.739999 -0.0787816
-0.0683473 0.472993 0.741738
0.254349 0.89967 -0.0740032
0.0595862 0.40746 -0.56803
0.13196 -0.177667 0.0256019
-0.277758 0.566612 0.0480824
0.516312 0.658093 0.490044
0.056056 -0.519046 0.440681
0.00144177 -0.207765 -0.204779
0.442917 -0.0152526 0.840739
-0.135374 -0.0760513 0.577933
-0.149857 -0.625669 -0.619216
0.310681 -0.052413 -0.224
0.231839 -0.62951 -0.27398
-0.321768 -0.148659 -0.746515
0.673651 0.00379768 0.423522
-0.778342 -0.270933 -0.129699
-0.494567 -0.788623 -0.271129
0.205041 -0.486948 -0.398435
-0.489997 0.776169 0.0887333
-0.470874 0.778831 -0.384591
0.221232 -0.104248 -0.0709217
0.212448 -0.172072 0.88283
0.832132 0.0861943 -0.0817019
-0.218808 -0.160848 0.55237
0.337869 -0.156476 -0.911484
0.566866 0.222047 0.566522
-0.244014 0.251451 0.503406
0.396995 0.158858 0.783527
-0.322857 0.305351 -0.478066
0.161232 -0.166519 -0.798595
0.289871 -0.849586 0.254216
-0.48355 -0.0174071 0.223731
0.136246 0.296332 0.262644
-0.189995 -0.751591 -0.00768378
0.52919 0.278811 0.223118
0.580847 0.50255 -0.0587284
0.362327 -0.759569 -0.0010067
-0.42357 0.010088 0.650652
-0.395541 0.146489 -0.762847
-0.51179 -0.47139 0.632133
-0.150565 -0.685278 0.309632
-0.316184 0.531643 0.0132575
-0.247967 -0.252762 0.921348
-0.0195717 0.288737 -0.24916
-0.273757 0.726925 -0.504564
0.322118 -0.650546 0.608467
0.388763 0.343916 0.030151
0.270146 0.799748 -0.485591
0.602439 -0.590176 0.232715
-0.293183 0.0289255 -0.405358
0.978729 -0.0599753 0.110056
0.387607 0.190066 0.0337581
0.0312784 -0.2611 -0.535599
0.562345 -0.446478 0.340161
0.346999 0.631027 0.435513
0.352728 0.315871 0.666944
0.279653 -0.113125 0.770989
-0.228712 -0.696138 0.621159
0.107815 -0.437278 0.536774
0.422366 0.575296 -0.0649029
-0.229192 0.849298 0.444776
-0.399276 0.0910597 0.0559832
0.306019 -0.256675 0.254463
0.000196928 0.323975 0.606304
0.710589 -0.204341 0.474582
-0.650927 -0.651585 0.155783
-0.364856 0.585642 0.399412
0.102376 -0.620179 -0.0364308
-0.341233 -0.0745128 -0.0744376
0.28848 0.439526 -0.0241906
-0.729241 -0.619476 0.20317
-0.549741 -0.16746 0.668021
-0.11361 -0.764203 -0.539022
-0.215739 0.374931 -0.147735
0.283968 0.718013 0.385956
-0.800062 0.141995 -0.387268
0.0312202 0.0318313 -0.146447
0.506576 0.027444 0.195482
-0.476986 -0.00569626 -0.199582
0.183261 0.00048036 0.440312
-0.566273 -0.0785155 0.211066
-0.241406 -0.280657 0.314934
0.534876 0.667502 0.379497
-0.592278 0.274643 -0.115083
-0.464384 -0.0326138 0.860288
0.167407 0.1134 0.318602
0.33323 0.399933 0.119725
-0.0722027 0.939214 -0.165358
0.345591 -0.488557 -0.777613
-0.223841 -0.429434 0.268323
-0.987812 -0.0874894 0.00302113
0.0619341 -0.337551 0.124429
0.180471 -0.062546 -0.773632
0.024459 -0.197018 -0.225007
0.145221 0.305722 -0.442445
-0.025848 -0.788834 0.0654012
0.340003 0.0888178 0.408636
0.0473153 0.955227 0.226912
-0.233572 -0.614505 0.500298
0.618743 0.626769 0.0357949
-0.287153 0.0446131 0.511591
0.254035 0.327221 -0.441024
-0.691161 0.645141 0.202344
-0.155766 0.033181 -0.355574
-0.108504 -0.432103 -0.48302
-0.230823 0.437134 -0.702952
0.77852 -0.213099 -0.122053
0.145394 -0.0366348 0.334169
0.299416 0.449026 -0.317712
0.0758552 0.305811 0.758853
0.0781691 0.25066 -0.880679
0.154638 0.044582 0.65265
0.0876011 0.390887 0.177741
0.49137 0.554613 0.629224
0.463077 -0.508798 -0.35953
-0.327971 0.922376 -0.108788
-0.459515 0.670175 -0.347593
-0.631235 0.701768 -0.0525166
0.0418672 -0.0311706 0.652702
-0.814169 -0.480194 -0.314031
-0.292205 -0.223725 -0.846886
0.786525 0.00837239 -0.547457
-0.503009 0.139993 -0.510377
-0.0926584 -0.344731 -0.874314
0.679331 0.119543 0.262552
0.0718904 0.125429 0.517882
-0.51651 0.106756 -0.511483
-0.170474 -0.482724 0.204547
0.606084 0.0831573 -0.581868
-0.703094 -0.267089 0.557387
-0.13304 0.305737 0.762126
0.149046 -0.516638 -0.0425131
-0.133099 0.435133 0.246976
0.158097 0.00716929 -0.292247
-0.203573 -0.468335 -0.193595
-0.00295493 -0.390586 -0.419743
0.171586 -0.730232 0.338229
-0.296337 0.70775 0.515806
0.91688 0.0953917 -0.252655
-0.516539 0.192824 -0.6507
0.327283 -0.499947 -0.761787
-0.543638 0.293806 -0.37647
-0.0725047 0.696527 -0.565149
0.455358 0.812639 0.102401
0.123606 0.904351 0.143472
-0.340849 0.24844 -0.759683
-0.256252 0.50942 0.46398
0.134695 0.350551 0.853437
-0.536409 0.421262 0.659305
0.429041 0.20111 0.867437
0.0880773 0.0978264 0.701832
-0.758672 -0.546808 -0.223254
-0.0986614 -0.613405 0.635208
0.578298 -0.121769 -0.465064
0.187248 0.595323 0.0503157
-0.305116 -0.483425 -0.519415
-0.0378987 0.862179 0.450383
0.101154 -0.713769 0.399052
0.359663 -0.402407 0.256459
0.816268 -0.110272 0.280059
-0.322578 0.15831 -0.0708529
-0.460445 0.344083 -0.0199469
-0.415826 0.401034 0.760057
-0.400056 -0.469286 -0.741035
-0.764533 0.385023 0.104303
-0.630995 -0.250939 0.365036
0.808161 -0.15521 0.191153
-0.0870513 0.590437 0.152483
0.443826 0.34476 -0.350012
0.0590602 -0.067638 0.732031
0.942957 -0.256697 -0.145928
0.566638 0.629534 -0.419553
-0.26405 0.317075 0.754772
-0.404042 0.0504483 -0.866596
-0.0615018 0.332996 0.557653
-0.143747 -0.49486 0.237813
0.136595 0.689151 -0.0165258
0.221157 -0.359006 -0.732044
0.0365951 -0.360541 -0.438369
-0.290834 0.0608851 -0.552403
-0.236152 -0.362378 0.632352
-0.0744199 0.544696 -0.464892
-0.668933 -0.44057 0.394413
-0.0775323 -0.55129 0.37216
-0.130627 0.240297 0.358856
0.746846 -0.651162 0.0171596
0.249051 0.698456 0.517207
-0.491124 0.277435 -0.0396652
-0.531701 -0.0741649 -0.348681
-0.417555 0.726114 -0.328879
-0.0995747 -0.526472 -0.180844
-0.0317322 0.796858 -0.0762167
-0.781099 -0.550113 0.234009
-0.654451 -0.021384 0.679109
-0.0672985 -0.208697 0.0651366
0.0103274 -0.696104 -0.329688
-0.517055 0.129222 -0.326176
0.236896 -0.762963 0.508704
-0.078218 -0.959023 0.181868
-0.157311 -0.549081 0.572531
-0.588059 0.193715 0.483853
0.0711665 0.483734 0.738079
-0.434657 0.0651614 0.40577
-0.228901 -0.700405 -0.415745
-0.260136 0.241606 0.549415
0.258575 -0.151312 -0.600732
-0.305444 -0.059438 -0.0893
0.16746 -0.554514 -0.214254
0.0301405 -0.418912 0.237948
0.654499 -0.568904 0.0770994
-0.223482 -0.221911 -0.947108
-0.406049 0.856025 -0.00800574
0.0974105 -0.520886 -0.684054
0.859668 -0.202073 0.294889
-0.0293987 -0.482318 0.0953557
0.108885 -0.619785 0.377119
0.612306 -0.585063 -0.473537
-0.446306 -0.0979726 0.269568
0.693342 0.196072 0.382694
0.680034 0.438363 -0.224036
-0.3709 -0.0874553 -0.181323
0.238983 0.112912 0.280735
-0.753597 -0.198344 0.276643
-0.47873 0.628285 -0.152799
0.283074 0.440637 0.244256
-0.225282 -0.466387 -0.445759
-0.575629 -0.00928602 0.239784
0.419262 0.142767 0.0146167
0.267101 -0.77637 -0.164403
-0.556479 0.0409261 0.146004
0.227462 -0.285714 0.0359765
-0.364048 0.739138 0.252027
0.0675221 0.253599 0.716403
-0.218942 -0.307669 -0.381326
-0.12349 0.125112 -0.70489
0.0316593 0.0911915 0.386477
-0.348494 -0.231531 0.741642
-0.73728 -0.634009 0.105591
0.348331 -0.0485536 -0.701957
-0.644566 0.191452 0.276931
0.335928 -0.371323 0.598141
0.665719 0.479027 -0.208746
-0.410589 -0.156181 0.66803
-0.0496026 -0.595559 0.274215
0.254071 -0.733159 0.138508
-0.223195 0.647731 -0.0890139
-0.555499 -0.560213 -0.450565
0.630033 -0.348189 -0.424362
0.624445 0.568378 -0.478517
0.405502 0.468135 0.604648
0.293582 -0.180217 -0.149197
-0.221111 0.751514 -0.554321
-0.635294 0.177328 0.191887
0.133918 0.891115 0.0105924
-0.22081 0.129213 0.115527
-0.367951 -0.0280491 0.826316
0.412182 0.490469 -0.335848
-0.156637 -0.866945 -0.0414958
-0.661798 0.613484 -0.249946
-0.825107 -0.551728 0.0363975
0.353482 0.115435 -0.467041
0.292552 0.186759 -0.504891
-0.708773 0.246107 0.411439
-0.403886 -0.710826 0.488902
-0.746553 -0.470224 -0.389267
-0.301286 0.512932 0.581029
0.0381891 0.85341 0.346766
0.333829 0.584564 0.347772
-0.356231 -0.772079 -0.357663
-0.169232 0.608155 -0.52821
-0.309495 -0.0250259 -0.540884
0.0921757 -0.355872 0.85372
-0.350691 0.622032 -0.667733
-0.812195 0.573924 0.0850077
-0.236869 -0.0927154 -0.213612
-0.0482461 -0.373472 0.52957
-0.237326 0.157543 -0.550674
0.381743 -0.6024 0.0657441
0.483366 0.416836 0.200744
-0.477497 0.815979 -0.106138
-0.430613 -0.439453 0.558364
0.463716 0.469977 -0.30836
-0.187706 -0.294102 0.330036
-0.0544372 0.916215 -0.0348839
-0.0733822 0.327894 -0.576569
0.63597 -0.341443 -0.332184
0.684704 -0.588159 0.0957788
-0.321206 -0.323288 0.354316
0.7276 0.312673 0.338943
-0.805965 -0.401672 0.332412
0.605321 0.362348 -0.214338
-0.0438468 -0.402845 -0.627353
-0.7054 -0.0284399 0.539419
-0.45066 -0.680788 0.20346
-0.422715 -0.633437 0.446571
-0.145011 0.462533 0.615893
0.0401618 -0.86617 0.454483
-0.511567 0.577028 -0.376965
0.698854 -0.367372 0.214034
0.752081 0.593479 -0.14093
0.852823 -0.305457 -0.0402269
0.315369 0.110173 0.0784217
-0.822486 -0.091374 -0.0647642
0.339166 -0.102545 -0.0578352
0.132603 -0.0116971 -0.711266
0.602501 -0.156912 0.454508
0.109442 0.686518 0.0247429
0.0221361 0.164419 0.654482
0.384185 0.0120038 -0.558444
0.326154 -0.719343 0.512844
0.516334 -0.0549592 0.496277
0.396512 0.451127 0.406079
0.464141 0.610754 -0.119822
0.371093 0.333052 0.33121
-0.573196 -0.242522 -0.0709449
-0.149238 0.672318 -0.615751
0.237418 -0.454486 -0.652103
-0.254449 -0.462052 0.102034
0.186307 -0.426709 0.313214
-0.500721 -0.550228 0.484681
0.407465 -0.886581 -0.175629
0.579684 -0.791962 0.119627
-0.572758 0.158934 0.43548
-0.668973 0.52252 -0.26505
-0.0616508 -0.767182 -0.334373
-0.347297 -0.930269 -0.0111292
0.284795 -0.140959 0.396577
-0.48815 -0.199325 -0.347615
-0.161898 -0.0723405 -0.539006
-0.0277482 -0.575519 0.433164
0.16005 0.563306 0.0195664
-0.751466 0.626618 -0.0539089
-0.243426 0.276748 0.600157
-0.454003 -0.803489 0.259062
0.0996588 0.379309 0.872309
0.273645 -0.274665 -0.242331
0.153316 0.21855 -0.219102
-0.773788 -0.314459 -0.340397
0.154587 -0.102512 -0.477326
0.0967528 0.711015 -0.146509
-0.251274 0.897511 -0.232712
0.327551 -0.644534 0.572314
0.393008 -0.291291 -0.466305
-0.0604724 -0.385249 0.0320492
-0.507888 -0.120037 0.309045
-0.111609 0.067886 0.124236
0.930148 -0.000561363 0.0750747
0.207853 -0.416433 0.438375
-0.627665 -0.435301 -0.0602661
-0.606579 -0.439492 -0.649534
0.217247 0.323865 -0.701436
-0.287114 -0.722801 0.555582
-0.421551 0.67678 -0.210395
0.460514 0.0682531 0.102108
-0.71433 0.638443 0.121355
0.564382 0.232231 -0.198
0.235137 -0.713635 0.301418
0.379391 0.383606 0.721585
0.451497 -0.293693 0.0044742
-0.327595 0.822105 -0.169756
-0.253638 -0.0186825 0.776247
0.531324 -0.628673 -0.52496
0.0845423 -0.0330999 -0.973094
-0.182 -0.354104 0.860651
0.107289 0.221217 0.545436
0.40647 -0.23416 -0.596894
0.560217 0.620459 0.203682
0.289122 -0.236752 -0.0582547
0.688006 -0.599785 0.373594
0.304045 0.0753076 0.271641
0.313231 -0.515223 -0.646445
-0.146757 0.0123534 -0.964718
-0.337693 -0.817194 -0.221038
0.512218 -0.0598615 0.849035
-0.343521 0.316631 -0.226849
-0.231341 -0.633368 -0.421568
0.140292 -0.384476 -0.664472
0.916479 0.362259 0.162535
-0.58771 -0.184386 0.781652
-0.491917 0.793831 -0.308445
0.0408537 0.520023 0.171368
0.1845 0.262303 -0.146387
0.614759 -0.440718 -0.00796337
-0.32152 0.846016 0.208101
0.343643 -0.0219517 0.858549
-0.609323 -0.521859 0.357037
0.7931 -0.527568 0.174462
0.574228 0.699506 0.095452
0.58483 -0.000716795 0.199487
-0.304071 -0.674293 0.375839
0.11331 -0.243264 -0.297518
-0.268804 -0.17373 -0.443498
0.403926 0.40762 -0.547743
0.032202 0.017847 0.596647
-0.0344386 -0.34456 -0.821916
-0.895525 0.155132 -0.13452
0.458184 -0.200757 0.781874
0.11515 0.681766 -0.52698
-0.455901 0.160215 0.703083
-0.101438 -0.843833 -0.146117
-0.253918 -0.219286 0.686331
-0.182342 0.922129 -0.131668
-0.0712228 0.108691 -0.0163465
0.780518 0.245011 0.389879
-0.748479 0.238556 -0.250496
0.0771288 -0.647871 -0.579535
0.470948 -0.760126 -0.296408
0.197228 -0.426622 -0.719747
-0.479514 0.538176 0.196686
0.051493 -0.21774 0.446318
-0.127784 -0.543433 0.121
0.134423 0.130561 0.328564
0.278207 -0.578324 -0.737893
-0.501219 -0.237747 -0.651262
-0.270143 0.311369 0.650016
-0.172795 0.66512 -0.3716
-0.477736 -0.665955 -0.52017
0.188546 -0.920171 -0.169004
0.153882 -0.703849 0.576594
-0.573716 -0.202412 -0.687798
-0.108091 0.626958 0.292161
0.500474 0.0178284 0.848501
0.0916225 0.705772 -0.663239
-0.411366 -0.790276 0.25945
0.814666 0.380433 0.417083
0.185514 0.0954763 -0.885051
-0.648461 -0.198475 -0.385338
0.233296 0.340691 -0.788232
-0.386555 -0.688101 -0.0567533
-0.347543 0.707506 -0.442166
-0.100539 0.186196 0.256974
0.643681 -0.363644 0.318967
0.23622 0.015348 0.637857
-0.210188 -0.482366 -0.357851
0.581462 -0.57531 -0.374971
-0.884683 0.353476 -0.119319
0.414547 0.32591 0.0125389
0.0811117 -0.630617 -0.138765
-0.847014 -0.174688 -0.457036
-0.388053 -0.688183 -0.101928
0.665304 -0.700451 0.20156
-0.51559 0.694766 -0.372436
0.612029 -0.64717 -0.103384
0.379211 -0.0718531 0.849673
0.479135 -0.331699 0.201019
-0.357853 -0.312578 0.64943
0.478168 -0.0307292 0.850695
0.303168 0.441601 -0.614615
0.224042 0.332617 -0.285252
0.273033 -0.100781 -0.767928
-0.601048 0.714387 -0.217981
-0.240846 0.256767 -0.452635
-0.42396 -0.394984 -0.741448
-0.764101 0.362985 -0.00113927
0.57019 0.0429851 -0.426326
-0.283078 0.143671 -0.0295793
-0.0380471 -0.478793 0.258202
-0.357142 -0.229918 0.183159
0.449086 -0.548308 -0.525197
0.591648 -0.700304 0.169564
0.0338152 0.742491 0.147481
0.231907 0.802393 0.230308
-0.602077 -0.280857 0.29334
-0.1681 0.191096 -0.182746
-0.588661 0.66132 -0.0881072
-0.242352 0.658129 -0.315452
-0.0723622 0.785343 -0.0576468
-0.0528644 -0.211586 -0.775074
0.553461 -0.154549 0.771184
-0.473732 -0.467956 -0.570824
0.710358 0.274984 0.557867
-0.733993 0.0139705 -0.606283
-0.309931 -0.552899 0.738784
-0.273035 -0.695504 -0.508381
-0.599647 -0.304317 -0.550793
-0.185394 -0.0209903 -0.0507513
0.180327 -0.891757 -0.114425
0.496662 0.656555 -0.540523
-0.525478 0.530436 0.108987
0.153627 0.02142 0.540013
-0.565633 0.353969 0.643386
-0.161472 0.210141 0.183114
0.47405 -0.862196 -0.0874127
-0.0086289 0.284318 -0.736522
0.592672 0.389884 0.468229
-0.504152 -0.530113 -0.0753389
0.01992 -0.55733 0.140342
0.0946879 0.13185 -0.103756
-0.539904 0.583386 -0.181514
0.169037 0.286593 -0.65555
0.436796 0.501068 0.226251
0.183648 0.641082 0.054783
0.450552 -0.347442 -0.171401
0.0722113 -0.267363 -0.673262
-0.418317 -0.4547 -0.39967
0.406522 -0.700081 0.0948886
0.834185 0.34312 0.2126
0.494305 0.686554 -0.255275
0.0667126 0.353377 0.602459
-0.392792 -0.155872 -0.397363
-0.368293 -0.243171 -0.210272
-0.762272 -0.117098 -0.095026
0.872683 -0.390853 -0.249869
0.140731 0.566946 0.50943
-0.49269 -0.258239 -0.12005
0.247014 0.475853 -0.000942426
0.618486 0.0993722 0.619051
0.386304 -0.73256 0.552095
0.24298 0.63332 0.403953
0.460122 -0.00302285 0.566336
0.534053 -0.303386 0.100557
-0.633544 -0.095477 0.607501
0.344569 -0.293001 -0.626761
0.690826 -0.320579 0.0437358
-0.498757 -0.54583 0.376207
0.633616 0.0872309 -0.657428
0.385895 0.158187 -0.492346
-0.0906843 0.334588 0.366259
0.252829 0.346214 0.0576008
-0.321062 -0.280948 0.643823
0.657342 -0.0962281 -0.475146
-0.15565 -0.0773741 -0.00262869
0.0306699 0.296264 0.30659
-0.169597 0.447818 0.803231
0.524976 0.848326 -0.0330598
-0.243215 -0.584708 -0.136188
-0.0540471 -0.709594 -0.652894
0.428398 0.383233 -0.555345
0.525545 -0.352201 -0.184313
0.228015 0.0460777 -0.931203
-0.211713 0.349132 -0.663524
-0.372703 0.662118 0.618569
0.394156 0.491207 -0.408644
0.666392 0.100499 0.400453
0.437582 0.505598 0.0641635
-0.729897 0.522789 -0.298776
-0.476586 -0.466304 0.54386
-0.683436 -0.397894 -0.32901
-0.22626 -0.787665 0.167059
-0.14308 -0.798876 -0.446801
0.676706 0.245389 0.516053
0.0349129 0.654086 -0.406042
-0.398092 0.392854 -0.394124
-0.914399 0.114275 0.132189
-0.131114 0.298084 0.153026
-0.108518 -0.0151047 -0.367998
0.671137 0.403958 0.414135
0.124115 0.453037 -0.274909
-0.309252 -0.755541 0.532273
-0.515227 0.184254 -0.103307
-0.10547 0.636002 0.432467
-0.368014 0.40494 -0.345342
0.415143 -0.0800227 0.646475
0.11098 0.424995 -0.472696
0.375757 0.00862615 -0.489962
-0.798586 0.464897 -0.102097
0.337631 -0.800557 -0.0908865
0.508885 -0.565636 0.334079
0.160539 -0.64471 -0.0355253
-0.196053 0.885214 0.000260715
0.76929 0.107594 0.534731
0.417336 -0.378259 0.0321759
0.102708 0.867203 0.127438
-0.616348 0.20907 0.539605
0.0916829 0.0986658 0.1729
-0.415517 0.534441 -0.373962
0.0738932 -0.0980514 -0.547766
-0.496764 0.210002 -0.15587
-0.576688 0.22328 -0.197033
-0.230906 -0.205186 0.466115
0.385258 0.483751 0.145963
-0.164124 0.040508 0.643745
0.560572 0.217231 0.273558
-0.0248436 -0.413269 -0.853126
-0.41261 -0.385704 -0.039826
-0.100361 0.907211 -0.355585
0.405862 0.111674 0.82593
-0.268117 -0.817223 0.448308
-0.497146 -0.000415341 -0.516093
0.528252 0.241213 -0.254289
0.19194 0.422812 -0.119791
-0.346854 -0.434352 -0.684546
0.122205 0.0178945 0.282647
0.355763 0.262676 -0.0141172
-0.152924 -0.0527536 0.888265
0.780108 -0.241656 0.50962
-0.333603 0.575101 0.643145
-0.184989 -0.359368 0.359792
-0.35029 -0.279234 -0.324852
-0.342365 0.757407 0.517415
-0.663384 -0.599177 0.100337
0.00779569 0.145346 -0.207297
-0.104892 0.789515 0.0188076
0.0126576 0.431507 0.263107
-0.168586 -0.110013 0.854909
0.154308 0.927654 0.331646
-0.272172 0.526635 0.281823
0.0493596 -0.253771 0.114387
0.454545 0.240072 -0.0243816
0.813241 0.011036 0.360837
0.3392 0.420615 0.524262
0.268273 0.839111 -0.0566633
-0.115896 -0.634411 -0.213637
0.00539154 -0.00556957 0.739632
-0.697588 0.0657166 0.546657
-0.629627 0.699715 0.316037
-0.0513911 0.414771 -0.654524
0.831597 -0.54187 -0.0347613
-0.633159 0.41506 0.628501
0.00376505 0.0423523 -0.375585
-0.0377757 0.164338 -0.284713
-0.407073 -0.235171 0.84847
0.679489 -0.399935 0.0925558
0.914786 4.00008e-05 0.218202
-0.304819 0.709078 0.383831
0.857307 -0.187987 -0.0795647
-0.734585 -0.12051 0.0452307
0.488185 -0.518776 -0.00551389
0.0240393 0.972673 -0.0355225
-0.00675601 0.944058 0.292898
0.534237 0.244742 -0.355278
0.49977 0.353603 -0.551231
-0.559782 0.461318 0.01721
0.340978 -0.140374 0.577587
0.0964518 0.277923 0.426882
-0.657027 0.487668 0.365539
-0.421021 0.122214 0.0665864
-0.0680331 -0.856278 0.373817
0.349403 0.222031 0.116934
-0.0449895 -0.927326 0.268214
-0.168464 -0.159939 0.418706
-0.588633 -0.713964 0.204701
0.0698523 -0.166013 0.922069
-0.396203 -0.48134 -0.651089
0.545484 0.133885 0.17982
0.133226 0.752585 -0.267107
0.801857 -0.00220587 -0.0438442
0.641132 0.0940355 0.215983
-0.0307401 0.0154708 0.910502
-0.933202 0.146267 -0.0612657
-0.335118 -0.705802 0.000282272
0.195591 0.604448 0.190977
0.583632 0.197902 -0.684845
0.215024 -0.395548 -0.280724
-0.0294222 -0.286864 0.798514
-0.37251 -0.36363 -0.686388
-0.608159 0.181842 -0.416955
0.556101 0.499161 0.475296
0.42158 0.864771 0.164318
0.574051 -0.524469 0.233685
0.450144 0.630475 -0.185682
0.168197 0.613268 0.148773
0.0381055 -0.427034 -0.100879
-0.117206 -0.862063 -0.254414
0.458875 -0.186708 -0.439492
0.145964 -0.488599 -0.0126883
-0.315199 0.705351 -0.0152848
0.313849 -0.842582 -0.340958
0.504143 0.693681 -0.114238
0.424997 0.338418 0.593417
0.0783834 -0.375673 0.575844
0.707922 -0.0386886 0.27359
0.11897 0.00363974 0.600046
0.442801 0.232072 0.0309477
0.476208 0.0460328 0.872853
0.60242 0.479679 -0.116896
0.19989 -0.4379 0.0412562
-0.168365 -0.283355 0.482774
-0.180329 -0.672722 0.361513
0.100967 -0.334898 0.144604
-0.364582 -0.603235 -0.583083
-0.627841 -0.265464 0.334355
-0.97461 -0.112305 0.156431
-0.340776 -0.0528627 0.54552
0.44571 0.232961 0.364637
0.665083 -0.429123 -0.115373
-0.530323 0.501454 0.237091
-0.711094 -0.0685983 -0.0594964
0.198066 0.477187 -0.191643
-0.415984 0.580925 -0.547306
0.0558908 -0.324216 0.859614
0.793471 0.0199 0.0910258
0.0439042 0.0874458 -0.758172
-0.843872 -0.327392 0.258223
0.742783 0.0130413 -0.614505
-0.682001 -0.642597 0.115109
-0.366551 0.397816 0.695424
0.46725 0.0620073 -0.389031
0.0964188 0.754524 0.154239
0.557016 0.137816 -0.290827
0.318024 0.779922 -0.0502863
-0.0651046 -0.635046 -0.426893
-0.111766 0.556542 0.473213
0.11666 0.10422 0.349642
0.476841 -0.590563 0.232123
0.885613 0.245591 -0.266817
0.0755153 0.865502 -0.17784
0.329549 -0.0121277 -0.145751
0.233307 0.471773 -0.496006
-0.693245 -0.172965 -0.362949
0.24169 0.713035 0.610088
-0.444675 0.348892 0.139036
-0.377262 0.200949 -0.532282
0.737647 0.412184 -0.397196
-0.583271 0.0711713 0.58754
0.477691 0.683953 -0.266427
-0.281119 -0.0761715 0.0236813
-0.359994 -0.216562 0.530924
-0.163976 0.19763 0.104143
-0.472325 0.73663 -0.192381
0.428718 -0.246579 -0.415703
-0.739016 -0.642548 0.0533328
-0.244612 -0.920177 0.22008
-0.320321 0.194526 0.145562
-0.332089 0.0346574 -0.266994
-0.405551 -0.589018 0.471363
-0.232094 -0.774815 -0.0653348
0.0913613 0.158835 0.532596
0.00306293 0.847751 -0.143412
-0.329027 0.0375229 0.458356
0.45612 -0.498816 0.135327
0.28845 -0.102436 0.199475
0.317043 0.566408 0.341328
0.503385 -0.863106 0.0211935
0.10579 -0.4982 0.678236
0.324455 -0.248031 -0.892402
0.368843 -0.46545 0.0998186
-0.249395 -0.291184 -0.0288563
-0.0851617 0.614827 -0.535309
0.510561 0.170004 -0.26424
-0.739457 0.0232566 -0.611053
-0.562802 0.383378 -0.615301
-0.293863 -0.240886 0.644
0.0882326 0.660962 -0.309697
0.386192 -0.109906 -0.262244
0.527056 0.242554 0.0490022
0.721973 0.217085 0.221066
-0.455012 0.0430911 -0.874122
0.0391577 0.18449 -0.0221726
-0.229013 -0.201809 -0.0856779
0.0219718 -0.643703 0.605572
-0.00145931 -0.168935 0.649466
0.00868294 0.342988 -0.574246
0.118841 0.583411 -0.72596
-0.615536 0.359379 0.359676
0.630045 0.69467 0.310816
0.681898 0.483892 0.389046
0.195303 0.505746 -0.466998
0.883607 0.159423 -0.355942
0.454741 0.726977 0.410735
-0.171366 0.796372 -0.0562721
0.0312146 0.333645 0.755283
-0.499787 -0.5523 0.309528
0.452157 -0.368366 0.493726
-0.653488 -0.362285 0.0123313
-0.523323 -0.374548 0.109229
0.194219 -0.327176 0.871291
-0.665099 0.48543 0.256703
0.531657 0.684284 -0.040731
0.867137 -0.491537 -0.0448967
0.0358805 -0.763277 -0.257114
-0.312954 0.881555 0.036317
-0.246672 -0.234202 0.174805
0.639523 -0.0407483 0.0743019
0.0842377 -0.696641 0.463603
-0.181755 0.139566 0.407828
-0.444916 0.0944859 0.565608
-0.0538078 -0.362515 0.386135
-0.610297 0.584555 -0.407769
-0.759272 -0.176774 0.407691
0.769835 -0.309915 0.199392
-0.461623 -0.739808 0.115418
-0.630812 -0.663661 0.186651
-0.899691 -0.302433 0.0645624
0.562258 0.276184 0.401288
0.602351 0.113589 -0.400252
-0.759083 -0.0583979 -0.541949
-0.870141 -0.415822 -0.201141
-0.162288 -0.257678 -0.813087
0.705437 0.430735 0.246953
-0.790143 0.130117 0.0563471
0.397418 -0.120225 -0.535283
0.426898 0.271293 0.69106
0.71017 -0.0483692 -0.373499
0.38322 0.121017 -0.354209
-0.407099 0.588131 -0.423273
-0.446043 -0.218127 -0.0726318
-0.14971 0.516679 -0.044852
0.0673907 -0.386882 -0.0174007
-0.184243 -0.392923 -0.16062
-0.35012 -0.626515 0.309511
-0.790419 0.17439 -0.241684
0.539186 0.173757 -0.391298
-0.698117 -0.185316 -0.397778
0.419666 0.397672 0.151741
0.413891 0.178558 -0.858029
0.143748 0.503642 0.197401
-0.568145 0.0557525 0.133258
-0.0604842 0.365068 0.109903
-0.28769 0.751393 0.321674
0.705472 -0.194741 0.521152
0.74623 -0.0719454 0.345609
-0.0870319 0.165808 0.636775
0.537003 0.683464 -0.0824545
-0.319146 -0.826647 0.407217
-0.331638 -0.0851379 -0.0337573
-0.545636 -0.0219806 -0.231013
-0.483912 -0.29385 -0.474765
0.638549 0.200134 0.685646
-0.58127 -0.333376 0.516312
0.0938118 0.277884 0.702744
-0.0345026 -0.14316 0.00370674
-0.633623 -0.285716 -0.193387
-0.14417 -0.506252 -0.196875
-0.183293 0.0531698 -0.488849
-0.0734936 -0.827687 -0.000104505
0.832664 0.0910751 -0.342623
-0.239807 0.801787 -0.339234
-0.565046 0.191159 0.309041
-0.513502 -0.126891 0.695177
0.406692 0.0305783 0.336299
-0.611084 -0.0261046 0.781393
-0.407057 -0.404897 0.126816
0.0719402 0.624103 -0.440439
0.442236 -0.41564 0.212592
-0.325454 0.517706 -0.471375
0.488526 0.54269 0.560435
-0.616619 -0.74322 -0.0448617
-0.801535 0.235535 0.0649151
0.835571 0.262927 -0.375451
-0.189796 -0.618801 0.299647
-0.0515567 -0.536502 0.440629
0.462468 -0.730565 -0.183041
-0.909658 0.217806 -0.162982
0.627192 0.469399 -0.255862
-0.177713 -0.500077 -0.111153
-0.53811 -0.137138 -0.0948588
0.494024 -0.0843131 -0.265803
0.043226 -0.87248 -0.438825
-0.666145 -0.648442 -0.0718046
-0.937202 0.100577 -0.13032
-0.295318 0.566686 -0.539766
0.568431 -0.424005 0.0329272
-0.433274 0.0608333 -0.588608
-0.474374 -0.395738 -0.568691
0.256172 0.0299037 -0.0439703
0.715822 0.25677 -0.269741
0.540562 -0.404379 -0.552652
-0.318614 -0.617024 -0.0834991
-0.360641 0.773156 -0.216386
0.722993 0.0519739 -0.603381
-0.0440161 0.0460029 -0.953311
-0.451434 0.0341697 0.099081
-0.652371 0.191652 0.577817
-0.582107 -0.393558 0.497647
0.260451 0.12229 0.943437
-0.21799 0.787413 -0.52765
0.260485 -0.258674 -0.929033
0.0807977 0.678204 0.234472
-0.111849 0.535719 0.0495196
-0.234784 0.0333888 0.93904
-0.557584 0.707509 -0.00784489
-0.10075 0.575579 -0.57827
0.848706 -0.336456 0.231287
0.413336 -0.0901465 0.596683
0.503326 0.204817 -0.191043
-0.221717 0.375808 0.141253
-0.560312 -0.311557 0.74684
0.75233 -0.0160351 0.455726
-0.856974 0.221849 0.0656181
-0.114711 0.0341817 -0.697811
0.721038 0.49009 0.0136923
0.231911 -0.658548 -0.58508
0.463157 0.16469 0.365477
-0.323201 -0.792036 0.197058
-0.0817569 0.407028 -0.432036
-0.221929 -0.206401 0.833165
0.42779 0.116958 -0.521988
-0.822033 -0.238128 0.275537
0.900482 -0.142066 0.0387248
-0.0128352 0.0582537 -0.677814
-0.520057 0.770675 0.190939
0.170683 0.631835 0.663848
-0.495115 -0.120534 -0.857182
-0.344139 0.431729 0.37215
0.68194 -0.00562646 -0.265394
-0.693957 0.237264 0.655948
0.260498 -0.362822 0.253051
-0.205454 0.345595 -0.756776
-0.639401 0.718645 0.259828
0.276007 0.606835 0.44368
0.464977 -0.298751 0.272068
0.880807 -0.354397 -0.291267
-0.878175 -0.11952 -0.299123
-0.671436 0.391735 -0.26074
-0.411532 -0.508465 0.180102
0.675505 0.223991 -0.306188
0.273453 0.263743 -0.382193
0.0176946 0.436056 -0.767504
-0.753639 -0.321117 0.21085
0.382479 -0.582496 0.322873
0.511438 0.21841 -0.603394
0.0423841 0.0505816 -0.179433
-0.749274 0.324882 0.489914
-0.49298 0.0747872 0.0132911
0.156486 0.0247877 0.766622
0.223138 -0.225414 -0.22784
0.135141 -0.395891 0.869084
0.441495 0.22104 0.630361
0.451957 0.295421 -0.149751
-0.327609 0.716252 0.180391
-0.134181 -0.496391 0.16403
-0.194015 -0.411167 -0.783013
0.381373 0.16471 0.406376
-0.244503 -0.252609 0.847714
-0.259751 -0.534407 -0.103465
-0.245549 -0.074696 -0.0080289
-0.135079 -0.00779736 -0.308515
0.134812 0.135698 -0.71473
0.123314 0.903529 -0.196565
0.303473 0.548399 0.156662
-0.0672529 -0.343413 -0.375012
-0.375862 -0.0894218 0.0365772
0.00929298 -0.319867 0.299238
0.429045 -0.0194835 -0.787523
0.664065 -0.21918 -0.139269
-0.579397 -0.263611 0.343235
-0.122817 -0.261186 -0.726113
0.289661 -0.0720347 -0.60145
-0.0723194 -0.0972899 -0.836909
0.516336 0.0185667 0.69093
0.822925 -0.520726 0.205623
0.35367 0.373374 0.661336
0.690293 0.145055 0.550681
-0.66165 0.483355 -0.548349
0.220483 -0.236377 -0.667605
-0.588576 0.645443 -0.394539
-0.449352 0.167645 -0.541457
-0.811345 -0.0195925 0.308031
0.463144 0.856309 -0.120985
-0.119612 -0.531607 -0.0358463
-0.478335 -0.732684 0.476198
0.0427036 -0.779598 -0.169268
0.31171 -0.197254 0.576372
0.386909 0.875053 -0.248416
-0.074984 -0.852932 0.510063
0.0689004 0.436361 -0.714677
0.28459 -0.430861 0.546127
0.284829 0.299212 0.40847
0.104221 -0.576772 0.0760161
-0.550787 -0.0609096 0.357434
-0.686712 -0.0587678 0.153571
-0.0603314 -0.250534 -0.227045
-0.180526 0.0825716 -0.740209
0.378731 0.626392 0.315741
0.656509 -0.384518 0.551912
-0.266084 -0.720579 0.106176
0.834857 -0.328263 -0.431855
0.151797 0.328003 0.928771
-0.248152 -0.33514 -0.425874
-0.0987184 -0.206684 0.319373
0.45821 0.540218 0.434061
-0.652416 0.592952 -0.0767334
-0.0749881 -0.0288942 -0.529265
-0.736077 -0.112705 -0.11235
0.428715 -0.289386 -0.49042
-0.633378 0.156575 0.390572
0.0206486 -0.0401485 -0.983268
0.319361 -0.671832 -0.324251
0.742342 -0.667468 0.0134277
-0.562843 0.754916 -0.197657
0.290992 0.329122 -0.0277412
-0.530478 -0.0691897 0.760623
0.28955 0.062798 0.219093
-0.139726 0.570829 -0.161768
0.620777 -0.0615742 -0.223683
-0.0714056 0.280965 -0.097319
0.53409 -0.0696599 -0.40924
0.0749419 -0.115545 0.86941
-0.684514 -0.348427 -0.450376
0.246265 0.479953 -0.305896
-0.508552 0.452074 0.345005
-0.0623415 0.373938 -0.147345
-0.258337 -0.228045 0.751159
0.414659 -0.145136 -0.264001
0.179971 -0.21253 0.649149
0.619643 0.354889 -0.120251
0.500494 0.0948228 -0.237644
0.167432 -0.356135 0.189165
-0.0465445 0.261737 -0.832289
-0.7798 0.272559 0.562048
0.648781 -0.442353 -0.406064
-0.095164 0.363694 -0.716339
0.171993 0.0493432 -0.933455
-0.749761 -0.327456 0.374763
-0.180839 0.421296 -0.783191
0.249575 0.330318 0.767656
0.000933059 -0.55466 0.525237
0.168105 0.0269841 0.911871
-0.45777 0.434834 -0.15949
-0.470793 -0.446167 0.326526
-0.148582 -0.0374336 0.522819
-0.950893 -0.159407 -0.25097
0.736305 -0.179146 0.464063
0.460502 0.0254392 0.374588
-0.0247595 -0.431489 0.118847
0.218167 0.779599 -0.417877
0.15258 -0.130975 -0.636332
0.414878 -0.390183 -0.784625
-0.0925066 0.439254 0.839787
-0.76479 0.614625 -0.128672
0.563224 0.123307 0.306802
-0.320797 0.709356 -0.0172105
0.747796 -0.143616 -0.209723
-0.30424 0.336007 -0.0592693
-0.560492 0.100408 -0.356253
0.664206 0.00824734 -0.150177
-0.546479 0.450198 0.376676
0.618027 -0.392733 0.379083
0.30071 0.424564 -0.829319
-0.54338 -0.490889 -0.386468
0.770116 0.369549 -0.285561
0.216702 -0.560141 0.279312
-0.126872 0.958884 0.0883314
-0.194872 -0.193984 0.222193
0.284494 -0.414568 0.849863
-0.77673 0.458671 -0.0988687
-0.0613307 -0.90384 0.0405442
0.220511 0.287598 0.498628
-0.104217 0.531238 0.0413974
0.243985 -0.149301 -0.65436
-0.666588 -0.489893 0.178062
0.413194 0.410176 -0.572706
0.690518 -0.0123438 -0.0476417
-0.166744 0.175743 -0.196718
-0.843131 0.0926834 -0.0520191
0.467375 0.152364 0.784407
-0.68915 -0.387142 -0.367028
-0.0345803 -0.692041 0.367701
0.550937 0.264574 0.0709355
0.312568 -0.680947 0.438835
0.357283 -0.736088 0.0112891
-0.404716 0.293133 -0.379914
0.0322153 0.873936 0.117984
0.124118 -0.201245 0.371902
0.158696 -0.255548 0.0590554
0.653234 -0.20959 0.389495
-0.217583 0.299705 -0.592692
0.762714 -0.146539 -0.42542
0.532023 0.148672 -0.675211
0.198972 0.383011 -0.796074
-0.548629 -0.421132 -0.0400277
-0.0406258 -0.557625 -0.333443
-0.415213 0.744302 -0.522119
-0.0810717 -0.0986611 -0.247901
0.773039 0.127379 0.0592369
0.702765 -0.237083 0.0170234
0.404991 -0.529689 0.497258
-0.172942 0.95692 0.230976
-0.178789 -0.869102 0.0389474
-0.0952945 -0.487012 -0.759285
0.0171212 -0.939074 -0.0510043
0.174885 0.210061 -0.690071
-0.374841 -0.472159 -0.751004
0.451347 -0.556958 0.0486799
-0.854235 0.285708 -0.0499986
-0.126767 0.289039 -0.821192
-0.0439935 0.601909 0.317827
-0.234185 -0.235815 -0.357751
0.132965 0.385624 -0.226519
0.72666 -0.633028 -0.00301416
-0.515605 -0.485734 0.679413
0.155361 -0.671395 -0.332945
-0.00236949 -0.336805 -0.417292
0.212132 -0.540293 -0.666277
0.12696 0.241736 0.855095
-0.530936 0.481055 0.0163638
-0.557925 0.354239 0.0722911
0.684604 -0.713416 -0.0560228
-0.099995 -0.390057 -0.170653
0.401829 -0.048464 0.371509
0.427545 -0.660348 0.599086
-0.702035 0.177839 -0.0497126
-0.485077 -0.550599 -0.44092
0.232639 -0.3152 0.571301
-0.564759 0.549219 -0.227124
-0.350995 -0.32204 0.261326
-0.454894 -0.443883 -0.661076
-0.401378 0.153739 0.330706
-0.068991 0.0590068 0.356972
0.206301 -0.264242 0.823375
-0.370961 -0.366878 0.309721
-0.58636 -0.0199444 -0.0835337
0.0129367 0.11884 -0.817681
-0.230573 -0.736651 0.0159282
0.0482796 0.212372 -0.164676
-0.647959 0.146727 0.377305
-0.88761 0.28277 0.159697
-0.639796 -0.460357 0.537565
-0.179294 0.860317 0.324468
-0.0536754 -0.394343 -0.412282
0.168983 0.458359 0.57339
0.191958 0.496096 0.138116
0.00825331 -0.705725 0.10422
0.674789 0.236366 0.527646
-0.128491 0.548996 0.388321
-0.182478 0.149695 -0.828874
0.818762 -0.3344 0.447401
0.293005 0.762764 -0.500818
0.582427 -0.57105 0.0300082
0.215117 -0.67842 0.180749
-0.541306 0.339388 0.0978512
0.298546 0.0335482 -0.150913
-0.810238 0.406031 -0.252981
0.352907 0.0275471 0.230841
0.121807 0.284651 -0.34288
0.350106 -0.500072 -0.411487
0.424962 -0.138141 -0.698198
0.682652 -0.188022 0.278952
0.188021 -0.681965 -0.149698
-0.0471406 -0.282988 0.17745
-0.144062 -0.583391 -0.742638
0.440424 -0.00812872 0.659336
-0.784506 0.252017 -0.564084
0.540025 -0.502418 -0.399255
0.080115 0.645993 0.503248
0.571383 0.0571499 0.0340494
0.35653 -0.585677 0.453623
-0.553269 0.4437 -0.137515
-0.564045 -0.753777 0.291986
-0.610248 0.094248 0.537396
-0.511641 0.712785 -0.362168
0.117739 0.942464 -0.224934
-0.366896 0.260794 0.625496
0.207009 0.55375 0.736527
-0.496223 -0.41728 -0.581034
0.535814 -0.129303 0.0228083
0.199626 -0.293786 -0.136555
-0.783914 0.0835387 -0.158851
0.472118 -0.276072 -0.617471
-0.229374 0.832111 -0.433672
0.153022 0.10511 -0.398541
-0.337469 -0.823873 0.32044
-0.566041 -0.266818 0.555265
0.105202 0.200343 0.44045
0.037402 0.198505 -0.849305
0.389569 -0.131402 -0.0182706
0.789565 -0.330204 -0.29885
-0.00318415 0.910413 -0.281535
-0.17438 0.00469425 0.928876
0.286989 -0.225302 0.225661
0.721552 -0.201497 -0.555898
-0.425692 0.170294 -0.193303
-0.203823 0.460127 0.326392
0.191142 -0.185342 0.816438
-0.579086 -0.594862 -0.174494
0.0926406 0.241951 -0.700292
-0.501914 0.178493 0.657312
0.356173 0.759179 0.395215
-0.249848 -0.717943 -0.611626
-0.653466 -0.448914 0.280744
-0.364755 -0.771434 0.37376
0.0541067 0.429406 0.134105
-0.925027 0.075288 -0.0867343
0.0250691 -0.344239 0.763925
0.266401 -0.600174 0.520959
0.187345 0.806391 -0.558935
-0.205723 -0.0900038 -0.274257
0.827128 0.451554 -0.255845
-0.532622 0.644021 -0.233386
-0.400117 -0.579783 0.550341
-0.339967 -0.156682 -0.0133994
-0.573691 -0.39108 0.282441
0.167129 0.0941667 -0.801023
-0.176796 -0.140018 0.512526
-0.663175 -0.536316 -0.446843
-0.739518 0.466563 -0.349246
-0.332662 -0.275358 0.0331511
-0.0945279 -0.281975 -0.359164
-0.349046 -0.930108 -0.0708196
0.279166 -0.465792 -0.648194
-0.361831 -0.179703 0.220598
0.1407 0.766544 -0.525674
0.434095 0.329413 -0.278454
0.0866591 -0.406477 -0.524939
0.517059 0.228405 -0.298443
-0.432456 0.445579 0.562818
0.217825 0.299377 -0.774104
0.385521 -0.628259 0.42044
0.323483 0.14016 0.25132
-0.443522 0.86143 -0.0625676
0.329053 0.157396 0.566074
0.621501 0.200058 0.423564
0.664317 0.258324 0.34896
0.187904 0.666889 -0.267862
-0.888876 0.256577 0.303576
-0.311059 0.375102 0.261937
0.360059 0.525724 -0.208975
0.162474 0.337535 0.557877
-0.611348 0.293634 -0.392529
-0.270394 0.804308 -0.517171
-0.0659363 -0.279055 -0.232234
-0.143474 0.278531 0.701918
-0.666932 0.0275507 0.48809
0.299887 0.793106 -0.413591
-0.221564 -0.595939 -0.11314
-0.268918 0.0377773 -0.204984
0.411928 0.674561 -0.442276
-0.374915 0.523218 -0.728638
-0.46357 0.705078 -0.124289
0.0991118 -0.652244 0.491337
-0.618868 -0.16954 -0.400897
0.117858 0.561294 -0.635825
-0.257795 -0.319752 0.107567
0.608269 0.553592 0.00990268
0.0433518 -0.421475 -0.465079
-0.436441 -0.545208 0.484717
-0.228355 0.311046 0.31652
0.246637 -0.618721 0.0311542
-0.253132 -0.388916 0.171771
0.249844 -0.565341 -0.49594
0.0325181 0.302345 0.248455
-0.431929 -0.0411308 0.0180844
0.175494 -0.13518 0.773316
-0.0476271 0.0388316 -0.0493307
0.550775 -0.114171 -0.538176
0.371997 0.415047 0.30399
-0.133509 -0.932413 -0.204649
-0.0875094 0.764179 -0.565092
0.939936 -0.200507 -0.0122472
0.274074 -0.596848 0.0610653
0.636131 -0.0867395 -0.0428183
-0.256578 0.928092 0.00906056
0.0593958 -0.0111567 -0.717635
-0.160898 0.467423 0.666361
0.361685 0.561886 -0.451347
-0.182713 0.0124223 0.772748
-0.539922 -0.103576 0.568468
0.710768 -0.0993315 -0.0961231
-0.629485 0.363402 -0.52407
0.726963 -0.148487 -0.0683185
0.0633275 0.368121 0.426112
-0.845337 -0.0347377 0.106283
-0.764825 0.0406851 -0.0728924
0.515983 0.477095 -0.63826
-0.334947 -0.300991 0.224364
0.31635 -0.63562 0.250031
-0.318857 -0.145375 0.211067
-0.0612533 0.376472 0.815974
0.558819 0.162632 0.526284
0.680045 -0.565424 0.099017
0.328583 0.079394 -0.0879518
0.614859 0.0678463 -0.229809
0.925984 -0.0311508 -0.295775
0.409405 -0.557429 0.185986
-0.109991 -0.482813 0.284264
0.818754 0.485141 -0.262018
0.202588 0.718041 -0.406062
-0.908025 0.191457 0.0844955
-0.363447 0.239584 0.283871
-0.0395909 -0.416423 0.618578
-0.121337 0.611509 -0.539842
0.139724 -0.970193 -0.00400418
0.571959 -0.464427 0.145856
-0.806671 -0.0493186 0.354602
0.139539 -0.830725 -0.111467
-0.496867 0.290734 0.495195
-0.14342 0.435419 -0.141751
0.202153 -0.127768 -0.0417525
0.876337 0.121153 0.351689
-0.155298 -0.618324 0.351084
0.00665016 0.704489 0.247361
0.286863 0.0803625 0.416941
0.0917922 0.603782 -0.429444
0.118787 -0.859485 0.110002
-0.0655794 -0.389709 -0.75683
-0.333594 -0.366216 0.587512
0.771241 0.483161 -0.319749
0.416591 -0.631652 0.104708
-0.455507 0.76284 0.261324
-0.358982 -0.650202 -0.0120888
-0.142667 0.643163 -0.186272
0.633293 -0.566036 -0.216696
-0.309723 0.912571 0.174447
0.0620059 -0.819057 0.131451
0.023744 0.510823 -0.152665
-0.702643 0.572978 -0.295755
0.298844 -0.842402 0.369729
0.563362 -0.297191 0.145742
-0.162672 0.104418 0.499993
-0.419386 0.520095 -0.546691
0.0460187 -0.355601 0.466036
-0.134167 -0.727593 -0.507677
0.58029 -0.470968 0.0134428
0.635453 -0.337903 0.529461
0.565079 -0.0910431 -0.463043
-0.654796 -0.351964 0.152673
0.206565 0.124553 -0.854586
0.679304 -0.383699 0.0995025
0.8133 -0.281335 0.274369
0.144729 0.86019 -0.143533
0.0536473 0.0713236 -0.483529
0.856058 -0.228999 0.429362
-0.531979 0.575694 0.321926
-0.0213046 -0.245099 0.729724
0.741316 -0.465003 -0.345258
-0.297585 -0.0445394 0.514775
0.0206392 0.725153 0.135023
-0.212869 -0.543619 -0.559214
0.776958 -0.532101 -0.316011
-0.00356525 -0.471019 0.741989
0.281064 -0.894396 0.177673
-0.449735 -0.174358 -0.189807
0.254465 -0.45604 -0.401028
0.268448 0.0690758 0.403911
0.703576 0.0396563 0.604659
-0.756632 -0.388809 0.333365
0.323934 0.656503 -0.586311
0.643873 0.296168 0.272998
0.465203 0.237085 -0.0282491
-0.335357 -0.0473464 0.871719
-0.222294 -0.699334 -0.569451
-0.672535 -0.56383 -0.40969
-0.097704 -0.807983 0.525577
-0.297557 0.262051 0.714225
-0.424544 0.216132 0.283306
0.00151397 -0.490832 -0.0216617
0.0305265 0.587171 -0.576631
-0.160299 -0.0313468 -0.423213
-0.174387 0.584732 0.0288598
0.155442 0.160596 -0.203975
0.720484 -0.356481 0.0812787
-0.459805 -0.150191 0.758923
0.643794 -0.00402719 -0.253012
-0.459038 0.687094 -0.0321093
-0.0577753 0.918611 -0.117706
-0.378582 -0.0688967 -0.240919
0.122935 -0.071133 0.733152
-0.0841967 -0.266364 -0.669048
0.11407 -0.544065 0.183702
-0.500057 0.357461 0.154463
-0.0928236 -0.282353 0.181359
0.277241 -0.73098 0.585541
0.15199 -0.121502 -0.62831
0.0952651 -0.0333482 0.192071
-0.388417 0.384922 0.670859
0.41328 -0.803242 0.269962
-0.384568 -0.601769 0.04366
-0.553861 -0.111862 0.23196
0.50359 0.0962524 0.11524
-0.670094 -0.226958 -0.608719
0.0931784 0.645234 0.446968
0.0737148 -0.304693 0.55114
-0.935185 -0.10141 0.278819
-0.722934 -0.261051 0.191539
0.688381 0.504671 0.175779
-0.754965 0.122118 0.384654
-0.251814 -0.0245044 0.800831
-0.155038 0.383194 -0.011277
-0.288106 0.654766 -0.260203
0.576135 0.701774 0.164622
0.292873 0.152042 0.540123
-0.652324 -0.443679 0.358297
-0.445925 -0.157373 -0.0651764
0.550189 0.46222 -0.396935
0.341014 -0.689763 -0.627967
-0.659046 0.0236244 0.454255
-0.274448 -0.434855 0.0334031
-0.1441 0.626864 0.0584248
0.492366 0.647161 0.418573
0.290192 -0.542958 -0.110504
0.473018 -0.191635 0.584547
-0.216133 0.571863 -0.173854
-0.772324 -0.148378 0.429406
0.0164314 -0.853404 -0.127775
0.298463 0.855272 -0.350367
-0.0230373 0.361391 0.395094
0.222361 -0.19918 -0.445471
-0.507339 -0.228516 0.767222
-0.27019 -0.325747 -0.222194
0.457739 0.754623 -0.0259336
-0.653267 -0.208419 -0.277322
0.0517379 0.0215861 -0.500513
-0.201239 -0.495173 0.63896
0.197524 -0.722446 0.101823
-0.1172 -0.578869 0.329998
-0.457798 -0.428921 -0.334295
0.504103 0.768185 0.00316137
0.0104849 0.239664 -0.0840833
-0.317537 -0.178528 -0.732478
-0.492384 -0.674859 -0.508668
0.0637463 -0.448755 0.125662
0.64028 0.254517 0.211045
-0.0818895 0.969451 0.205529
-0.33639 -0.330301 0.21106
0.412987 0.517619 0.210994
-0.116496 -0.18767 0.675818
-0.623892 -0.190997 -0.414276
-0.0772997 0.130372 0.0379152
0.508586 0.124944 0.782572
0.124238 -0.372472 0.570934
0.371265 0.537576 0.306452
-0.742265 -0.513621 -0.0603627
0.177297 -0.173764 -0.42942
-0.690536 0.401711 -0.263042
-0.534266 0.644762 -0.407307
0.248674 -0.17064 -0.656359
0.200242 0.217753 -0.252443
-0.0872367 0.349436 -0.727316
-0.417098 -0.449242 -0.372706
-0.472377 -0.506803 -0.281728
-0.256895 0.620143 -0.587391
0.195719 0.791718 -0.179976
0.190742 0.355585 0.147315
-0.0888965 0.266088 0.446813
0.0158465 0.313423 0.795155
0.14623 -0.248143 0.649123
0.590666 0.520367 -0.425442
-0.467008 -0.44039 -0.0476666
-0.12621 -0.680149 0.00847655
-0.518919 0.663694 -0.0333646
-0.220952 -0.193067 -0.546651
-0.196289 0.682037 0.439681
0.0751827 0.594092 0.718978
-0.422492 0.0169776 -0.55979
-0.383027 -0.631306 -0.339129
-0.596141 -0.335842 0.697867
-0.489227 0.497454 -0.391257
-0.803548 0.288359 0.0324171
-0.187431 -0.441229 -0.728803
-0.0321954 0.141405 0.79714
-0.0018341 0.954317 0.128039
-0.389878 0.6154 0.450281
-0.516959 0.336825 -0.184507
-0.489448 0.409425 -0.27346
-0.731165 0.38478 0.0812336
0.676502 -0.434009 -0.43406
0.0623073 0.120454 0.150003
0.545002 -0.491469 0.187786
-0.8825 0.129607 0.243196
0.00292348 0.94327 -0.273602
-0.307599 -0.366098 -0.19639
0.353812 -0.51766 -0.124803
-0.0652912 0.235842 0.125642
0.481148 -0.538308 -0.544973
0.469915 -0.37577 -0.104212
0.00261388 -0.54065 0.760936
-0.421579 -0.378957 -0.468906
-0.400652 0.906676 0.0495348


-0.595829 -0.868813 -0.0161578
-0.579604 0.723278 0.460556
0.847302 -0.69497 -0.905761
-0.437099 -0.898674 0.682064
-0.853869 -0.53574 -0.100651
0.397964 0.335946 -0.982754
0.982548 0.0819126 0.919147
0.495676 -0.821967 -0.672556
-0.73959 0.916655 -0.683645
-0.072148 -0.880515 -0.542672
0.782707 0.783853 0.620296
0.462218 0.57013 0.970759
-0.745887 -0.537872 0.419161
0.959241 -0.103478 0.393651
-0.341845 0.743073 0.72582
-0.623583 0.557021 -0.735458
-0.0855529 -0.886581 -0.573713
0.860979 -0.935941 -0.350434
0.978544 -0.735305 0.932732
-0.99896 0.287211 -0.193587
-0.490273 0.908276 0.763905
-0.915486 -0.0336506 0.949294
-0.566869 0.804129 0.424506
-0.838446 -0.855813 -0.734876
0.544316 -0.574278 0.998339
0.414635 -0.957724 0.155388
-0.570618 -0.773707 -0.791416
-0.216728 0.31228 -0.994717
0.985584 -0.584398 -0.238127
-0.234654 -0.783239 0.819079
0.892308 0.729862 0.366814
-0.8675 -0.144194 0.708982
0.799497 0.754953 0.736279
-0.990748 -0.286829 0.782862
0.899668 -0.291022 0.367147
-0.99845 0.60845 0.28441
0.0625461 -0.890082 -0.964617
-0.447472 0.341297 0.876127
-0.647534 -0.62159 -0.548585
0.381146 -0.97778 -0.663052
-0.801986 0.574836 -0.375408
-0.82878 -0.0400889 -0.901222
0.771993 0.978012 0.0270658
0.517215 -0.54233 -0.670765
0.581122 -0.923719 -0.227668
-0.913662 0.281755 -0.581283
0.942901 -0.800554 0.545103
-0.970088 0.0165181 -0.972789
0.620065 0.436436 -0.785268
0.822705 -0.385707 -0.871332
0.0171874 -0.967454 -0.512444
0.200325 0.828684 -0.854419
-0.98134 0.3847 0.21664
0.837928 0.7664 -0.87831
0.687623 -0.598324 0.526167
-0.675882 0.428643 -0.645424
0.307036 0.925696 0.610675
0.603343 -0.754666 -0.766426
0.0221816 0.860924 -0.6612
0.980039 -0.45514 0.772708
0.488993 -0.226291 -0.881364
-0.523503 0.339842 0.879864
-0.530376 -0.773389 0.392851
0.814246 -0.601778 0.18048
-0.905517 -0.28884 0.925424
0.83856 -0.942927 0.749027
-0.864693 -0.869341 0.955773
0.995683 -0.413571 -0.236238
-0.194878 -0.810708 -0.572622
-0.981032 -0.887323 -0.174015
0.677365 -0.821566 0.952517
0.870167 -0.824342 0.937615
0.485375 0.912875 0.839659
-0.953253 -0.811909 0.163047
-0.641503 -0.81711 -0.837518
0.918071 -0.680667 0.82056
0.701742 -0.29887 0.777557
0.590188 -0.917047 -0.224466
0.984211 -0.0765857 -0.717897
-0.954884 0.614943 0.8315
0.377734 -0.749298 0.98673
0.963662 -0.339236 0.739215
0.855051 0.484512 -0.909062
-0.955391 -0.490913 0.11099
-0.013538 -0.562273 -0.914435
0.98721 0.601143 -0.779001
-0.826502 -0.604434 0.71614
0.769172 -0.159825 -0.794125
0.956217 -0.237418 0.985342
-0.68574 0.965322 -0.0058496
0.692944 0.927233 0.246933
-0.87473 0.493028 0.95223
-0.544653 0.820371 0.570909
-0.805503 0.866448 0.0309783
-0.729935 0.782028 0.524498
0.930358 -0.69811 0.739681
-0.217569 0.872487 0.748193
0.961608 0.734604 0.702984
-0.808266 0.768381 0.527496
0.657504 -0.475932 -0.786906
0.797865 -0.17009 -0.630965
-0.72452 0.292897 0.905949
0.901831 -0.384317 -0.439831
-0.845025 -0.681117 0.744347
-0.872535 0.0823053 0.90344
0.469104 -0.152864 -0.994314
-0.691531 -0.478902 0.640038
-0.696541 -0.456005 0.963753
0.554519 -0.539007 0.764472
0.778818 0.39429 -0.832457
-0.748708 -0.71555 0.280899
0.896866 0.794768 0.503954
-0.902226 0.927996 0.268188
-0.402529 -0.87164 -0.428704
-0.27965 0.95737 0.174459
-0.878775 0.054406 0.690014
-0.803575 0.821887 -0.582902
0.271725 0.646189 -0.736977
-0.851491 -0.708241 -0.821003
0.954802 0.429564 0.784716
-0.654029 -0.734323 -0.854237
-0.0990166 -0.569496 -0.926048
-0.47483 0.755954 0.920804
0.464321 0.83048 0.96995
-0.532546 -0.841998 0.14812
-0.503517 0.0769093 -0.862954
0.920092 -0.813967 0.754211
0.633163 0.648175 0.466036
0.546034 0.997975 -0.322204
-0.879219 -0.536615 -0.666014
0.0270871 -0.948025 0.667109
0.00708135 0.652566 0.783298
-0.651511 -0.827403 0.821184
-0.242163 0.991988 -0.725397
0.502983 0.0864603 0.893421
0.596983 -0.916714 -0.857574
-0.535197 -0.0147888 0.946912
-0.519375 -0.73136 -0.825048
0.826915 0.586888 -0.8166
0.913561 -0.578498 -0.516015
0.19448 -0.938237 0.628338
-0.811603 -0.128187 -0.770789
-0.659465 -0.825318 -0.62814
0.728213 -0.091986 -0.961686
0.555014 -0.779881 0.859343
0.602411 -0.693729 -0.408968
0.843861 0.392186 0.5953
0.254834 0.450072 0.864446
0.142606 0.9321 -0.46521
-0.815124 0.735371 0.222922
-0.255206 -0.420016 0.997512
0.547841 0.833764 -0.186305
0.355368 -0.985408 -0.442219
-0.587564 0.600696 0.964736
0.926255 0.752988 0.709569
0.638476 0.882625 0.0541719
-0.991206 0.282289 -0.0473959
-0.0690712 -0.473444 -0.934213
-0.632758 0.9254 0.76782
0.91225 -0.128151 0.819892
-0.539015 -0.712681 -0.892797
-0.822525 -0.896013 0.20906
0.982079 -0.668775 0.928434
-0.405955 -0.499483 0.922405
0.993947 0.147185 -0.830829
-0.975809 -0.324165 -0.913608
0.88139 0.5061 -0.183809
0.337929 -0.629811 -0.764993
0.681102 -0.693376 -0.445126
0.767201 -0.83683 -0.358804
0.968115 0.927324 0.994316
-0.764698 0.611426 0.33633
-0.893788 0.42908 0.557496
0.480108 -0.988297 0.28723
0.889021 -0.25204 -0.512617
0.885499 0.623976 -0.433617
0.330026 0.979096 0.69666
-0.877019 -0.580032 -0.444681
-0.963442 0.570223 -0.336894
0.862721 -0.915909 -0.848499
-0.849686 0.399259 0.656896
-0.897916 -0.181575 -0.644587
-0.881625 0.210565 0.831968
-0.21915 -0.70751 -0.708938
0.651813 -0.358109 0.961839
-0.92427 0.712175 0.25322
-0.929093 0.252409 -0.277158
0.838172 -0.209033 -0.956544
0.981076 -0.704164 0.95396
0.724872 0.901875 0.867908
0.205513 0.918565 0.695379
0.920821 0.764159 0.650501
-0.779739 -0.575564 0.540887
-0.753303 0.261435 -0.628885
-0.93944 -0.746653 0.424771
-0.512233 -0.666815 0.75188
-0.662159 -0.0108074 0.883553
0.996946 -0.98204 -0.797054
-0.0504682 0.893319 -0.962695
-0.991397 0.349016 0.185708
-0.754884 -0.18816 0.773238
0.634911 0.245361 -0.874924
-0.821623 -0.899752 -0.433276
0.443368 -0.789825 0.907699
0.766402 0.736018 0.000763426
0.864007 0.742118 -0.784788
0.287999 0.396835 0.978326
0.489388 0.330884 -0.93085
0.998742 0.220425 0.209593
0.709783 0.961348 -0.303098
-0.644355 -0.358704 -0.853483
0.381088 0.949159 0.333954
0.481741 0.934937 -0.387555
0.877239 -0.652093 -0.228208
0.520841 -0.973916 -0.181972
0.790187 0.169228 -0.809065
-0.166284 -0.865264 0.694919
0.734394 -0.956162 -0.78752
0.535861 -0.0171781 0.870865
-0.293166 0.722234 -0.816019
-0.622476 -0.242064 -0.965773
0.11348 0.925874 0.589091
0.888062 -0.60586 -0.100661
0.89301 -0.0270686 -0.992115
-0.0614407 -0.754754 0.895959
-0.646397 0.124731 0.903762
-0.331264 -0.94159 0.326016
-0.034798 0.78194 0.998417
-0.693581 -0.985303 -0.993207
0.376387 -0.871573 0.909742
-0.748565 0.723893 -0.273146
0.0156532 0.615978 -0.953053
0.990027 0.332944 0.596847
0.460708 -0.882934 0.355068
0.930071 0.191458 -0.911853
-0.734509 -0.760532 0.461217
-0.891724 0.298476 0.400602
0.128329 0.983092 -0.257
0.417207 -0.919196 -0.19301
0.592419 0.89754 0.608601
-0.548011 -0.419134 -0.760221
-0.969507 0.1544 -0.985152
0.871941 0.883684 0.812691
0.633274 -0.475827 -0.94595
0.961769 0.847063 -0.686743
0.513379 0.89401 -0.39069
-0.950186 0.897486 0.0991956
-0.825896 -0.14569 -0.973945
-0.98503 0.378519 -0.440748
0.264466 0.942268 0.667431
-0.337425 -0.973982 0.364494
-0.953306 0.488775 0.704706
0.0167023 -0.953348 -0.542423
-0.570235 0.561359 0.691296
-0.910842 -0.358532 0.482821
-0.228236 -0.35052 0.985006
-0.524103 -0.98068 -0.849811
0.28177 0.960742 0.382502
0.581301 0.960661 0.893349
-0.960676 -0.147551 -0.551503
-0.886206 -0.588503 -0.0437247
0.747335 0.157109 0.962645
0.146181 0.886087 0.699948
-0.760141 0.500608 -0.528292
0.803585 0.799489 0.804219
0.999234 -0.799003 0.366341
-0.576631 -0.78671 -0.848992
0.502518 0.958676 0.647215
0.797222 -0.805157 0.90287
0.514131 0.739558 0.848343
-0.29536 -0.749319 -0.885332
0.884843 0.963033 -0.27242
-0.684071 0.691701 -0.815424
0.694897 0.616883 0.77949
0.736144 0.925394 0.652052
-0.296849 -0.449649 0.859991
0.749772 -0.751039 0.80379
-0.855508 -0.912371 0.0286715
0.687608 0.95302 0.986383
0.962452 0.679763 0.967432
-0.467341 -0.736186 0.507436
0.263733 -0.372109 0.907521
-0.36131 -0.686488 -0.899483
0.620483 0.877049 -0.759294
0.5579 -0.980797 0.562235
-0.757556 -0.288051 0.808018
0.435119 -0.604009 -0.776497
0.998617 0.723158 -0.430154
-0.90149 0.255778 0.360701
-0.461653 0.820133 0.691781
0.818062 -0.749849 0.178649
0.64728 0.620027 0.969003
-0.0355089 -0.971547 -0.610744
0.722637 0.992572 0.626357
0.868471 0.630125 -0.954275
-0.237136 0.9259 0.80782
0.802189 -0.752633 -0.225587
0.944315 0.782369 0.11422
-0.176263 0.751943 -0.992903
-0.750974 -0.587164 -0.613652
0.932336 -0.558604 0.825638
0.894506 -0.524242 0.262469
-0.930104 -0.683915 -0.149
0.898714 0.621304 -0.802757
0.872314 0.60282 0.386725
-0.828164 0.379616 0.879113
-0.914876 -0.205206 -0.985574
0.0758103 -0.985917 -0.756824
-0.8481 -0.98949 0.344054
0.869822 -0.958805 0.473721
-0.672484 -0.703932 -0.789065
0.611558 0.793234 -0.740139
-0.282939 -0.893739 -0.80818
-0.865702 -0.662127 0.193723
-0.735554 0.972612 0.944634
0.958422 -0.358613 0.855185
-0.00212673 0.749737 0.754531
-0.734642 -0.591935 0.783224
0.67152 -0.74035 -0.283271
-0.694274 -0.696279 -0.891587
0.779493 0.595486 0.343054
0.551054 0.763194 0.510145
-0.452102 -0.477864 -0.941984
0.524604 0.8058 -0.562754
-0.79857 0.712416 -0.497882
-0.510418 -0.58499 0.689595
-0.796461 -0.224124 -0.682169
0.794418 0.63071 0.180885
-0.877688 -0.708522 -0.845232
-0.868947 -0.785838 0.250373
-0.639816 -0.945998 -0.774147
-0.863185 -0.295444 0.829764
0.310835 0.990719 -0.101091
0.574505 0.968897 -0.730657
0.893023 0.0407585 0.594447
0.757644 -0.402083 -0.523486
-0.923151 0.484134 0.695707
0.748478 0.923537 0.982186
-0.498319 0.593641 0.802405
-0.359818 0.990916 0.583661
-0.978455 -0.943447 -0.991345
-0.891822 -0.937039 0.362657
-0.702155 -0.639455 -0.832851
0.510321 -0.145179 0.863306
-0.96593 -0.651874 -0.840959
-0.0309426 0.524911 -0.965251
0.981039 -0.992406 -0.0573868
0.353163 0.956155 0.442595
-0.903836 0.92076 -0.273193
0.536836 0.69117 0.601972
-0.0225679 0.7686 0.774656
-0.888426 -0.353201 -0.388987
-0.836351 0.447437 0.501503
0.573426 0.990017 -0.834656
0.696465 -0.509089 -0.990095
-0.67888 0.994887 -0.191211
-0.402186 -0.457558 -0.88774
-0.980137 -0.578775 -0.194941
-0.0588001 0.689351 0.972513
0.804777 -0.815458 0.61363
0.956463 0.777543 0.311979
-0.442794 0.82296 0.363344
0.160895 0.838146 0.826856
0.570305 -0.99689 0.468445
0.730453 -0.446365 -0.840772
-0.535668 -0.437928 -0.942283
-0.962977 0.994383 0.892257
-0.925144 0.62335 0.370611
0.891908 0.0771768 0.854764
-0.648808 -0.00467504 -0.892895
0.808082 -0.640324 -0.491936
0.242848 -0.794662 -0.647877
0.644662 -0.947003 0.235144
-0.919523 0.611107 -0.588112
0.862942 0.483726 0.698767
0.755032 -0.977817 -0.563401
-0.296822 0.729748 -0.808419
-0.50303 0.836182 -0.46265
0.968439 -0.359077 0.100806
-0.975434 -0.0558857 -0.713116
0.914295 0.308364 -0.304233
0.984717 0.244992 0.0466496
0.484633 -0.60196 0.83121
-0.239714 -0.539832 -0.872945
-0.945753 -0.852642 0.726662
0.447243 0.906355 -0.775273
-0.778004 -0.334211 -0.581487
-0.675584 -0.677815 0.689668
0.384358 -0.815483 0.920625
0.395233 -0.777381 0.513001
0.921814 0.729128 0.452077
-0.0580275 -0.676985 0.734245
0.600005 0.460765 0.679117
-0.983368 -0.923983 -0.39108
0.582523 -0.0367958 0.835638
0.784504 0.368998 -0.832488
-0.410167 -0.994943 0.401069
-0.910668 0.707159 0.359805
-0.848421 -0.574593 -0.454496
-0.810388 0.773232 0.747216
-0.482315 -0.552656 0.97629
-0.893687 -0.394741 0.752783
0.0505872 0.823763 -0.741772
0.974727 -0.988397 0.336003
-0.734993 0.818301 -0.215047
0.927074 0.926879 -0.774596
0.480247 -0.387829 -0.83003
-0.929035 0.868923 0.42067
-0.787426 0.661081 -0.869503
-0.640635 0.823861 -0.482054
0.836046 0.012144 0.893528
0.730474 0.395741 -0.955283
-0.815166 -0.460955 -0.919248
0.907812 -0.770482 0.407704
-0.92276 0.252587 0.676919
-0.983262 -0.493024 0.0842306
0.500177 -0.365462 -0.949138
-0.777394 -0.275642 0.617062
0.658041 0.909596 0.154814
0.692672 0.600115 -0.866128
-0.823934 0.715151 0.846903
-0.930688 0.638477 0.399659
-0.93568 0.759963 -0.929578
-0.987676 -0.916123 0.186603
0.460975 -0.689483 0.7279
-0.13932 0.392313 0.960588
-0.078333 -0.970396 -0.266589
-0.673276 0.0341787 -0.960498
0.00380235 -0.930422 0.589783
-0.834806 -0.791774 0.660466
0.844944 -0.799321 0.727677
-0.954338 -0.0721233 0.861367
-0.949891 0.221771 -0.527274
0.845277 0.297179 0.890586
-0.647144 -0.838048 -0.925132
0.509478 0.35434 -0.845755
0.760045 0.76388 -0.422911
-0.875301 -0.210288 -0.51628
0.978708 0.873276 0.702934
0.730905 -0.64032 0.924069
0.586054 -0.804745 0.558938
-0.342466 0.82448 0.568949
-0.747268 -0.509122 -0.904935
0.336383 0.288014 -0.898314
0.77794 0.626704 0.380645
-0.805856 -0.209613 0.881081
-0.873196 0.727249 0.730928
0.98939 0.945683 -0.26397
0.820793 -0.792099 0.444427
0.116841 -0.951417 0.813547
0.235071 0.285606 -0.932272
0.926126 0.185377 -0.409771
-0.488854 0.890811 -0.849732
0.878858 0.485047 -0.525371
-0.907989 -0.215472 -0.724167
0.838313 -0.654359 0.436032
0.98088 -0.622648 0.804001
0.913217 0.851539 -0.0148698
0.504373 -0.440005 0.870615
0.754589 -0.504715 0.596886
0.993913 0.115222 0.0253751
0.799385 0.708004 0.270366
-0.0185666 0.921547 -0.439767
-0.986163 -0.641158 -0.34359
0.313534 -0.555514 -0.778942
-0.488369 0.79672 0.816573
0.912582 -0.0325764 -0.528538
0.930166 0.736341 -0.611481
-0.796946 0.617995 0.671068
-0.896864 -0.953731 0.465822
0.796373 0.0669919 -0.769377
0.977034 -0.319561 0.10558
0.816206 0.441429 -0.899381
-0.956639 -0.598784 0.0273532
0.507081 -0.170111 -0.955324
0.822658 -0.157724 0.832451
0.874954 -0.561248 0.876756
0.671802 -0.727725 0.385275
-0.682996 -0.543698 -0.713709
-0.698076 0.654227 -0.540384
-0.767663 -0.400515 -0.701977
0.62242 0.89607 0.803016
-0.766531 -0.22205 -0.852117
0.933236 -0.989391 -0.895277
-0.86243 0.440394 -0.567588
-0.781888 -0.463359 0.70806
0.899991 -0.27899 -0.880106
-0.943689 0.540819 -0.6253
-0.934483 0.253307 -0.956825
-0.205092 -0.57793 0.813401
-0.521139 -0.586099 -0.730346
-0.654851 0.643113 -0.958449
-0.826254 -0.135046 0.615033
-0.94503 -0.113069 0.631381
0.936796 -0.549574 0.851973
-0.929783 -0.371387 0.0724124
0.561861 -0.223902 0.997225
0.995641 -0.134277 -0.776565
0.802534 0.711426 0.723028
-0.197716 -0.98755 0.765863
0.578785 -0.753385 0.342048
0.271476 -0.904296 -0.371585
-0.77147 0.96841 0.521179
-0.428911 0.869246 -0.534119
0.638056 0.985565 0.621626
-0.790721 0.669806 -0.127194
-0.707895 -0.166291 -0.91686
0.696053 0.175956 0.89925
0.441953 -0.724337 -0.587362
-0.569327 -0.898064 0.109894
0.781629 -0.697176 -0.807345
0.936933 -0.54499 0.537026
-0.670829 -0.793105 0.181608
0.772328 0.577105 -0.411172
-0.161855 0.43849 0.946373
0.0798297 0.819101 -0.843271
0.612705 0.832631 0.889641
0.717362 0.407259 -0.588552
-0.96492 0.576089 -0.797678
-0.337578 0.544817 0.844195
-0.73581 -0.0675614 -0.89309
-0.620424 0.175294 -0.847924
0.59593 -0.782464 -0.839889
-0.27398 -0.820447 0.670711
-0.885981 -0.257815 0.988126
0.544967 -0.936463 0.422469
0.705823 -0.303995 0.97434
0.261709 0.63383 -0.949138
-0.89395 0.681796 -0.147344
-0.721772 0.639135 -0.687136
-0.22579 -0.624617 -0.749922
-0.78712 -0.717267 -0.360704
0.0140158 -0.821219 -0.917917
-0.557849 -0.922858 0.921408
-0.226144 -0.896957 -0.759944
0.250328 -0.553357 -0.855311
0.740063 -0.774365 -0.224262
0.641473 -0.325286 -0.928217
0.96631 -0.769466 0.933178
-0.670401 -0.949894 -0.654875
0.544528 0.218715 0.840811
0.47227 0.871698 0.189386
-0.0764396 -0.951562 0.485188
-0.945032 0.266003 -0.348395
0.827706 -0.0141214 0.873739
0.0518914 0.918923 -0.809333
-0.773213 0.520794 -0.83813
0.838093 -0.393668 0.741652
-0.289031 0.426946 0.900901
0.922932 -0.516983 0.696568
-0.827095 -0.722211 -0.684429
0.628788 -0.723286 -0.944999
0.512201 -0.571515 -0.99152
0.161433 0.798234 0.803299
0.925845 -0.418547 -0.960969
-0.559627 0.196013 -0.963053
-0.652638 -0.964633 0.810187
0.302445 0.767729 -0.886422
-0.857864 -0.642966 0.604461
-0.211112 -0.680785 -0.813093
0.88251 0.0432635 -0.802221
0.576757 -0.393587 0.921156
-0.953539 0.184875 -0.812139
-0.283881 -0.799031 0.706185
-0.991953 0.746806 -0.474605
-0.687862 -0.629294 -0.507958
-0.558638 0.652834 -0.91826
0.135036 0.972827 0.549364
0.777354 -0.95222 0.994928
0.0613524 -0.878869 -0.606239
-0.79723 0.646615 -0.0423524
-0.240313 0.795893 0.760917
-0.00203742 -0.514569 -0.873443
0.497483 0.402636 0.868685
-0.455733 0.91506 -0.754725
-0.839413 -0.661632 -0.621651
0.207317 -0.648358 -0.867406
0.68887 0.626559 -0.977833
0.64271 0.420667 -0.850919
-0.866294 -0.438146 -0.833403
-0.511675 0.909425 0.653372
0.924687 -0.87546 -0.230103
-0.60074 0.444071 0.821872
-0.264312 -0.900813 -0.994575
0.0898196 -0.999843 -0.103989
0.907524 -0.810383 0.799069
0.774933 0.615423 0.924848
0.85751 0.411548 -0.31875
-0.673881 -0.826901 -0.806117
-0.511648 -0.423744 -0.759101
-0.893931 -0.309062 0.979129
0.969251 0.0845128 0.946695
0.530698 -0.902786 0.340656
-0.66517 -0.932338 -0.0504629
-0.790314 -0.28906 0.551926
-0.986239 0.128808 -0.667937
-0.919395 -0.890009 0.505382
0.835792 -0.0013631 0.733789
-0.605678 -0.461597 0.784
0.412891 0.638957 -0.773988
0.725163 -0.883553 -0.5146
-0.486663 0.758453 0.831198
-0.442318 0.967522 -0.374755
-0.970898 -0.0421276 0.501106
0.49356 -0.420169 0.822114
-0.216253 -0.920675 -0.701833
-0.458124 -0.359469 0.868207
0.8994 -0.282822 0.790784
-0.956902 -0.807654 -0.622954
0.822435 0.802899 -0.369066
-0.967681 0.732554 0.530854
0.479942 0.969483 -0.413654
0.893597 0.434811 -0.721705
-0.0841194 -0.563766 0.945003
0.935451 0.952257 0.759352
-0.948184 0.585275 -0.512981
-0.819747 0.857751 0.702384
0.537963 0.690523 -0.691817
0.748861 0.545076 0.590954
0.973071 -0.501638 0.0317434
-0.705803 0.861163 0.890271
0.122655 -0.894277 -0.761657
-0.489966 -0.807351 -0.634026
-0.827804 -0.731736 -0.400175
-0.537532 0.994825 0.199075
0.477848 -0.200776 0.941667
-0.755044 -0.749811 -0.644328
0.793753 0.120541 -0.875732
-0.62673 0.876809 0.400653
-0.636407 0.765473 -0.280836
0.051204 0.638053 0.999154
0.979179 0.916201 -0.205161
0.764931 0.980358 0.845219
-0.462256 -0.134191 0.967435
-0.569108 0.442025 0.817207
-0.753244 -0.566064 -0.500226
-0.997694 0.752143 0.614392
-0.739795 -0.690535 0.581493
-0.149511 0.912069 -0.841697
-0.78798 0.821341 -0.82211
0.0405958 0.983735 -0.384344
0.233796 0.683937 0.968012
-0.230691 -0.646013 0.945995
-0.463313 -0.708778 0.56965
-0.774127 0.845933 -0.0112471
0.0603305 0.64662 -0.951187
-0.752305 -0.467011 0.941742
-0.0530804 -0.974523 0.956935
-0.438218 0.965848 -0.638559
-0.455785 -0.710057 -0.819057
-0.605283 0.847463 0.360817
0.908602 -0.868799 0.842129
0.451556 0.592815 0.840658
-0.763373 0.970159 0.46482
-0.409328 0.95757 -0.557032
-0.782534 0.945079 0.539725
0.212566 -0.141812 0.991
-0.880034 0.521328 -0.116016
0.213819 0.930498 0.535774
0.499436 -0.243212 0.972321
-0.923135 -0.929212 0.763496
0.664481 -0.973178 0.129216
-0.504101 -0.553726 0.978607
0.517883 -0.512331 -0.877081
-0.641223 0.813884 -0.35123
-0.79956 0.6281 0.667801
-0.743668 0.189713 -0.826951
-0.991323 -0.740953 0.82677
0.876787 -0.696797 0.274171
-0.862862 0.760563 -0.504648
-0.967515 0.563583 -0.906328
-0.61942 0.816797 -0.640753
-0.856398 -0.629054 0.28313
-0.797871 -0.713923 -0.273963
-0.593436 -0.848331 0.434283
-0.261174 -0.507998 -0.906355
-0.92144 0.307313 -0.426392
0.867591 0.8735 0.349028
0.83699 0.189485 -0.791718
0.434931 -0.447045 0.942466
0.918718 -0.503331 -0.967372
-0.835913 0.787866 -0.529867
0.912974 0.710375 -0.856553
-0.930554 0.787696 0.816807
-0.861329 -0.958178 -0.69571
0.545262 -0.484491 -0.907372
-0.729167 0.140389 0.82075
-0.274178 -0.810882 -0.544167
0.690654 0.631544 -0.763618
-0.305783 0.870904 -0.807897
-0.728502 0.943432 -0.374296
-0.393748 -0.994174 0.840014
0.644165 0.847789 0.798761
0.0867466 -0.717369 0.738614
0.837863 0.849159 -0.509753
0.123575 0.971033 -0.3081
-0.0934822 0.535789 0.937666
0.841703 0.638971 -0.33816
-0.763978 -0.97409 -0.467791
-0.992394 0.0406837 -0.384256
-0.744266 0.74294 0.581981
-0.919375 -0.240315 0.381127
0.486908 -0.714781 -0.694227
-0.312978 0.742115 0.660858
-0.888182 -0.679577 0.94019
0.902238 -0.453078 0.561616
-0.163715 -0.983288 0.565653
-0.259244 -0.961637 0.496832
0.414629 0.769184 0.993716
0.278965 -0.238322 0.991177
0.489008 -0.590368 0.950199
0.848541 -0.840642 0.530177
-0.740536 -0.960939 0.657318
-0.40916 0.854547 0.801668
-0.007601 -0.576469 0.846256
-0.949919 -0.554268 -0.0558121
-0.744932 0.87433 -0.196025
0.852465 -0.720123 -0.470792
-0.841532 -0.975451 0.23701
0.71973 0.677622 -0.155472
0.827024 0.7155 -0.702112
0.312958 0.640302 0.888356
0.817229 -0.719277 -0.218509
0.0948474 0.972217 -0.875366
0.0089209 0.862173 0.855325
-0.033955 0.44735 -0.917726
-0.771507 -0.956137 0.693186
-0.01594 0.855425 -0.955032
-0.345482 -0.979678 0.943273
0.946286 -0.34689 -0.861783
0.469993 -0.418014 0.800045
-0.926972 0.166159 0.724992
-0.624134 -0.565521 0.907751
0.835953 -0.959407 -0.292405
-0.822719 0.667821 -0.134687
-0.0330362 0.55399 -0.983974
-0.0174066 -0.952647 -0.626683
0.733451 0.795456 -0.240125
0.935483 -0.4485 0.742484
-0.141041 0.731724 0.704913
-0.418168 -0.723805 0.789816
0.257875 0.981814 -0.675973
0.46658 -0.695667 -0.986173
0.528596 -0.270997 -0.858673
0.947586 -0.644839 0.786773
0.828535 0.814949 -0.340076
-0.157533 0.634612 -0.996422
0.283293 -0.322343 0.95377
-0.984988 -0.662088 0.638834
0.958611 0.252392 -0.807534
-0.733094 0.528365 -0.870174
0.432851 -0.40173 0.895426
0.428667 0.373862 -0.9581
-0.186611 0.511689 -0.956234
0.917586 -0.249811 0.70403
-0.514292 0.131071 -0.992974
0.181984 0.985793 0.709264
0.617833 0.37029 -0.701867
-0.477693 0.844687 0.674034
0.701613 0.797506 0.26008
-0.425855 0.573261 0.877212
0.721633 -0.871394 -0.499387
-0.853289 0.598911 0.611738
0.953952 0.425053 0.709986
-0.892579 0.46727 -0.55731
0.438254 0.860191 -0.417846
-0.734496 0.0888816 -0.940991
0.86252 0.374479 -0.73093
-0.271747 0.862258 0.801825
0.93634 -0.691085 -0.468787
-0.87743 0.808575 -0.474959
0.941835 0.890486 0.805791
0.511217 0.768337 -0.492934
-0.849447 0.553723 -0.982922
0.975148 -0.794479 0.97723
-0.618315 0.623519 -0.598644
0.260438 -0.646448 -0.71726
0.741249 -0.606762 0.904588
-0.68501 0.400401 -0.722358
-0.396164 -0.939228 0.695034
-0.596014 -0.836522 -0.554396
-0.986579 -0.423244 -0.118409
0.671797 -0.739383 -0.644281
-0.878174 0.279906 0.759678
0.414151 0.937513 0.28011
-0.573425 0.610002 -0.585649
0.616022 0.541194 -0.729625
-0.135817 0.817673 -0.963599
0.587884 -0.745963 0.408946
-0.515613 -0.971538 -0.815505
0.721057 -0.84403 -0.125595
0.146373 -0.280229 0.973789
-0.628889 0.818734 0.802904
0.828506 -0.204044 0.948576
0.974835 -0.985903 0.547709
-0.758387 0.703314 0.213822
-0.893458 0.697704 -0.129888
-0.574428 0.326614 0.972122
0.470738 0.85182 0.868299
-0.691955 -0.604775 -0.409282
0.719546 -0.782686 0.864971
0.5686 -0.455032 -0.916275
0.319733 -0.864032 0.672251
-0.722313 -0.772783 0.864087
-0.897634 0.776941 -0.374853
0.241435 0.959843 0.741841
-0.878146 -0.343721 -0.98704
-0.703179 0.890807 0.915584
0.94786 -0.391362 0.223518
0.766786 -0.467801 -0.790868
0.644632 -0.730789 -0.252459
0.948344 0.929815 -0.434037
-0.928798 -0.298013 0.807034
0.446653 0.908722 0.972445
0.599816 -0.136439 -0.941313
-0.739187 -0.116383 -0.703013
0.960963 0.370682 0.347408
0.959377 -0.633598 -0.0389011
-0.956442 0.145375 0.380544
-0.903158 0.372535 -0.999457
0.445855 -0.722432 0.619746
-0.635129 -0.815685 0.0369384
0.803168 -0.985064 -0.365268
0.967008 -0.802125 0.580115
-0.355392 0.739537 -0.75005
-0.670946 -0.881801 0.524477
-0.947563 -0.272273 0.769677
0.947551 -0.687501 -0.487583
-0.692165 0.738941 -0.948702
0.856416 0.0702809 -0.820594
-0.150044 0.384344 -0.942652
-0.739337 0.898566 0.835685
-0.557975 0.348434 -0.866259
-0.686677 0.0483267 -0.992026
-0.596498 0.571649 -0.886296
-0.130891 0.398161 0.973633
0.285189 0.906911 -0.339302
0.957613 0.29118 0.0227616
0.95933 -0.191181 0.294732
0.683273 0.834431 -0.385853
0.673213 -0.891421 0.957357
0.471071 0.602033 0.673905
0.980806 -0.117657 -0.447929
-0.141695 -0.853852 -0.596712
-0.850533 0.063143 0.813182
0.926967 -0.143088 -0.864322
0.696591 0.607143 -0.849966
0.743198 -0.698474 0.829505
-0.349556 0.656519 -0.928616
0.660654 -0.831913 -0.752025
-0.50209 -0.414241 -0.922727
-0.370798 0.575384 -0.779258
0.654483 -0.81345 0.973626
0.850257 0.261286 0.850069
-0.921801 -0.0355821 -0.558003
-0.0563499 -0.839328 0.65764
-0.698966 0.816191 -0.385539
-0.202577 -0.981226 -0.64659
0.718175 0.422079 0.776239
-0.0875285 0.145574 -0.997895
0.28669 0.684067 -0.994763
0.967815 -0.813547 0.274286
0.816838 -0.516885 -0.912046
0.766576 -0.508596 0.689513
-0.698424 0.67449 0.251501
-0.932475 -0.593791 0.936657
-0.628481 0.738979 -0.422738
-0.00527722 0.989069 -0.722896
-0.845641 -0.942222 -0.436641
-0.561185 0.462937 0.908323
0.751958 -0.262007 0.851949
0.600638 -0.187692 -0.827486
-0.913427 0.733542 -0.750022
0.115312 0.897164 -0.827528
0.5933 0.047749 0.859944
0.910882 0.249656 0.836124
0.797262 0.814393 0.501392
0.51457 0.777694 0.844787
0.0707249 0.60569 0.823504
-0.433501 0.904072 0.461392
-0.850158 -0.992335 -0.821016
-0.326404 0.80319 -0.511224
-0.202599 -0.540666 -0.992064
0.2312 0.933513 -0.35382
0.0121868 0.605903 0.890644
-0.822352 0.412757 0.663887
0.629851 -0.0571429 -0.999651
-0.22375 -0.88398 0.663453
0.0541001 -0.720204 -0.931861
-0.961678 0.122454 -0.565815
0.930795 0.38126 0.160188
-0.941199 -0.858057 -0.274056
0.0686006 -0.737152 0.738407
-0.839858 0.855731 0.307414
0.140215 0.972799 0.242685
-0.630626 -0.988486 -0.568638
-0.782824 -0.0516435 0.718905
0.504867 -0.78899 -0.594484
0.0957005 0.997265 0.688126
-0.853664 0.619178 0.76997
-0.923616 -0.59457 -0.942131
-0.231423 0.665199 -0.973344
0.0791256 -0.621902 0.993958
0.365027 0.375101 -0.869572
-0.623754 0.823576 0.42867
-0.137683 0.946288 0.364168
0.886443 -0.897503 0.34614
0.398207 -0.817447 -0.71895
0.842959 -0.634722 0.809387
0.810239 0.331962 -0.870909
0.982544 -0.236713 -0.530741
0.580604 -0.964676 0.282527
-0.82861 0.8219 0.773704
0.547041 -0.900689 0.693048
-0.389467 0.984937 0.0520091
-0.95967 0.113791 0.39937
-0.731059 -0.220874 -0.78364
0.153707 0.915095 0.873316
-0.67059 0.321669 -0.847083
-0.269644 0.428595 -0.971557
-0.554854 -0.745543 -0.875965
0.611455 -0.870465 0.353503
-0.961124 -0.530911 0.834542
-0.802462 0.951854 -0.26096
0.772218 -0.699278 0.724127
-0.37467 -0.87586 -0.63093
0.403114 0.809521 -0.921948
0.623335 0.892199 -0.662504
-0.435566 0.785545 -0.465424
-0.905813 0.0037847 0.637279
0.686154 0.75652 0.846418
-0.516078 0.0824125 -0.893241
0.943964 -0.399227 -0.579008
-0.478167 -0.892466 -0.542521
-0.812813 -0.731271 -0.604078
0.335275 0.891404 0.691832
-0.659961 -0.846577 0.828746
-0.46617 0.60607 -0.64934
-0.958616 -0.444684 0.0452968
-0.986024 -0.157196 -0.891989
0.253104 -0.92006 0.668214
0.918489 0.615339 -0.0653733
0.12344 -0.343845 -0.971485
0.834888 0.460653 0.739981
0.666781 -0.782502 0.895466
0.720609 -0.89943 0.793321
-0.464247 0.90693 0.509335
-0.419282 -0.815285 0.9929
-0.922879 0.231784 0.324226
0.420445 -0.719958 0.765111
0.895895 0.84915 -0.993699
0.320317 0.84848 0.592506
0.670431 -0.955614 -0.455389
0.595371 0.611503 0.652424
0.833683 -0.728974 -0.233812
-0.952264 -0.217134 -0.899221
-0.737464 -0.214452 0.727324
-0.414148 0.80347 -0.853567
0.954985 0.986592 -0.870362
-0.963527 -0.554408 -0.638009
0.241646 0.841839 -0.976768
-0.774928 -0.408974 0.861247
0.921985 0.554819 0.651395
0.335004 -0.897162 0.552987
0.908601 0.522815 0.0402913
-0.544393 -0.690766 0.50786
-0.499339 0.996141 -0.830204
0.970539 -0.877411 -0.360834
-0.132262 0.774745 -0.90871
0.455247 0.574482 -0.895134
-0.963009 0.83918 -0.858444
-0.772547 -0.494268 -0.771979
-0.279607 0.917471 0.895905
-0.879769 -0.330704 0.663692
-0.578957 -0.412199 0.874263
0.70676 -0.618969 -0.402619
-0.882126 -0.280776 0.421696
0.0238105 -0.849484 -0.709171
-0.945464 -0.423047 -0.916445
0.493935 0.602365 0.890739
-0.609898 -0.372005 -0.918196
0.830445 -0.742553 -0.0662956
-0.890086 0.313042 0.495135
0.815934 -0.288191 -0.668253
-0.0900527 0.935286 -0.79783
0.838245 -0.90512 0.684045
0.679556 0.506188 0.752638
-0.956637 0.261031 -0.993493
-0.582721 -0.747068 0.511299
-0.826666 0.580753 0.0649937
-0.360784 0.729406 0.699151
0.680302 0.201774 -0.785786
-0.83064 0.629071 -0.453758
0.779213 0.283208 0.746589
0.259821 0.985662 -0.733891
-0.282693 0.965518 -0.560089
-0.948241 0.438967 -0.671832
-0.0306694 -0.48177 -0.90841
0.972116 -0.163842 -0.25425
0.436445 -0.426595 0.855097
-0.718938 -0.734914 0.443294
0.717679 0.036256 -0.79434
-0.505671 -0.460229 0.985156
0.318772 0.447683 0.855773
-0.516894 -0.684668 -0.860925
-0.348565 -0.511078 -0.871145
-0.963369 0.0960237 -0.552139
-0.617155 0.766557 -0.45396
-0.961442 0.69717 -0.408199
-0.958908 0.332891 0.726126
0.643153 -0.938763 -0.37419
0.840826 -0.821022 -0.497253
-0.446026 -0.702434 -0.857574
0.367573 -0.635088 0.997863
-0.451116 -0.0297988 -0.990201
0.130245 0.691471 -0.878742
0.690967 -0.0481154 -0.948532
0.719812 0.729888 -0.34658
-0.981115 0.804168 0.180885
-0.357504 0.980787 0.178165
-0.666121 0.695068 0.385893
0.0307499 -0.947558 -0.386778
0.995335 0.409039 -0.474377
-0.332014 -0.812263 0.691168
-0.896194 -0.895475 -0.1139
-0.88863 0.160526 -0.84713
-0.836228 0.59738 -0.549254
-0.900423 -0.676169 0.542087
0.312797 -0.886898 0.828467
0.0732176 -0.926479 0.436158
0.51988 -0.175422 0.959491
0.881614 -0.557143 0.677269
0.768091 0.126473 -0.7037
0.922879 -0.693005 0.913083
-0.782521 -0.545125 0.370946
0.598382 0.589686 0.95697
0.585255 -0.828583 -0.327447
0.776535 -0.608008 0.622418
-0.950534 0.460021 0.515295
-0.998417 0.570838 -0.64429
-0.64738 -0.662819 0.892285
0.957402 0.413919 -0.055336
0.308516 -0.818012 -0.98809
-0.850966 -0.648329 0.56959
-0.0394555 -0.912957 -0.921389
-0.91966 0.346328 0.63534
0.334799 -0.928461 0.918451
0.494328 -0.578095 0.958097
-0.744828 -0.971349 0.432734
-0.763146 0.767261 -0.368777
-0.675294 0.949114 -0.0903251
-0.664594 0.727327 -0.839685
0.239344 0.478946 -0.920139
-0.190092 0.409596 -0.956684
0.919231 0.373743 -0.957461
0.819913 -0.473628 -0.905268
0.346309 -0.911213 0.732834
0.664607 -0.801559 -0.789445
-0.986418 -0.758613 -0.942696
0.42508 -0.324363 -0.909903
-0.341417 0.753408 0.798482
0.646919 -0.952624 0.18738
-0.382343 -0.721678 -0.858567
0.455376 -0.935355 -0.862865
-0.807466 0.200901 -0.610612
0.961208 -0.600818 -0.707151
-0.232894 -0.883506 -0.585852
-0.923273 -0.967896 0.743128
-0.516516 -0.396909 0.963953
-0.553677 0.880276 -0.443062
0.781164 -0.315899 -0.902348
-0.129041 0.848384 0.645885
0.69926 -0.70568 0.137763
-0.757338 0.75797 -0.222797
-0.442161 -0.93624 -0.308973
0.76746 -0.857209 -0.142916
-0.35163 0.10006 -0.999373
0.288652 0.794626 -0.845069
0.4283 -0.899862 0.286642
-0.947124 -0.669935 -0.217274
0.394552 0.867912 0.664551
-0.947503 0.0959141 0.783497
-0.866023 -0.811509 -0.377426
-0.518877 -0.92567 -0.0148903
-0.623166 -0.585028 0.591113
-0.912974 0.106653 -0.578993
0.849427 -0.445029 -0.762286
0.986379 -0.174609 -0.730408
-0.845887 -0.489859 -0.261889
-0.643554 0.962901 0.953427
0.917041 0.785458 -0.251254
-0.746713 0.417337 0.647447
-0.174888 0.857754 -0.823311
-0.0902643 0.0880686 0.995234
-0.177558 0.944777 0.655989
-0.521474 0.522589 0.689849
0.149817 -0.0870322 -0.990134
0.716767 0.58755 0.883001
0.960311 0.138101 -0.465467
-0.269285 -0.747754 0.690141
-0.93766 0.263091 0.277572
-0.290184 -0.878915 -0.772111
-0.831728 0.339004 -0.489997
-0.534853 0.623767 0.82729
-0.971012 -0.859527 0.788575
0.547033 -0.960181 -0.809514
-0.859843 0.510491 0.0221132
-0.445562 0.52546 -0.931677
-0.925309 0.878343 -0.21261
-0.277886 0.983968 0.0844545
0.75839 -0.485411 -0.871015
0.856184 0.682973 0.564254
-0.104988 -0.942959 0.968278
-0.923782 -0.902079 0.0370877
0.734638 -0.991692 0.98874
0.927229 -0.864772 0.696246
0.931398 -0.279883 -0.320256
0.225422 -0.798654 -0.945445
0.372417 -0.459062 -0.928111
0.960059 0.624634 0.0251374
0.678944 0.0492534 -0.755153
0.50905 0.924261 0.366613
0.990268 -0.104075 0.414194
0.318341 -0.881172 0.855157
0.777636 0.450098 0.880965
-0.905164 0.572854 0.0819382
0.969163 0.379221 -0.950442
0.999241 0.435517 0.5664
0.173454 -0.941138 0.454419
0.629275 0.637195 -0.971241
0.947369 0.26551 -0.713103
0.664445 -0.295713 0.846493
-0.646048 0.838568 -0.631279
-0.965314 -0.584373 -0.663369
-0.636476 0.511998 0.75272
-0.170187 0.87047 -0.498381
-0.192651 0.924729 0.354867
0.426807 0.376726 0.845238
0.866692 -0.0538381 -0.59847
0.903602 0.77416 -0.228839
-0.736344 0.867562 -0.676158
-0.53376 0.796442 0.359882
-0.855137 0.747024 0.0893443
0.822915 0.921176 -0.67041
-0.495743 -0.486246 0.813923
0.936252 0.164935 -0.893991
-0.231045 -0.990094 0.798926
0.905823 -0.99211 -0.806638
0.978348 0.29731 -0.792745
0.229429 -0.0826182 0.999165
0.936411 0.995231 -0.171535
0.661484 -0.927294 -0.0145741
-0.905612 -0.351626 0.587435
-0.9297 -0.426533 -0.655231
-0.816967 -0.516674 -0.714801
-0.828044 0.70586 0.621636
-0.260321 0.952223 0.190988
0.336195 -0.625389 0.882155
-0.718453 0.0499939 0.875424
0.900201 0.0709061 0.93467
0.766831 -0.607055 -0.832729
-0.186631 -0.96571 -0.956171
0.497145 0.791579 -0.96311
-0.917691 -0.492901 -0.773723
-0.835106 -0.822655 -0.677735
0.0810925 -0.528536 -0.948201
0.836672 0.767404 0.678467
-0.800606 0.787848 -0.998735
-0.720258 -0.792455 0.232018
0.926381 -0.792953 -0.302464
-0.715236 -0.316626 -0.673086
0.634485 0.726534 0.757996
-0.796962 0.493221 0.675719
-0.686319 0.800346 -0.609206
-0.58761 -0.993375 0.270341
-0.220237 -0.334061 -0.959625
-0.176558 0.990972 -0.896221
-0.972994 -0.128464 -0.688311
0.149411 0.678299 -0.967203
0.880661 0.929549 -0.530368
0.270127 0.488368 -0.881918
0.564702 0.554263 -0.690571
0.860481 -0.211226 0.802964
-0.511223 -0.716023 0.804668
0.829211 -0.593842 -0.350268
0.687661 0.302485 -0.954781
-0.820068 0.519181 -0.748043
-0.433783 -0.511989 -0.787593
0.822134 0.665819 -0.611676
-0.675948 -0.931352 0.989851
-0.362526 -0.62778 -0.874293
0.834762 0.955023 -0.68472
-0.393378 -0.451509 -0.900191
-0.565767 0.91059 -0.270376
0.0919115 -0.714736 -0.850696
0.996402 -0.925952 0.630938
0.738773 0.279377 -0.706114
-0.931395 -0.804733 -0.343755
0.857888 -0.336243 0.742804
-0.773503 -0.27714 0.984368
-0.597815 0.913794 0.591689
0.86022 0.38984 0.919154
0.00890702 -0.859042 -0.887716
0.49301 0.677361 0.920561
-0.989618 0.144263 -0.300468
-0.636487 0.899969 0.428423
-0.754276 0.75677 0.708873
-0.654101 -0.828093 -0.39613
0.218779 0.688827 0.80931
0.919732 -0.423948 -0.59399
-0.708149 0.724446 -0.439768
0.892629 0.728767 -0.0868809
-0.866055 -0.544493 0.339506
0.977269 0.378138 0.276366
-0.479298 0.922371 -0.172284
0.095677 -0.474344 -0.920578
0.586603 -0.897084 0.587748
0.945985 -0.875338 -0.19872
-0.846243 -0.952754 -0.944524
0.818964 -0.443956 0.638365
0.98698 0.581276 -0.495667
0.589636 0.949406 -0.493354
-0.470353 0.842177 0.938624
0.850771 -0.91554 -0.593409
0.543125 0.828795 0.661979
0.959824 -0.324265 -0.425744
-0.648628 -0.621688 0.802503
0.564214 -0.817145 0.245337
-0.886182 0.599228 0.686732
0.560031 0.61516 0.898119
-0.468469 0.195336 0.873056
-0.952628 0.853513 -0.564741
0.0645563 -0.569797 0.857413
0.23565 -0.474172 0.995519
-0.9052 0.992312 0.73316
-0.655814 0.329394 0.792589
-0.933518 0.912348 0.905089
-0.0192419 0.960493 -0.762021
0.292967 0.939905 0.209448
0.953275 -0.596288 -0.847021
-0.843034 0.966648 0.804187
0.946046 -0.894698 0.667005
0.990124 -0.237819 -0.776269
-0.989103 -0.957281 -0.782153
0.327847 -0.75312 0.607651
-0.989968 -0.183898 0.0472793
-0.375621 0.964524 -0.327377
0.986551 0.696246 -0.31007
0.600907 -0.879792 0.705771
-0.349847 -0.741381 -0.792895
0.0734633 0.427975 0.944473
-0.546576 -0.470522 -0.841423
-0.836575 0.648062 0.815819
0.892797 -0.912439 -0.29607
0.81529 -0.410144 -0.675205
-0.360713 0.211224 -0.96044
0.859474 0.771626 0.167306
-0.921838 -0.692341 -0.480504
-0.811463 0.794238 0.145204
-0.204545 0.160003 -0.986248
-0.845335 0.756658 -0.128023
-0.931509 0.205015 -0.869265
0.580203 0.818821 0.297832
-0.878193 -0.0410808 -0.503314
0.286188 -0.620671 0.911002
-0.132772 0.449347 -0.964681
-0.60082 0.734558 0.865657
-0.974998 0.465637 0.51964
-0.896425 0.879396 -0.200588
-0.922383 -0.841782 -0.309122
-0.808407 0.899719 -0.857784
-0.82398 0.552321 0.84787
0.783881 0.901473 0.335222
0.981651 0.20812 0.555812
0.67572 -0.58237 -0.921089
-0.532801 -0.528444 0.948942
-0.941617 -0.0250816 0.420068
0.782106 0.657694 -0.345187
0.992364 0.932863 0.887416
0.503386 0.718128 0.515478
0.834496 -0.36823 -0.410521
-0.819377 -0.849313 0.682849
-0.886731 -0.579825 0.202023
-0.757859 0.54935 0.669664
-0.568935 0.983755 -0.473414
0.987098 -0.425808 0.302668
-0.483075 -0.693895 0.755404
-0.996729 -0.159202 -0.941854
-0.261383 0.0807225 -0.975017
-0.242141 -0.52933 -0.924478
-0.142841 0.683123 0.850627
-0.561269 -0.943573 -0.26404
-0.982334 0.22531 0.364515
-0.851073 -0.184029 0.839349
-0.995643 -0.189767 -0.385207
0.758479 -0.148166 0.657339
0.386772 0.447031 -0.906526
-0.24562 0.613535 0.793174
-0.720265 -0.767628 -0.485649
-0.481363 -0.91218 -0.0964838
-0.994385 0.237737 0.285528
0.748817 -0.977572 0.138232
0.821283 0.778596 0.657844
-0.0792465 0.496969 0.968833
-0.54989 0.574068 -0.67207
-0.598333 -0.757436 -0.93074
-0.84898 -0.41418 -0.651841
0.934567 -0.0758083 0.958392
-0.300841 0.584384 0.954726
-0.996719 -0.972104 0.48328
-0.706871 0.485014 -0.667367
-0.831381 -0.0317434 0.6803
-0.128298 0.454264 -0.915885
0.723333 -0.86284 -0.756348
0.714568 -0.832601 -0.824916
-0.707306 -0.509732 -0.983803
0.0781311 0.94305 -0.962868
-0.607937 0.89941 -0.384803
-0.88916 -0.124445 -0.761599
-0.466473 0.434755 0.934764
-0.0835405 -0.670379 -0.814556
-0.958618 -0.247856 0.640318
-0.688725 -0.893642 0.239945
0.968741 -0.949292 -0.897462
-0.869437 -0.924791 0.739999
0.477314 0.0615031 0.976482
-0.620911 -0.668564 0.71394
0.620435 -0.336834 0.810437
-0.173189 0.412738 0.908261
-0.719425 0.802041 0.0712823
0.718974 -0.779534 -0.198743
-0.992541 0.913159 -0.197924
-0.759948 -0.140814 0.872493
0.195283 -0.940148 -0.308043
-0.983303 0.529131 0.72383
-0.0723882 0.570831 -0.992364
-0.41297 -0.848988 0.504223
0.721349 -0.99937 -0.401139
-0.679486 -0.888868 0.0967058
-0.368241 0.792954 0.595893
0.154943 -0.996576 -0.895889
-0.712358 0.818494 -0.474068
0.93146 0.199821 -0.37297
0.721776 0.848763 0.0728603
0.628082 -0.920885 -0.0941422
0.686561 -0.719734 -0.184794
-0.869379 0.848049 -0.192001
-0.443359 0.957059 -0.807364
-0.991977 0.252243 -0.0218419
0.687232 -0.6534 -0.72397
-0.761716 0.0288489 0.731975
-0.310941 0.973094 -0.914941
0.0761856 0.717884 -0.95752
0.539331 -0.645544 -0.892429
0.68339 -0.949124 0.322221
-0.471525 0.927172 0.162599
-0.904771 0.833679 -0.466799
0.82461 0.378666 -0.811521
0.894923 0.188549 0.901722
-0.0758578 -0.953161 -0.552296
0.466764 -0.881193 -0.370908
0.94539 -0.186333 0.51882
-0.972031 0.442339 -0.798098
0.464068 -0.845071 0.847292
-0.721073 -0.243321 -0.939798
-0.73718 0.658254 -0.957659
-0.684414 0.657244 0.903672
-0.84604 0.0816806 -0.595898
-0.963545 -0.31112 0.143781
-0.68714 0.0776324 0.95344
0.263932 0.92673 0.845411
-0.575363 -0.0615341 0.918693
-0.846598 -0.779684 0.775448
-0.536564 -0.542792 -0.963264
0.853745 -0.526673 -0.951972
0.649131 -0.769695 -0.464331
-0.821267 0.103458 -0.61979
0.687588 0.812469 -0.992088
0.374088 -0.623051 -0.759402
0.785341 -0.706209 -0.282147
-0.950617 0.988728 0.233551
-0.880967 -0.205864 -0.498287
-0.587987 0.993256 0.791427
0.76403 -0.183046 -0.84565
-0.735555 0.862689 -0.713026
0.662877 0.571096 0.521132
-0.785319 0.767376 -0.0618776
-0.505621 -0.669259 -0.9861
-0.387828 -0.680463 0.786777
0.926311 -0.943258 0.748731
0.346776 -0.744559 -0.931343
-0.870202 -0.706274 -0.447865
0.363266 -0.903713 0.49844
-0.89002 -0.524018 -0.202093
0.63997 -0.357784 0.896847
-0.595238 -0.100382 -0.803105
-0.342046 0.935964 0.709512
-0.598977 -0.292401 0.93004
0.713909 -0.700658 0.724885
0.765694 -0.765832 -0.146711
0.890423 -0.627658 -0.710609
0.775564 0.709698 -0.153524
-0.347381 -0.966096 -0.218261
0.211559 0.330647 -0.97059
-0.93585 -0.551327 -0.347853
0.869183 -0.989263 -0.176146
0.176148 -0.548486 0.959941
0.795029 0.685307 0.984134
0.945984 -0.478949 -0.453483
0.616861 0.580841 -0.618098
0.360655 -0.980285 -0.374673
-0.939688 -0.98337 -0.544531
-0.134783 0.87147 -0.77167
0.925758 -0.295763 0.300006
0.990382 0.79636 -0.416475
-0.454445 -0.481614 0.804485
0.695097 -0.447056 -0.588398
-0.949178 -0.676365 -0.885279
0.41815 0.9258 -0.107051
-0.896362 0.0574089 0.450835
0.308193 -0.869839 -0.591936
0.380576 0.494742 -0.862941
-0.979129 0.721995 0.651367
-0.644657 0.779996 -0.114566
0.811654 -0.60761 0.227208
-0.851197 -0.82839 0.18594
-0.5979 0.748306 -0.86282
-0.0380015 -0.849757 0.879683
-0.283057 0.609003 0.855637
