# Coefficient of restoration: 0.1
# Max number of bounces: 7
#  n    t      tsum      E      y       ysum 
  0 0 0 9.806649999999999423 0 0
  1 0.45160075575178748597 0.45160075575178748597 9.806649999999999423 1 1
  3 0.14280869812290344911 0.73721815199759443971 0.98066500000000000892 0.10000000000000000555 1.1999999999999999556
  5 0.045160075575178759699 0.8275383031479519591 0.098066500000000000892 0.010000000000000000208 1.2199999999999999734
  7 0.014280869812290344217 0.85610004277253259897 0.0098066500000000000892 0.0010000000000000000208 1.2219999999999999751
  9 0.0045160075575178763169 0.8651320578875683065 0.00098066500000000013902 0.00010000000000000001834 1.2221999999999999531
  11 0.0014280869812290347253 0.86798823185002638159 9.8066500000000013902e-05 1.0000000000000002512e-05 1.2222199999999998621
  13 0.00045160075575178762084 0.86889143336152996344 9.8066500000000020678e-06 1.0000000000000001665e-06 1.2222219999999999196
  15 0.00014280869812290347253 0.86917705075777573764 9.8066500000000029149e-07 1.0000000000000003518e-07 1.2222221999999998143
