# i	Trapez	Simpson
3	0.262478828	-0.650028229
5	0.47167927	0.54141283
7	1.82035148	1.29766977
9	1.69836235	2.10725665
11	0.663729608	1.16646171
13	0.754205108	0.398822784
15	0.59899044	0.495556742
17	1.17408729	0.999329209
19	1.00261223	1.22996175
21	0.637212157	0.628372788
23	1.99082696	1.89500833
25	0.837001443	0.864600182
27	1.31237864	1.3194294
29	0.597043037	0.596394062
31	1.12196326	1.44159913
33	1.09517086	1.06886518
35	0.171172857	0.0652104989
37	0.601808608	0.468207359
39	0.339486599	0.54222858
41	1.04001606	1.17428398
43	0.628182828	0.349625289
45	1.09438932	0.795576453
47	0.504106879	0.503550291
49	1.07665634	1.15654111
51	0.835232198	0.772294283
53	1.07431269	0.994957507
55	0.711287439	0.816581726
57	0.908725381	1.01261973
59	0.962504566	0.919562817
61	0.629622817	0.465509385
63	0.69586283	0.70859164
65	0.869753897	0.794614851
67	1.22316515	0.92907095
69	0.303925484	0.348176271
71	0.862175941	1.07689548
73	0.833666503	0.910952389
75	0.761469543	0.704023719
77	1.13567495	1.40107083
79	1.03519177	1.07239163
81	0.831731379	0.762303174
83	1.13425136	1.06186795
85	0.591622233	0.579435408
87	0.802266657	0.610035837
89	1.05011165	1.03535223
91	0.735287249	0.967366159
93	0.776099384	0.866763473
95	0.760340214	0.594672918
97	0.901159167	0.84266001
99	1.03652596	1.04181457
101	0.578407347	0.492799222
103	0.668781996	0.676094353
105	1.2949326	1.36847258
107	0.847676754	0.825052738
109	0.589013755	0.548256159
111	0.94522208	1.03578687
113	0.938329518	0.948197305
115	0.696494043	0.681270242
117	0.714146018	0.631359756
119	0.86490804	0.815519929
121	0.829520524	0.896152914
123	0.757753432	0.769557834
125	0.960093319	1.04816997
127	0.776979327	0.743957281
129	0.73500526	0.690088987
131	0.967764854	1.1688509
133	1.00938928	0.938129902
135	1.00653553	0.953459203
137	0.882490814	1.07534575
139	0.615016043	0.583041012
141	0.699785292	0.645655155
143	1.09413886	1.20082664
145	0.894754052	0.915116966
147	0.824630201	0.690604806
149	0.737179875	0.729083657
151	0.889580548	0.962075889
153	1.13502979	1.13481462
155	0.980896175	0.986562133
157	0.937570035	0.905029237
159	0.704958737	0.651590586
161	0.926687837	0.958339989
163	0.973011255	1.00446141
165	0.995125592	0.948751211
167	0.826361239	0.82009691
169	0.659275115	0.681826591
171	0.804284453	0.719876707
173	0.85092324	0.867142498
175	0.997116923	0.992879212
177	0.898007929	0.847306609
179	0.501015663	0.564673662
181	0.689897418	0.674767494
183	1.05867684	1.04817045
185	1.0637964	1.15969503
187	0.828717887	0.787886262
189	0.832441747	0.856474876
191	0.786179125	0.855845153
193	0.763038814	0.716998816
195	0.946552217	0.976169527
197	1.18015194	1.22802746
199	0.995043457	0.928114176
201	0.849227905	0.939501405
203	0.774086058	0.737389326
205	0.698070407	0.707833111
207	0.92984432	0.974889576
209	0.983376682	0.879524887
211	0.968659163	1.00051701
213	0.8671875	0.873691261
215	0.676952362	0.638825238
217	0.620220006	0.630622089
219	0.674737394	0.744928837
221	0.739363849	0.670744181
223	1.02590919	1.02084899
225	1.00207937	1.02332878
227	1.18025577	1.1091032
229	0.957604587	1.0446409
231	0.981410503	0.933874488
233	0.797205746	0.82489264
235	0.864699125	0.876197934
237	0.777890027	0.748883963
239	0.86879015	0.872786283
241	0.966583431	1.01227152
243	0.967108965	0.908688366
245	0.970031023	1.0407902
247	1.03054905	0.991869867
249	0.83990258	0.799839675
251	0.892049134	0.943848014
253	0.733795762	0.719401598
255	0.782844841	0.839917779
257	0.696012676	0.683014631
259	0.934362411	0.889108479
261	1.01825917	1.03508937
263	1.04906499	1.00337493
265	1.0225966	1.02699816
267	0.825512767	0.882998765
269	0.816125751	0.752655923
271	0.728656054	0.774161756
273	0.760745764	0.72016418
275	0.868305564	0.800898612
277	0.779885948	0.834842324
279	0.834893525	0.753507137
281	0.858236969	0.911053777
283	0.905246079	0.897975624
285	1.11093366	1.11653125
287	1.05769956	1.09276199
289	0.880873024	0.876246393
291	0.89046073	0.870396316
293	0.918466091	0.949744105
295	0.902936757	0.839132965
297	0.818348646	0.845405102
299	0.694518864	0.664216042
301	0.737333715	0.686585069
303	0.863928854	0.921700537
305	0.852409542	0.758202791
307	0.779277444	0.864267588
309	0.823843539	0.771492481
311	0.985572278	0.999392331
313	1.01119113	1.03573191
315	0.845149159	0.804100752
317	0.909073412	0.977111697
319	1.09016442	1.05592179
321	0.984628499	1.00394189
323	0.88575834	0.90583843
325	0.926978648	0.911634028
327	0.998297274	1.04564548
329	0.918633938	0.893136084
331	0.793446362	0.821188807
333	0.873090446	0.888667405
335	0.799549699	0.77172488
337	0.774676323	0.813143551
339	0.823858917	0.779185712
341	0.842256427	0.854913652
343	0.687050939	0.672948062
345	0.726261318	0.684706867
347	0.815965414	0.854465067
349	0.766384125	0.689473391
351	0.776740611	0.805639982
353	0.885566294	0.881418705
355	0.755821228	0.710808277
357	0.747610331	0.829807997
359	0.839060843	0.789818406
361	0.815402389	0.857238472
363	0.791333079	0.815533996
365	0.950809419	0.914852977
367	0.8616364	0.914681375
369	0.861555576	0.794141829
371	0.948821306	0.964177668
373	0.813880146	0.808933854
375	0.871216178	0.847003579
377	0.901475012	0.924486697
379	0.811856747	0.814043283
381	0.910317719	0.951697409
383	0.905307114	0.861316741
385	0.851858139	0.881464481
387	0.974336267	0.939832687
389	0.890723765	0.872113705
391	0.908236086	0.970210671
393	0.986462414	0.921899855
395	0.859559655	0.916521251
397	0.957004547	0.944323778
399	0.92808187	0.910812557
401	0.869607747	0.87640202
403	0.949823201	0.937191069
405	0.85599947	0.883304119
407	0.923189998	0.884434402
409	0.8650527	0.920713186
411	0.850461066	0.804738641
413	0.918434083	0.914630055
415	0.803016543	0.849206388
417	0.886189699	0.853793085
419	0.807541907	0.823855698
421	0.849432111	0.809690952
423	0.841424465	0.878099144
425	0.770358682	0.738082886
427	0.84540385	0.872962058
429	0.750554085	0.775086999
431	0.839656949	0.786551654
433	0.747743905	0.790251553
435	0.796761572	0.784117222
437	0.755046129	0.781815529
439	0.780577123	0.721034586
441	0.820009589	0.846890926
443	0.796869576	0.816993058
445	0.882337928	0.834480762
447	0.834669948	0.853537321
449	0.94587028	0.927134097
451	0.879072845	0.923166513
453	0.989605546	0.926056564
455	0.912741065	0.939042389
457	0.99813652	1.0116483
459	0.911682844	0.897392452
461	0.9794541	0.978801847
463	0.909732103	0.890667856
465	0.970870256	1.02875793
467	0.901801884	0.836988568
469	0.929257035	0.950776577
471	0.837242305	0.835372806
473	0.845922709	0.868600726
475	0.768606067	0.737182379
477	0.812942564	0.794326007
479	0.769825697	0.819660842
481	0.835083961	0.791250885
483	0.779601634	0.797747791
485	0.845655322	0.805170417
487	0.798527598	0.844330609
489	0.911510646	0.892003477
491	0.883213699	0.888745725
493	0.988150597	0.974018395
495	0.910165489	0.915911674
497	0.979896963	1.02656114
499	0.905323207	0.851315975
501	0.967108786	0.992129445
503	0.881485343	0.853744328
505	0.869301438	0.914470494
507	0.805001199	0.773879588
509	0.796139956	0.800571918
511	0.816341937	0.800067544
513	0.770883024	0.795839906
515	0.833900213	0.85505414
517	0.808256388	0.766221344
519	0.935505867	0.957820654
521	0.898065209	0.858001173
523	0.957700551	1.02015567
525	0.944688618	0.909896851
527	0.945852041	0.958679199
529	0.933489084	0.903786421
531	0.827643812	0.846128464
533	0.867863774	0.881981313
535	0.784339011	0.778701842
537	0.808605313	0.806099057
539	0.798234224	0.770105302
541	0.833127558	0.867951691
543	0.909544349	0.893051982
545	0.873054206	0.910490036
547	0.974571288	0.922000289
549	0.944176435	0.969466448
551	0.916180611	0.887043417
553	0.914552331	0.959442139
555	0.823082566	0.812267423
557	0.829399884	0.827568412
559	0.781119406	0.765212476
561	0.811891019	0.796442509
563	0.867420971	0.905238748
565	0.857643008	0.841775954
567	0.958400309	0.993344367
569	0.941944063	0.885614514
571	0.916476667	0.94770962
573	0.937085152	0.896881223
575	0.820125461	0.873336375
577	0.81635803	0.79485333
579	0.825084209	0.852203786
581	0.780162692	0.743395865
583	0.883044004	0.882927597
585	0.909875512	0.907011807
587	0.91394937	0.923539639
589	0.977247655	1.00201738
591	0.895489395	0.880117416
593	0.854225039	0.866184294
595	0.849847198	0.805665195
597	0.775444627	0.802421093
599	0.819530666	0.793839276
601	0.882020473	0.930248976
603	0.891836762	0.870598614
605	0.943463326	0.969974875
607	0.954980612	0.915344238
609	0.878235042	0.886844099
611	0.839993954	0.818923235
613	0.834885538	0.853421807
615	0.780630708	0.791809976
617	0.847108185	0.85486424
619	0.921552956	0.930380225
621	0.911412835	0.886692882
623	0.941093624	0.944918036
625	0.918962419	0.88822031
627	0.834832191	0.862175167
629	0.795571029	0.779044271
631	0.83887285	0.883086145
633	0.838643968	0.815167725
635	0.893128812	0.923891723
637	0.958472669	0.914575756
639	0.932674229	0.951720297
641	0.859145105	0.817317784
643	0.841176867	0.872491717
645	0.820891082	0.799267232
647	0.806509256	0.848655641
649	0.88294512	0.868267179
651	0.949559033	0.976624489
653	0.929668069	0.906790733
655	0.878540218	0.879744351
657	0.859704673	0.840062201
659	0.815738738	0.806764483
661	0.804363549	0.80800122
663	0.875189185	0.871678591
665	0.947743952	0.972627878
667	0.930109441	0.927649617
669	0.876054645	0.901556909
671	0.851254463	0.834950984
673	0.821308076	0.836851358
675	0.819359422	0.783976674
677	0.872603238	0.888850868
679	0.953052938	0.91001147
681	0.932855427	0.963054657
683	0.862967312	0.829013526
685	0.814121664	0.856478631
687	0.832276106	0.810831308
689	0.858682573	0.902821064
691	0.893472791	0.870052218
693	0.9329741	0.971976042
695	0.918524563	0.88102597
697	0.853030682	0.881911814
699	0.790958166	0.747092068
701	0.830456555	0.848362386
703	0.909588218	0.872230172
705	0.941697955	0.960409462
707	0.903789103	0.875048637
709	0.843322456	0.872489691
711	0.828727067	0.811067522
713	0.840800941	0.871864974
715	0.878106713	0.872324169
717	0.917122543	0.943144083
719	0.918578446	0.911405087
721	0.878693104	0.899789751
723	0.817454338	0.803849161
725	0.814134657	0.82173419
727	0.882789314	0.869027615
729	0.940359533	0.936876714
731	0.926749945	0.909722149
733	0.84818846	0.843706429
735	0.796920598	0.78340894
737	0.838922679	0.831379592
739	0.914729059	0.911060512
741	0.941049933	0.938459575
743	0.892366469	0.893280745
745	0.820347667	0.822504997
747	0.813710451	0.825424373
749	0.876073539	0.877691984
751	0.928643525	0.943732381
753	0.918700755	0.924443424
755	0.857867002	0.87426132
757	0.813130081	0.813554764
759	0.841712654	0.859504521
761	0.907774746	0.906927645
763	0.929505765	0.942220867
765	0.88573426	0.879210114
767	0.82760042	0.840103567
769	0.821528137	0.811417758
771	0.87993145	0.886046112
773	0.933360398	0.91970253
775	0.911415517	0.91779685
777	0.840865552	0.824245811
779	0.810518146	0.811430991
781	0.856760442	0.839603901
783	0.92377454	0.926053584
785	0.930717945	0.912135601
787	0.866308153	0.864321411
789	0.808696151	0.791741192
791	0.832034588	0.831987202
793	0.906903327	0.890203655
795	0.93613255	0.932321668
797	0.884931087	0.870546341
799	0.824514806	0.822541118
801	0.832384467	0.819976091
803	0.890931785	0.88509202
805	0.917849183	0.907190681
807	0.879732311	0.874783278
809	0.835185707	0.82824707
811	0.850657165	0.842035592
813	0.904544652	0.898328543
815	0.915527523	0.905676126
817	0.860860348	0.859464467
819	0.81563139	0.803234279
821	0.84814769	0.847376764
823	0.917787135	0.901386321
825	0.928404152	0.931728244
827	0.866170704	0.848437011
829	0.820461869	0.826277912
831	0.853218079	0.830278456
833	0.908935547	0.916518569
835	0.900821865	0.8757388
837	0.843899608	0.856018662
839	0.831631362	0.803570271
841	0.889567852	0.902944088
843	0.931720555	0.899586499
845	0.891533196	0.908236802
847	0.826708496	0.794117153
849	0.832226098	0.852847576
851	0.893705606	0.859177113
853	0.911600471	0.933666468
855	0.860141158	0.82477504
857	0.828061521	0.853898406
859	0.873713553	0.840936542
861	0.927488983	0.95676744
863	0.902905226	0.871829212
865	0.83832866	0.868522465
867	0.835536242	0.807247818
869	0.892849624	0.924880445
871	0.908871531	0.88619101
873	0.853640437	0.886505723
875	0.820848405	0.80279243
877	0.869889855	0.89966017
879	0.922797084	0.908257008
881	0.894695759	0.919593215
883	0.838390231	0.82845217
885	0.853476703	0.872345805
887	0.913456798	0.907582462
889	0.911187232	0.920804203
891	0.846850157	0.84307915
893	0.829309046	0.827522635
895	0.884782195	0.883488715
897	0.910349965	0.898509562
899	0.85788393	0.861513972
901	0.821573675	0.802408457
903	0.868810654	0.879131794
905	0.917101324	0.892932832
907	0.882639527	0.900334299
909	0.833120346	0.80658108
911	0.863596737	0.889056325
913	0.920382917	0.894465089
915	0.899574876	0.932000697
917	0.840669096	0.816997349
919	0.853740871	0.889513791
921	0.912721276	0.890477061
923	0.903948188	0.937011003
925	0.841786444	0.819136858
927	0.842282057	0.866882443
929	0.901487648	0.878359675
931	0.902479172	0.916055322
933	0.840916455	0.820621192
935	0.834411979	0.838397443
937	0.893923879	0.882146776
939	0.901679635	0.899657726
941	0.842099965	0.843718827
943	0.833186209	0.827653408
945	0.893082976	0.908802867
947	0.903209448	0.893356264
949	0.844613731	0.869949043
951	0.836509585	0.819049239
953	0.896494329	0.924344301
955	0.904245257	0.877201259
957	0.845448136	0.870655537
959	0.841529012	0.808051467
961	0.901448011	0.923569679
963	0.902636111	0.870921612
965	0.843623817	0.864964604
967	0.847704172	0.826084197
969	0.906771362	0.927142441
971	0.897634506	0.888845086
973	0.840045154	0.85388279
975	0.85576117	0.856288254
977	0.911491692	0.911484301
979	0.888894558	0.894595325
981	0.836396098	0.820791006
983	0.866337836	0.878077626
985	0.914021194	0.889311612
987	0.876416862	0.89826113
989	0.834856391	0.809753299
991	0.879216015	0.91047734
993	0.912069738	0.889461994
995	0.861080229	0.892577887
997	0.837842643	0.815350115
999	0.892759025	0.91389519
1001	0.903374016	0.882129908
1003	0.845486164	0.853978515
1005	0.847344041	0.835964143
1007	0.903660893	0.904427588
1009	0.88704747	0.892962873
1011	0.834261537	0.828848124
1013	0.863778949	0.883371711
1015	0.907647252	0.891001344
1017	0.865479589	0.888593256
1019	0.833376825	0.804566503
1021	0.88457334	0.907316983
1023	0.901251435	0.870846748
1025	0.84551543	0.870394111
1027	0.847238243	0.826969743
1029	0.90323019	0.926340282
1031	0.884326994	0.87460804
1033	0.836629927	0.846086621
1035	0.873817742	0.870478272
1037	0.910061955	0.901580572
1039	0.861819923	0.869002402
1041	0.845281899	0.827686489
1043	0.90093118	0.923834324
1045	0.896918356	0.876657307
1047	0.843461037	0.873529017
1049	0.868509054	0.843116164
1051	0.910562515	0.933973014
1053	0.866620004	0.840209126
1055	0.841284215	0.856348634
1057	0.893623173	0.880335152
1059	0.893671393	0.902785599
1061	0.839601219	0.843587577
1063	0.862596035	0.858015418
1065	0.905239999	0.917699158
1067	0.86277926	0.840678215
1069	0.841712058	0.860835433
1071	0.896090806	0.86926806
1073	0.892902076	0.921001375
1075	0.842872977	0.821314275
1077	0.873308182	0.898332417
1079	0.908813775	0.890649259
1081	0.860333741	0.869404078
1083	0.849498749	0.840945959
1085	0.901482165	0.898794949
1087	0.881620169	0.892730474
1089	0.838143408	0.826504827
1091	0.87996918	0.902378857
1093	0.898837924	0.873592257
1095	0.847038805	0.869342089
1097	0.859896481	0.831803977
1099	0.906577587	0.929721236
1101	0.869016409	0.85329771
1103	0.847049475	0.862728715
1105	0.898330092	0.892922163
1107	0.887950242	0.883769393
1109	0.841137171	0.847154498
1111	0.877877831	0.861593127
1113	0.898760974	0.921881378
1115	0.847676516	0.826593935
1117	0.860339105	0.886744261
1119	0.904807866	0.878301382
1121	0.865629673	0.883542717
1123	0.849994361	0.833005071
1125	0.900696754	0.911790013
1127	0.881274402	0.882818818
1129	0.842187107	0.837035775
1131	0.885864317	0.89731729
1133	0.891868114	0.869690001
1135	0.843472242	0.86600554
1137	0.873188674	0.850271523
1139	0.902356803	0.929295003
1141	0.854274035	0.833539665
1143	0.862058103	0.875365734
1145	0.903615832	0.892457604
1147	0.862667203	0.863753438
1149	0.849546432	0.859354019
1151	0.89843142	0.886100233
1153	0.874083281	0.893324018
1155	0.846304715	0.819806993
1157	0.894797266	0.918035686
1159	0.886006236	0.864518106
1161	0.844694138	0.866204917
1163	0.884532392	0.872702539
1165	0.890892506	0.893507481
1167	0.844598114	0.84584862
1169	0.876659036	0.865589082
1171	0.898330033	0.91882658
1173	0.850866854	0.829838991
1175	0.870142817	0.893141329
1177	0.899868608	0.874077916
1179	0.853010416	0.872245431
1181	0.861741781	0.850493491
1183	0.90068382	0.908110142
1185	0.859973311	0.861890376
1187	0.859304547	0.845899224
1189	0.901313126	0.918469667
1191	0.863557994	0.843200564
1193	0.853371918	0.879346132
1195	0.898407519	0.874830306
1197	0.868012309	0.884172976
1199	0.853124499	0.840621591
1201	0.898949206	0.904592454
1203	0.871436596	0.878225684
1205	0.849841475	0.835841179
1207	0.895354033	0.912444472
1209	0.873325825	0.849948168
1211	0.850588262	0.876291096
1213	0.896246076	0.876668096
1215	0.875532627	0.889646113
1217	0.848942816	0.83917737
1219	0.893390417	0.892630756
1221	0.875509381	0.887346625
1223	0.85035032	0.834093511
1225	0.89500314	0.915041387
1227	0.875947595	0.850936532
1229	0.849389613	0.872310281
1231	0.893298805	0.878309011
1233	0.874763429	0.883982182
1235	0.851650953	0.848946035
1237	0.895407915	0.886691809
1239	0.873054266	0.890761018
1241	0.851202905	0.831133068
1243	0.894893467	0.916778207
1245	0.871231794	0.84794569
1247	0.854618967	0.872242689
1249	0.896546483	0.889073014
1251	0.867215931	0.867275834
1253	0.855507731	0.862398982
1255	0.897062361	0.880365312
1257	0.865054667	0.888215661
1259	0.859929502	0.837707102
1261	0.896716535	0.915997863
1263	0.85971868	0.843384147
1265	0.863683999	0.872030675
1267	0.897166908	0.900714517
1269	0.857080996	0.845066309
1271	0.868514955	0.885126531
1273	0.89389801	0.8723737
1275	0.853278339	0.877258718
1277	0.875529706	0.8564803
1279	0.891461849	0.901658058
1281	0.850598872	0.847748876
1283	0.880668342	0.875786483
1285	0.886020899	0.900969505
1287	0.851160824	0.829071403
1289	0.887506962	0.909713745
1291	0.878529787	0.859607041
1293	0.851965904	0.867118716
1295	0.89263624	0.884824574
1297	0.871681511	0.867927015
1299	0.856755853	0.870427728
1301	0.894409418	0.876025081
1303	0.863017023	0.883723259
1305	0.864560485	0.842858851
1307	0.894733906	0.912275076
1309	0.85585779	0.848294914
1311	0.872666538	0.869826257
1313	0.890540421	0.900818765
1315	0.85279721	0.836143792
1317	0.882244647	0.904413223
1319	0.88190186	0.859356523
1321	0.852711916	0.868829012
1323	0.890625775	0.883518159
1325	0.872245073	0.871265411
1327	0.857327402	0.866585195
1329	0.893811822	0.875835359
1331	0.862461686	0.885383368
1333	0.867334366	0.846409082
1335	0.891722918	0.90617764
1337	0.854559362	0.84739387
1339	0.878921628	0.87780869
1341	0.884786904	0.895964563
1343	0.852783978	0.833064437
1345	0.888189197	0.910482466
1347	0.873400927	0.854435205
1349	0.858645201	0.871740699
1351	0.892740965	0.886893451
1353	0.861239254	0.857450247
1355	0.869689345	0.883947968
1357	0.890261471	0.869330645
1359	0.854075372	0.875290573
1361	0.88187623	0.864883125
1363	0.880227387	0.89098841
1365	0.855577409	0.853112698
1367	0.890591502	0.882589877
1369	0.866511822	0.883975923
1371	0.865198553	0.843542695
1373	0.891364872	0.911061645
1375	0.856146455	0.842081726
1377	0.878617108	0.885262549
1379	0.882658064	0.885281026
1381	0.855118811	0.842333496
1383	0.889189303	0.909407735
1385	0.868401349	0.846878231
1387	0.864465117	0.881391585
1389	0.890672803	0.881388307
1391	0.856929779	0.857534528
1393	0.879020929	0.887683749
1395	0.881384194	0.864218414
1397	0.855923593	0.877579093
1399	0.889719129	0.870086968
1401	0.86662823	0.87868607
1403	0.866743088	0.864411175
1405	0.889020324	0.882164896
1407	0.856511712	0.871094942
1409	0.882188737	0.862352073
1411	0.87677747	0.897234142
1413	0.858932436	0.843979478
1415	0.890730143	0.895511329
1417	0.86182344	0.867989063
1419	0.872678876	0.858234644
1421	0.885154426	0.903961897
1423	0.856262684	0.837042034
1425	0.886782587	0.902107656
1427	0.869559586	0.862614274
1429	0.865408719	0.861175478
1431	0.888778329	0.903193474
1433	0.857420146	0.837518811
1435	0.881662071	0.901068866
1437	0.876289189	0.862191379
1439	0.860236168	0.866113365
1441	0.889834702	0.893548191
1443	0.860902369	0.847885132
1445	0.875740588	0.895169139
1447	0.881417274	0.861145139
1449	0.85825032	0.872956574
1451	0.88833648	0.883628845
1453	0.864585161	0.858517468
1455	0.871679664	0.88609606
1457	0.884308934	0.865625858
1459	0.857461631	0.875804126
1461	0.886811852	0.873500943
1463	0.867726445	0.871962845
1465	0.868400872	0.87513864
1467	0.886159897	0.870106041
1469	0.857783377	0.878071725
1471	0.884817958	0.866814911
1473	0.87007761	0.880462885
1475	0.866874635	0.866616905
1477	0.886456847	0.877032876
1479	0.858377755	0.874767721
1481	0.883926988	0.864886165
1483	0.870846927	0.887249053
1485	0.866411209	0.857760131
1487	0.886601329	0.884368002
1489	0.858520746	0.871245682
1491	0.883672059	0.864606142
1493	0.870949626	0.890028834
1495	0.866662085	0.853611052
1497	0.886060357	0.88939023
1499	0.858916938	0.86585623
1501	0.883910775	0.868998349
1503	0.869869411	0.888420045
1505	0.868250549	0.85143286
1507	0.884752274	0.894655108
1509	0.859184563	0.85962534
1511	0.885015666	0.873986721
1513	0.867684662	0.885871112
1515	0.870713234	0.851482034
1517	0.882930696	0.89667058
1519	0.859648407	0.855909109
1521	0.886180639	0.878982186
1523	0.865142167	0.880574644
1525	0.873933971	0.855410099
1527	0.880011737	0.895780563
1529	0.861243546	0.85308069
1531	0.886615813	0.884626269
1533	0.862574458	0.874232888
1535	0.877996981	0.860259891
1537	0.875675023	0.893722951
1539	0.864417017	0.852231801
1541	0.88575995	0.887704849
1543	0.860665619	0.86980027
1545	0.882231712	0.865188897
1547	0.870345354	0.889230728
1549	0.869260192	0.855208278
1551	0.882900059	0.887286603
1553	0.860633552	0.867222726
1555	0.885260522	0.870216906
1557	0.865063846	0.883245885
1559	0.875377953	0.860279262
1561	0.87759465	0.884538651
1563	0.863614976	0.867123485
1565	0.885500848	0.872743666
1567	0.861521244	0.879181564
1569	0.881408989	0.864975214
1571	0.870582461	0.879956245
1573	0.869796991	0.870959818
1575	0.88180244	0.870361626
1577	0.86168921	0.879355252
1579	0.884938955	0.867511928
1581	0.864138663	0.874839365
1583	0.877627552	0.877681315
1585	0.874491274	0.863686621
1587	0.866688848	0.884164333
1589	0.883511901	0.865969539
1591	0.86157459	0.872594595
1593	0.883664906	0.883244038
1595	0.866312444	0.85609901
1597	0.875186741	0.892079294
1599	0.876604319	0.859452426
1601	0.865317523	0.876297712
1603	0.883966208	0.883213341
1605	0.861960769	0.8523013
1607	0.882717371	0.899057567
1609	0.867440045	0.850638509
1611	0.874233782	0.885124385
1613	0.877159178	0.876301765
1615	0.865234852	0.85574919
1617	0.883695304	0.899864137
1619	0.862349033	0.845732033
1621	0.882485986	0.893093288
1623	0.867306292	0.866855681
1625	0.874806583	0.864896417
1627	0.876224756	0.892624259
1629	0.86629039	0.84987849
1631	0.882843852	0.892733991
1633	0.862677634	0.863283277
1635	0.882900596	0.872010887
1637	0.866062939	0.882874727
1639	0.876738906	0.860800624
1641	0.873906851	0.88249439
1643	0.868559301	0.870841205
1645	0.881090164	0.868858099
1647	0.863481343	0.880650163
1649	0.883313298	0.868282855
1651	0.864378214	0.871052623
1653	0.879526973	0.883978605
1655	0.870390534	0.856666088
1657	0.872242033	0.889502108
1659	0.877843559	0.864280939
1661	0.865726292	0.869897604
1663	0.882524729	0.889495015
1665	0.863488674	0.848340333
1667	0.882083237	0.898972213
1669	0.866481066	0.855035245
1671	0.877025008	0.87815094
1673	0.872864664	0.882520974
1675	0.870191038	0.853917539
1677	0.879235744	0.895103931
1679	0.86507225	0.85645771
1681	0.882498324	0.880140901
1683	0.864027739	0.876301229
1685	0.881263494	0.864445865
1687	0.867307723	0.881306291
1689	0.876391292	0.871345341
1691	0.873168051	0.867071688
1693	0.8702631	0.884780407
1695	0.878861427	0.862376094
1697	0.865609586	0.876738071
1699	0.881982267	0.881148219
1701	0.864313841	0.854513884
1703	0.881383538	0.897378206
1705	0.866684377	0.851711929
1707	0.877550006	0.884750605
1709	0.871547341	0.875348389
1711	0.872171879	0.859143496
1713	0.876884997	0.893159509
1715	0.86737746	0.85531646
1717	0.880698442	0.883027911
1719	0.864872992	0.873307645
1721	0.881717145	0.866459787
1723	0.86538285	0.880349338
1725	0.879780889	0.872073293
1727	0.868527114	0.865392685
1729	0.875737906	0.888207555
1731	0.873097062	0.857185185
1733	0.871029735	0.882861912
1735	0.87755394	0.875408947
1737	0.867181003	0.858623385
1739	0.880523741	0.895696938
1741	0.865276992	0.850747228
1743	0.881251752	0.888169706
1745	0.865736544	0.869769633
1747	0.879692852	0.866629601
1749	0.868252814	0.884054363
1751	0.876431525	0.865532994
1753	0.872000575	0.872705042
1755	0.872464299	0.882314265
1757	0.8759197	0.860293865
1759	0.868842542	0.882636011
1761	0.8790223	0.873798072
1763	0.866422653	0.860537708
1765	0.880638778	0.894721866
1767	0.865674675	0.850348771
1769	0.880512714	0.889524698
1771	0.866633594	0.868365347
1773	0.878809094	0.867259741
1775	0.868953586	0.884495854
1777	0.87601608	0.864292383
1779	0.872050524	0.874076128
1781	0.872783065	0.881428361
1783	0.875249207	0.860379636
1785	0.869773209	0.88326019
1787	0.877943039	0.872740388
1789	0.86751467	0.86175853
1791	0.879685223	0.893443167
1793	0.86634022	0.851668417
1795	0.880263269	0.888265252
1797	0.866355002	0.869177282
1799	0.879684389	0.867474854
1801	0.867444813	0.882734954
1803	0.878151894	0.867711306
1805	0.869347811	0.869526982
1807	0.875973225	0.886117101
1809	0.871711791	0.856582761
1811	0.873508692	0.885673463
1813	0.874171615	0.87134856
1815	0.871132314	0.863184094
1817	0.876397431	0.890825391
1819	0.869119763	0.855951011
1821	0.878142178	0.882991672
1823	0.867687166	0.873758018
1825	0.879250169	0.865539312
1827	0.866924942	0.880877733
1829	0.879660904	0.873021066
1831	0.866856873	0.862563848
1833	0.879407704	0.89232105
1835	0.867402494	0.852862954
1837	0.878592491	0.886875033
1839	0.868451655	0.870901346
1841	0.877349854	0.86556077
1843	0.869849265	0.884460151
1845	0.875834644	0.866465628
1847	0.871440768	0.870416701
1849	0.874202132	0.885008335
1851	0.873076916	0.858552933
1853	0.872598827	0.882704735
1855	0.874628246	0.874620557
1857	0.871122122	0.86099869
1859	0.875999868	0.890591025
1861	0.869865239	0.858994365
1863	0.87713474	0.878190637
1865	0.868872941	0.878192008
1867	0.8779791	0.863602221
1869	0.868167162	0.879420638
1871	0.8785429	0.876810074
1873	0.867747545	0.859021902
1875	0.878826082	0.892957985
1877	0.867592275	0.856227875
1879	0.878866434	0.880879402
1881	0.867669404	0.876192868
1883	0.878687799	0.864545345
1885	0.867938042	0.879521966
1887	0.878337085	0.876011968
1889	0.868360579	0.860119045
1891	0.87785691	0.891796112
1893	0.868884623	0.857443631
1895	0.877290606	0.879506946
1897	0.869480848	0.877768099
1899	0.876674056	0.862810791
1901	0.870110929	0.881312668
1903	0.876034558	0.874166727
1905	0.870741189	0.862156987
1907	0.875403404	0.889326513
1909	0.871364653	0.860404789
1911	0.874806166	0.876281261
1913	0.871954203	0.880792141
1915	0.87423569	0.860475183
1917	0.872493804	0.882816613
1919	0.873720706	0.873113751
1921	0.872984231	0.863497794
1923	0.873257637	0.887076318
1925	0.873418629	0.863680422
1927	0.872851372	0.872589588
1929	0.873795927	0.88385278
1931	0.872505128	0.858863711
1933	0.874119222	0.882921934
1935	0.872210145	0.873668492
1937	0.874376416	0.863579214
1939	0.871979892	0.885396779
1941	0.874585867	0.866904497
1943	0.871795893	0.868961215
1945	0.874741912	0.88630861
1947	0.871666193	0.858615041
1949	0.874850392	0.881213129
1951	0.87157768	0.875868022
1953	0.874913335	0.862721205
1955	0.871540189	0.883886755
1957	0.874934673	0.870280862
1959	0.871537685	0.865535915
1961	0.874914467	0.887750864
1963	0.871575356	0.860075474
1965	0.874852479	0.877691329
1967	0.871650934	0.879242063
1969	0.874757588	0.861669838
1971	0.871769428	0.881887972
1973	0.874623895	0.874027312
1975	0.871926963	0.862610817
1977	0.874449313	0.887647569
1979	0.872119963	0.863597989
1981	0.87423712	0.872576892
1983	0.872351348	0.883054674
1985	0.873990059	0.861295581
1987	0.872617304	0.878948033
1989	0.873707712	0.877915502
1991	0.872916162	0.860940099
1993	0.873383343	0.885232449
1995	0.873249769	0.869338095
1997	0.873037815	0.866460562
1999	0.873612106	0.88624686
2001	0.872660637	0.862420857
2003	0.874007583	0.874997377
2005	0.872255385	0.881177068
2007	0.874414146	0.861557961
2009	0.871840954	0.880006671
2011	0.874833941	0.876822948
2013	0.871420264	0.860671043
2015	0.875256538	0.887450516
2017	0.8710078	0.865658641
2019	0.875661194	0.870524585
2021	0.870614648	0.882734299
2023	0.876031935	0.865198255
2025	0.87026298	0.872422993
2027	0.876353979	0.884302258
2029	0.869975209	0.857420146
2031	0.876604319	0.885101855
2033	0.869765043	0.871192575
2035	0.876766086	0.866414189
2037	0.869661391	0.881755173
2039	0.876819074	0.871377826
2041	0.869667649	0.864700139
2043	0.876738966	0.888623118
2045	0.869817019	0.859340966
2047	0.876523316	0.878260076
2049	0.870105267	0.87830174
2051	0.876159191	0.863823473
2053	0.870546281	0.878314853
2055	0.875650525	0.877932668
2057	0.87112397	0.860422552
2059	0.87500602	0.88652885
2061	0.871823311	0.867654622
2063	0.874254107	0.868136525
2065	0.872616053	0.884611964
2067	0.873433232	0.864167988
2069	0.873459518	0.873337507
2071	0.872585893	0.881991446
2073	0.874296606	0.862373233
2075	0.871772885	0.877626717
2077	0.875066638	0.879481792
2079	0.871066332	0.859623969
2081	0.875693262	0.885833204
2083	0.870520711	0.869063139
2085	0.876132429	0.867864311
2087	0.870203614	0.882142842
2089	0.876316607	0.869449198
2091	0.87015748	0.866939127
2093	0.876223445	0.887146652
2095	0.870403171	0.859829545
2097	0.875826716	0.878265381
2099	0.870939195	0.878403187
2101	0.875164926	0.863366067
2103	0.871721268	0.879078209
2105	0.874286115	0.876842737
2107	0.872670949	0.862116516
2109	0.873285592	0.883950233
2111	0.873692572	0.870880842
2113	0.872279465	0.865164578
2115	0.874652863	0.886321247
2117	0.871391296	0.863963902
2119	0.875434041	0.873033106
2121	0.870752454	0.881138504
2123	0.875901818	0.865418851
2125	0.870466888	0.873091936
2127	0.875989676	0.883208215
2129	0.870594978	0.859044969
2131	0.875651419	0.882725954
2133	0.871127725	0.873909354
2135	0.874940217	0.86446929
2137	0.871995389	0.882092118
2139	0.87394309	0.871990502
2141	0.873079777	0.865410686
2143	0.872829139	0.884178698
2145	0.874177933	0.867938459
2147	0.871792793	0.868097067
2149	0.875099361	0.885842144
2151	0.871031523	0.861603796
2153	0.875658214	0.876443744
2155	0.87070781	0.87914741
2157	0.875735819	0.864709795
2159	0.870895445	0.875858009
2161	0.875289679	0.88027221
2163	0.871574521	0.860595286
2165	0.874405146	0.882707298
2167	0.872612536	0.873541415
2169	0.873266459	0.863862813
2171	0.873785377	0.8842026
2173	0.872134864	0.868971705
2175	0.874815643	0.868240476
2177	0.871265471	0.882307887
2179	0.875459671	0.86878711
2181	0.870899379	0.867872953
2183	0.875525653	0.885790884
2185	0.871127009	0.861890674
2187	0.875004649	0.875779212
2189	0.871916294	0.880207956
2191	0.874002159	0.863353372
2193	0.87305963	0.877449095
2195	0.872802734	0.87820816
2197	0.874238193	0.863458157
2199	0.871735632	0.879109979
2201	0.875109911	0.877140462
2203	0.871124506	0.861382723
2205	0.875409901	0.884862006
2207	0.871166408	0.869750559
2209	0.87503165	0.867266774
2211	0.871858358	0.882398665
2213	0.874078631	0.869454265
2215	0.872990608	0.867898762
2217	0.872861803	0.883436203
2219	0.87418741	0.866899133
2221	0.871783555	0.869751334
2223	0.875046551	0.884676039
2225	0.871224046	0.862046838
2227	0.875249445	0.876322985
2229	0.871392846	0.879298508
2231	0.874717891	0.864485979
2233	0.872237623	0.876206994
2235	0.873641491	0.879260302
2237	0.873449206	0.862995863
2239	0.872418225	0.87888068
2241	0.874555647	0.877532303
2243	0.871537268	0.861670494
2245	0.875121713	0.883497417
2247	0.871350467	0.871567369
2249	0.874909222	0.86631453
2251	0.871949434	0.881567776
2253	0.873992562	0.871565104
2255	0.873083889	0.866265118
2257	0.87276125	0.882952273
2259	0.874262691	0.869458556
2261	0.87176019	0.867057741
2263	0.874974966	0.885109127
2265	0.871437728	0.86462611
2267	0.874869883	0.872482896
2269	0.871953607	0.881447732
2271	0.874001145	0.865654528
2273	0.873069406	0.873029888
2275	0.872780859	0.881140888
2277	0.874246001	0.864877999
2279	0.871798694	0.873994172
2281	0.87490207	0.881778359
2283	0.871554732	0.861660957
2285	0.874698162	0.87891221
2287	0.872174084	0.877330482
2289	0.873740554	0.863786042
2291	0.873336673	0.879299641
2293	0.872531712	0.875818253
2295	0.874433041	0.864827037
2297	0.871716499	0.879107833
2299	0.874842882	0.876220703
2301	0.871757746	0.862867713
2303	0.874349296	0.882811546
2305	0.872630477	0.872146606
2307	0.873227358	0.865331233
2309	0.873839915	0.883019626
2311	0.872127473	0.869907141
2313	0.874670208	0.867962658
2315	0.87170589	0.881276429
2317	0.874615788	0.870822728
2319	0.872216463	0.86682725
2321	0.873721659	0.883399725
2323	0.873349071	0.868163526
2325	0.872534811	0.868537724
2327	0.874390721	0.883909404
2329	0.871815622	0.865458071
2331	0.874667585	0.87207973
2333	0.872032106	0.881175518
2335	0.873999715	0.866681695
2337	0.873039305	0.871830881
2339	0.872832954	0.881427288
2341	0.874155343	0.86609596
2343	0.871953785	0.87205857
2345	0.874617457	0.882536292
2347	0.871989071	0.863390923
2349	0.874105334	0.875426888
2351	0.872895658	0.880053401
2353	0.872977316	0.864014149
2355	0.874026537	0.876455367
2357	0.872056901	0.878406882
2359	0.874556363	0.865377009
2361	0.872021317	0.87544626
2363	0.874089599	0.879604757
2365	0.872899473	0.863638163
2367	0.872979403	0.877290487
2369	0.874011695	0.878691852
2371	0.872092903	0.86286056
2373	0.874496579	0.879562736
2375	0.872111261	0.87598139
2377	0.873977602	0.864863634
2379	0.873026311	0.878728747
2381	0.872870445	0.875972986
2383	0.874087512	0.865154505
2385	0.872077942	0.878314078
2387	0.874426603	0.876823008
2389	0.872263908	0.863550425
2391	0.873757362	0.880433738
2393	0.873266637	0.875018358
2395	0.872659445	0.864189863
2397	0.874212742	0.881242692
2399	0.872077048	0.873247147
2401	0.874291241	0.866070449
2403	0.872521639	0.879830658
2405	0.873430192	0.874094009
2407	0.873591125	0.865626872
2409	0.872409463	0.879932821
2411	0.874309361	0.874533534
2413	0.87216419	0.864435852
2415	0.874033511	0.88171351
2417	0.872907996	0.872770667
2419	0.87300849	0.865496278
2421	0.873939633	0.881721735
2423	0.872225404	0.871798873
2425	0.87427783	0.866953433
2427	0.872424662	0.880273402
2429	0.873598933	0.872955143
2431	0.873406291	0.8662377
2433	0.872572243	0.880449653
2435	0.874195993	0.87340337
2437	0.872227192	0.865174234
2439	0.87400192	0.881879508
2441	0.872901976	0.872034609
2443	0.873034298	0.866055846
2445	0.873893738	0.881744385
2447	0.87229228	0.871410549
2449	0.874182582	0.867242277
2451	0.872544587	0.880337775
2453	0.873456776	0.872628987
2455	0.873520434	0.866577268
2457	0.872519493	0.880227864
2459	0.874164164	0.873449743
2461	0.872363389	0.865383923
2463	0.873781145	0.881377459
2465	0.873163044	0.872628927
2467	0.872801006	0.86575228
2469	0.874023736	0.881477654
2471	0.872324288	0.872034311
2473	0.873976707	0.866832435
2475	0.872884989	0.88016516
2477	0.873084068	0.873095334
2479	0.87382555	0.866560042
2481	0.872385561	0.879447222
2483	0.8740592	0.874432862
2485	0.872689843	0.865290761
2487	0.873320937	0.880120456
2489	0.873624623	0.87442112
2491	0.872494876	0.86495018
2493	0.874072015	0.880557954
2495	0.872575641	0.87385124
2497	0.873491764	0.865807414
2499	0.873453617	0.879563987
2501	0.872614026	0.874411166
2503	0.874037683	0.866224408
2505	0.872521043	0.878194273
2507	0.873606384	0.875976801
2509	0.873324454	0.865411878
2511	0.872715294	0.877878726
2513	0.873989403	0.876966476
2515	0.872508585	0.86453706
2517	0.873665154	0.878245234
2519	0.873240173	0.876852989
2521	0.872788787	0.864814639
2523	0.87394762	0.87786454
2525	0.872511327	0.876774848
2527	0.873696268	0.865790844
2529	0.873194754	0.876366019
2531	0.872837126	0.877746701
2533	0.873912871	0.86616081
2535	0.872529268	0.874877691
2537	0.87368989	0.87922591
2539	0.873190045	0.865698338
2541	0.872847438	0.874288738
2543	0.873892188	0.880016446
2545	0.87255764	0.86544472
2547	0.873657584	0.874135673
2549	0.873224497	0.879874289
2551	0.872829497	0.866226673
2553	0.873882711	0.873335719
2555	0.872598946	0.879682183
2557	0.873595119	0.867641509
2559	0.87328428	0.871681869
2561	0.872793019	0.88019222
2563	0.87387681	0.868717492
2565	0.872653186	0.869981289
2567	0.873513699	0.881082118
2569	0.873368084	0.869150102
2571	0.872745633	0.869029939
2573	0.873865247	0.881433308
2575	0.872729719	0.869583309
2577	0.873394608	0.86869216
2579	0.87347424	0.88084662
2581	0.872692049	0.87074852
2583	0.873836577	0.86823976
2585	0.872838557	0.879791975
2587	0.873253644	0.872600853
2589	0.873590171	0.86723882
2591	0.872656524	0.878974736
2593	0.87376821	0.874463677
2595	0.872978091	0.866065383
2597	0.87309587	0.878544569
2599	0.873699009	0.875756919
2601	0.872660041	0.865410626
2603	0.873651803	0.878008425
2605	0.873157084	0.876538455
2607	0.872935712	0.865617633
2609	0.873760939	0.876827896
2611	0.872721374	0.877322614
2613	0.873482525	0.866396189
2615	0.873358369	0.874973238
2617	0.872798145	0.878445208
2619	0.873768985	0.867235541
2621	0.872858047	0.872918308
2623	0.873268425	0.879729807
2625	0.873549938	0.867885768
2627	0.872725904	0.871202648
2629	0.873684227	0.880645037
2631	0.873063385	0.868572533
2633	0.873043239	0.869975626
2635	0.873686194	0.880800068
2637	0.872742772	0.869689405
2639	0.873506308	0.869035423
2641	0.873307645	0.880173445
2643	0.872852802	0.871438444
2645	0.873720825	0.868086219
2647	0.872891068	0.87909615
2649	0.873258352	0.873596668
2651	0.873538852	0.867063761
2653	0.872763991	0.877910316
2655	0.87362057	0.875714779
2657	0.873128414	0.866232157
2659	0.873001754	0.876727462
2661	0.873671591	0.877408922
2663	0.872826636	0.865981221
2665	0.873392403	0.875410855
2667	0.873405814	0.878538668
2669	0.872825027	0.86652571
2671	0.873643696	0.873786807
2673	0.873034477	0.879190803
2675	0.873108447	0.8678509
2677	0.873612881	0.871844947
2679	0.872818589	0.879525363
2681	0.873456895	0.869678617
2683	0.873325229	0.869763613
2685	0.87288177	0.879580736
2687	0.873642504	0.871680617
2689	0.873001039	0.867935836
2691	0.873157918	0.879263163
2693	0.87356776	0.873620927
2695	0.872830033	0.866708755
2697	0.873463392	0.878404975
2699	0.873297155	0.875379443
2701	0.872911096	0.866301477
2703	0.873618245	0.876903057
2705	0.873013794	0.876940429
2707	0.873161435	0.866717458
2709	0.873553634	0.874843061
2711	0.872857928	0.878241241
2713	0.873434842	0.867826998
2715	0.873325348	0.872458577
2717	0.872910738	0.879191041
2719	0.873591423	0.86943531
2721	0.873057008	0.870119274
2723	0.873118877	0.879600406
2725	0.873561323	0.87134099
2727	0.872898042	0.868208349
2729	0.873368502	0.879298866
2731	0.87338084	0.873366416
2733	0.87290144	0.867002249
2735	0.873539031	0.878198087
2737	0.873148561	0.875360131
2739	0.873048961	0.866674244
2741	0.873568714	0.876359642
2743	0.872965455	0.877135217
2745	0.873263061	0.867230296
2747	0.873455644	0.874002635
2749	0.872903049	0.87849021
2751	0.873452127	0.868575335
2753	0.873262644	0.871482015
2755	0.872970521	0.879210413
2757	0.873550177	0.870514452
2759	0.873075426	0.869198084
2761	0.873131812	0.879136205
2763	0.873521268	0.872776985
2765	0.872955859	0.86754477
2767	0.873313785	0.878195047
2769	0.873399556	0.875065804
2771	0.872931838	0.866800845
2773	0.873461664	0.876461029
2775	0.873231828	0.877063334
2777	0.873009443	0.867123544
2779	0.873522103	0.874156892
2781	0.873078465	0.878462255
2783	0.873143435	0.868456244
2785	0.873495996	0.87165463
2787	0.872976005	0.879024446
2789	0.87329632	0.870601714
2791	0.873400688	0.869389772
2793	0.872952461	0.878629565
2795	0.873422742	0.873194575
2797	0.87326777	0.867784739
2799	0.87300235	0.877296448
2801	0.873488903	0.875774264
2803	0.873133779	0.867167652
2805	0.873101234	0.875222445
2807	0.873490691	0.877872825
2809	0.873033464	0.867705762
2811	0.873222828	0.87276566
2813	0.873436511	0.8790797
2815	0.872980952	0.869319439
2817	0.873340011	0.870387435
2819	0.873347938	0.879142106
2821	0.872987449	0.871723533
2823	0.873425961	0.868571401
2825	0.873241246	0.878011346
2827	0.873039663	0.874431252
2829	0.87346983	0.867717683
2831	0.873140633	0.875885427
2833	0.873112082	0.876875043
2835	0.873467147	0.868041158
2837	0.87306565	0.873194635
2839	0.873203874	0.878515244
2841	0.873428106	0.869520605
2843	0.873022318	0.870503664
2845	0.873289168	0.878965199
2847	0.873368919	0.871864259
2849	0.873006642	0.868416131
2851	0.8733657	0.878094554
2853	0.873297393	0.874544859
2855	0.873026848	0.867439985
2857	0.873416364	0.876084924
2859	0.873223126	0.876926124
2861	0.873067439	0.867826462
2863	0.873441041	0.873395562
2865	0.873154461	0.878400266
2867	0.873122573	0.869533598
2869	0.873436153	0.87069577
2871	0.873101056	0.878570259
2873	0.873184144	0.87214762
2875	0.873420656	0.868685305
2877	0.873065472	0.877340078
2879	0.873241305	0.875028849
2881	0.873390257	0.867909312
2883	0.873044312	0.874997199
2885	0.873292387	0.877424538
2887	0.87334913	0.868600011
2889	0.87304306	0.872142136
2891	0.873334169	0.878669262
2893	0.873304427	0.87060076
2895	0.873050153	0.86955452
2897	0.873367608	0.878405929
2899	0.873261631	0.873364389
2901	0.873071551	0.867984116
2903	0.873387337	0.876675665
2905	0.873220801	0.876099288
2907	0.873091757	0.867904961
2909	0.873400211	0.873973608
2911	0.873186231	0.877972007
2913	0.873118103	0.869385839
2915	0.873404086	0.871094882
2917	0.873159587	0.878391743
2919	0.873149753	0.872018516
2921	0.873402178	0.86893177
2923	0.873131394	0.877180278
2925	0.873173416	0.874987185
2927	0.873393595	0.868184388
2929	0.873116672	0.874691129
2931	0.873197377	0.877368033
2933	0.873383462	0.86912334
2935	0.873106897	0.871701241
2937	0.87322408	0.878369451
2939	0.873367488	0.871467948
2941	0.873097301	0.869189501
2943	0.873240232	0.877631545
2945	0.873355448	0.874448299
2947	0.873094201	0.868026972
2949	0.873256326	0.875385404
2951	0.873345852	0.877043545
2953	0.873090029	0.868632793
2955	0.87326473	0.872391641
2957	0.873336852	0.87832135
2959	0.873092771	0.870835245
2961	0.87327683	0.869725525
2963	0.873327851	0.877796769
2965	0.873093426	0.873843729
2967	0.873281717	0.868366182
2969	0.873316765	0.87562108
2971	0.873096049	0.876564085
2973	0.873289883	0.868851244
2975	0.873311758	0.872596502
2977	0.873102129	0.877962828
2979	0.873287678	0.871020615
2981	0.873309851	0.869856238
2983	0.873105407	0.877469182
2985	0.873287618	0.874067008
2987	0.873307645	0.868487775
2989	0.873105228	0.87525177
2991	0.873285592	0.876786828
2993	0.873308063	0.869054675
2995	0.873111308	0.872189224
2997	0.873282731	0.878070712
2999	0.873305559	0.871352434
3001	0.873113036	0.869513571
