1	64.0303	1.62727	130.141
2	77.3463	-113.122	95.8857
3	118.387	31.5935	2.06641
4	33.8086	25.7584	-111.206
5	-56.9309	47.5614	1.27033
6	-25.36	-128.359	-70.4304
7	-103.357	-70.6486	-16.4541
8	25.2859	-65.394	70.8655
9	71.0464	-4.34506	26.1639
10	81.6472	-4.0711	-18.6717
11	-5.90357	166.009	26.9043
12	64.455	-5.37387	22.629
13	-40.1975	7.77001	15.0871
14	24.3986	-80.4129	92.4943
15	-23.2084	-40.3166	-9.39631
16	1.71166	-21.1124	109.738
17	44.7694	-82.7346	-7.05189
18	22.3859	24.8914	9.29279
19	39.0914	-55.4184	-1.75164
20	-98.64	0.46753	83.2397
21	-63.5542	68.5681	-13.7024
22	-104.12	-51.1922	31.8413
23	-88.4638	-70.571	-0.414651
24	84.8488	-33.3261	38.5721
25	-32.2535	30.2089	46.3289
26	-36.0068	49.756	-82.85
27	-67.5166	66.4708	41.5043
28	77.0269	97.6875	-47.4329
29	-4.18195	-22.4505	97.8778
30	-64.7561	-30.8964	-89.8783
31	114.882	-66.9093	69.0373
32	99.2192	44.3238	122.449
33	-0.382092	-106.703	-69.5771
34	54.4439	-101.461	-1.44831
35	-68.6531	-73.7369	-35.6409
36	89.6488	-16.8245	-19.1665
37	63.4995	-64.9932	-6.91482
38	65.8611	2.5284	-43.872
39	-28.4231	11.2141	-60.2129
40	-8.38738	20.1565	-37.2692
41	-36.9472	78.3035	77.6282
42	-2.21649	47.1582	-6.56892
43	10.4206	20.7775	-7.21889
44	-30.4971	-38.6091	66.5424
45	104.443	-11.2181	-28.5417
46	73.7461	-99.0656	-47.066
47	72.9864	90.0809	-115.056
48	91.651	-77.4453	-102.937
49	-14.1078	41.1108	12.6241
50	23.1647	-28.721	-15.9975
51	-70.941	-15.3798	13.0199
52	61.6366	-100.402	0.478269
53	27.6618	-22.6635	46.817
54	-45.9137	63.3017	-32.1052
55	36.3857	-75.0669	-82.1027
56	-17.3794	-13.3187	-2.63086
57	-23.0678	-63.4283	-9.62913
58	-57.2729	138.738	-1.23834
59	-63.5064	36.6444	-50.3938
60	38.5861	0.679339	53.7072
61	112.118	95.0806	-16.7377
62	-12.9087	-40.1647	-1.35347
63	3.72516	20.2556	-73.6806
64	49.9752	-4.42263	-42.1428
65	-87.798	39.3784	-87.8896
66	80.3883	-79.412	-17.5146
67	74.6545	-9.96769	-178.648
68	16.343	66.6117	-58.4236
69	-7.82197	-87.4497	-40.8233
70	-82.6388	-17.6991	15.1068
71	-36.2176	-5.1928	34.1625
72	49.4478	-27.4395	-78.9853
73	90.3062	-99.7282	29.3656
74	-53.111	-68.9292	76.2318
75	-64.9034	44.7408	-36.649
76	-12.5915	15.9159	-82.2857
77	33.9391	59.4902	83.2238
78	-45.9476	101.32	-66.5258
79	-20.0188	-56.2475	25.6607
80	-76.318	13.5479	27.6105
81	90.2743	76.3677	41.9407
82	15.4492	63.255	-34.6597
83	49.6593	0.504109	0.97722
84	25.59	98.6448	54.0306
85	38.0774	54.6665	-25.6516
86	80.5512	-8.25927	-5.77102
87	-108.042	-66.3269	-22.6711
88	43.3132	-9.20401	-89.305
89	5.69112	-53.7389	-124.079
90	28.011	-31.936	103.432
91	104.209	54.9453	93.8867
92	-22.851	-75.7008	-67.2837
93	70.2066	-103.024	91.7766
94	-44.249	41.2199	36.1323
95	85.9538	-67.0984	-132.036
96	-38.909	-32.2476	-40.4002
97	33.0062	6.38088	-46.326
98	-37.3408	108.422	-17.5925
99	127.771	33.6355	-7.98361
100	-15.7124	-113.959	2.24346
101	-3.07647	-32.1078	-70.9843
102	56.3474	41.6765	60.2266
103	52.5395	-17.3198	-77.3571
104	-49.3435	58.0651	41.9377
105	-63.191	20.7857	41.8467
106	51.2509	8.04763	-43.5488
107	89.559	-13.4127	41.5847
108	-4.60316	88.4407	45.3656
109	-36.2906	-2.25835	-62.1456
110	19.8155	-17.4391	11.8357
111	49.9007	-65.5034	16.7252
112	44.6739	6.81445	51.6028
113	-42.7196	173.553	81.3689
114	-21.4684	73.5469	-43.973
115	34.1369	109.502	-24.909
116	91.9423	-36.5034	49.1175
117	154.379	-18.9121	14.3626
118	49.9949	25.5607	128.565
119	-62.5007	72.8779	69.8509
120	25.1431	2.50299	-39.2296
121	51.7879	57.3146	11.4508
122	-46.7609	-66.3324	7.88054
123	-91.3537	65.7856	119.316
124	-41.6054	21.2419	-41.185
125	-0.136996	68.6883	-39.1087
126	67.0183	66.0204	-93.7005
127	46.1121	-76.9658	39.9412
128	-33.9362	-74.2385	-58.1029
129	7.62254	-33.0333	-62.4157
130	20.0859	53.3799	37.0388
131	-42.7431	5.70117	101.322
132	-88.5941	6.19039	48.0553
133	35.6317	16.7513	64.0728
134	-21.8206	18.4181	-42.7919
135	-61.9543	-84.7516	11.199
136	-11.1049	-37.0687	-34.2793
137	-90.2967	67.2773	85.5423
138	-77.1964	-64.0481	-25.1902
139	-46.5663	-138.635	10.4528
140	2.29109	34.7487	-27.2831
141	30.6467	21.1024	24.8209
142	-81.132	-66.4705	-24.261
143	-31.8892	20.037	-7.89183
144	59.0246	-37.069	49.2602
145	34.6793	-55.1969	-8.62089
146	18.3863	25.7324	-43.2169
147	-57.6664	56.5196	-57.668
148	30.7665	-55.3833	-69.0405
149	-78.5099	-40.4416	26.3303
150	-5.76685	-44.1397	28.6222
151	35.8352	-124.961	-6.5662
152	-75.3428	-78.9339	-44.1839
153	92.7449	-80.5479	-22.5699
154	-6.71143	52.544	6.82914
155	45.8851	-85.8711	-49.1343
156	-29.7644	-109.213	-56.776
157	77.4712	-16.6619	14.0771
158	-45.823	-97.0216	32.8691
159	107.994	-7.60753	-103.778
160	-77.2708	-41.3525	-111.03
161	61.9427	-57.6769	66.3121
162	-39.0361	0.903204	-62.9001
163	-33.5049	-54.733	150.241
164	48.9234	20.554	20.2326
165	-24.9407	-79.7995	-4.18126
166	27.31	49.2635	-8.22794
167	-46.1853	-39.2537	83.8015
168	21.9473	12.4566	16.5842
169	28.9303	-30.9944	86.9231
170	-28.0176	22.1323	124.029
171	141.254	-13.4536	-41.0738
172	-90.0692	-143.016	64.9889
173	-97.1352	26.9888	15.5938
174	-12.6694	87.3483	-55.0951
175	-20.8928	37.7868	-20.2199
176	-1.00975	-34.9803	-25.1966
177	-6.41131	-48.4448	-3.55781
178	-84.5548	-62.5641	-39.6706
179	125.025	108.129	57.6708
180	1.94144	-91.8859	48.7774
181	-69.4094	6.28705	-10.2779
182	13.1579	-55.6773	82.1227
183	85.472	1.55077	-53.9515
184	-30.2462	30.0974	28.0527
185	-13.3936	69.0626	-39.67
186	-58.4573	1.64888	-41.0019
187	10.7037	9.82644	59.5057
188	-34.3427	-72.3675	-24.8359
189	1.35252	-17.9673	-17.1952
190	88.2011	-23.6455	65.5616
191	109.692	20.8916	-71.2221
192	46.7853	-48.5164	-32.9613
193	80.6333	-12.2069	-3.67186
194	-24.5477	72.664	-8.6884
195	-64.6702	-35.2534	-70.2572
196	-6.16279	3.40689	3.99623
197	22.5974	44.534	111.724
198	-46.4851	-8.94261	101.639
199	66.5319	-22.0562	-33.579
200	-32.835	-10.7404	-21.2509
201	-6.99123	-6.93396	-73.5403
202	29.3588	-8.807	-105.172
203	-23.9352	-6.12466	91.9755
204	-84.9473	90.4949	-36.5978
205	13.162	125.538	91.6439
206	-18.7187	-42.8625	-28.9458
207	-39.085	-188.032	-40.2881
208	75.4984	27.9683	58.4531
209	-74.8178	58.9953	5.02882
210	-17.5156	-2.70514	-44.6134
211	35.355	40.5004	36.0783
212	-62.0247	-15.8049	5.79182
213	-38.3376	66.5187	-9.99116
214	39.9001	15.039	72.7866
215	74.1005	85.3394	-10.3345
216	-36.9099	-97.4163	15.701
217	40.0361	-43.8859	-119.379
218	63.0964	-85.6464	5.10818
219	-121.341	-14.2305	34.2069
220	112.372	30.1261	-18.1441
221	-4.70144	-45.0467	-75.455
222	94.0665	-97.5384	-95.9022
223	-47.7768	75.3446	37.5785
224	44.2146	-5.22059	20.3244
225	46.4227	31.4673	-33.8969
226	31.1752	-44.2055	-73.6055
227	-90.2925	41.7008	-15.2014
228	-36.3467	74.0324	28.5667
229	-12.4182	-78.5188	7.25988
230	103.849	-29.2169	-53.4699
231	42.6567	24.1242	27.0283
232	32.9277	46.1769	-15.564
233	-28.3257	24.3655	44.6229
234	-36.3845	-20.2932	-30.0712
235	-60.665	-24.2649	-57.4286
236	-23.8238	89.402	-38.8223
237	24.8164	57.0861	-45.558
238	48.3966	58.1943	11.9075
239	22.6114	25.7924	-88.126
240	54.864	-0.914661	34.43
241	113.254	56.061	27.6097
242	19.1586	98.1354	-13.3245
243	211.358	38.7342	-21.475
244	13.917	57.444	-48.7764
245	-84.4828	-1.38209	50.6611
246	44.2409	79.3729	-27.6652
247	-22.7129	-8.11891	-99.7443
248	-33.5584	-41.1958	54.9817
249	-13.9516	-84.2169	88.774
250	64.8974	-34.6077	31.88
251	-143.469	-13.7697	17.9402
252	-56.9136	-93.9295	-15.4798
253	4.40264	-11.6761	-11.2315
254	-77.0742	-16.1173	-147.802
255	-96.7519	-80.8605	-43.4051
256	43.5147	-33.5643	65.0476
257	-3.35739	-6.53823	100.108
258	-45.6069	0.552321	-48.9305
259	102.78	-24.5286	52.3789
260	-66.0738	-9.37128	-16.8351
261	-11.7218	-19.7975	-18.1035
262	27.9891	-7.92431	22.1657
263	41.7273	-74.2577	-20.4059
264	22.1865	12.7167	45.8656
265	21.4663	16.0454	63.8833
266	-21.3559	21.3262	26.0518
267	20.3822	77.2238	1.68461
268	-7.73964	-37.5544	-78.464
269	37.99	-29.205	17.4586
270	-84.3894	72.3844	-38.8145
271	-8.62137	2.88284	72.2373
272	63.7521	10.5195	-23.0452
273	-58.2578	-31.5732	82.6555
274	-6.77048	34.1587	8.91661
275	33.3513	8.81723	-30.0183
276	37.7574	44.8727	-17.7067
277	22.7864	0.0920983	-48.8503
278	-5.89202	45.7655	22.4878
279	-56.5641	59.577	-66.2102
280	-28.5492	-1.03745	22.1154
281	46.6851	-28.0561	-24.7404
282	92.6297	131.265	-41.9656
283	52.6896	58.757	111.676
284	-45.4323	-38.4219	-121.622
285	-132.56	100.377	2.946
286	-91.3502	18.8017	55.584
287	-22.086	-23.4711	39.7978
288	-59.7335	-30.8512	67.4291
289	-38.6187	72.9386	-95.1876
290	76.0161	-29.6792	-39.943
291	-0.695024	28.1135	85.4547
292	-11.3272	-13.2862	107.011
293	146.935	-1.77884	65.1047
294	-36.0244	30.8929	138.266
295	-47.7836	-14.5085	-23.9109
296	27.1615	-31.1352	-40.7414
297	67.7265	-35.5642	-41.2883
298	34.9043	19.9248	-58.0823
299	-18.0082	-12.7644	172.286
300	65.1308	80.4895	-42.3022
301	-36.7428	63.8734	32.1646
302	5.43018	42.0523	62.6089
303	-102.894	0.691978	52.7725
304	-25.0931	0.654298	24.2481
305	-71.3326	-37.0845	-77.363
306	-9.6985	25.6139	-21.1692
307	-37.9402	-0.777644	-178.581
308	95.7968	-57.3926	-73.7783
309	23.987	-48.2905	-121.055
310	-48.0628	47.931	-3.0335
311	-29.9356	-10.3296	-19.7617
312	44.2488	8.94188	69.3229
313	45.0233	-28.0522	-129.451
314	-39.6297	-26.5202	10.2919
315	-17.2183	-70.5963	84.3853
316	-20.0553	140.32	-25.351
317	17.1177	-25.5854	20.5481
318	-20.7601	-60.0426	79.9754
319	-6.85214	35.2532	-0.842103
320	-94.4136	54.3132	21.6895
321	70.3215	-16.2715	-27.3118
322	-50.8013	-11.8482	-25.922
323	21.3597	23.1178	86.9964
324	-84.4095	64.2966	13.3269
325	11.3557	-76.4207	84.3553
326	13.3459	-125.232	10.5531
327	61.2625	23.2282	126.484
328	23.3764	115.256	-37.1642
329	62.1982	17.1767	-8.42115
330	-82.9981	-76.2526	-47.7529
331	77.6704	92.8421	-24.6542
332	36.1114	-81.1092	72.8838
333	-126.812	132.735	38.0305
334	18.0804	-4.81429	-68.1015
335	15.7078	31.0775	-38.5497
336	-41.1987	-2.22163	-19.4692
337	10.571	105.251	136.025
338	55.9136	-2.26363	41.1387
339	69.9214	-56.9429	107.808
340	-76.2921	59.4211	86.2295
341	17.9387	36.1061	-10.4814
342	-20.1311	84.3647	-4.50854
343	85.6587	47.5491	81.5721
344	19.4752	32.3011	120.825
345	-9.97115	29.5047	39.1115
346	40.808	87.6531	-54.6267
347	21.1554	79.4743	123.039
348	8.42664	4.49016	18.5548
349	-100.678	-2.3691	53.0456
350	-99.5748	55.0268	-40.9067
351	-65.4301	15.5638	-57.3541
352	14.023	-19.6779	-11.9504
353	76.1529	-85.4126	22.2057
354	-54.4251	111.859	59.853
355	-13.0604	25.656	-28.025
356	-38.4563	-115.952	-6.6679
357	33.4311	-23.3768	-56.881
358	-21.8611	59.068	10.7465
359	104.105	36.4448	-75.2507
360	-153.205	25.9779	-79.1822
361	-29.8663	21.6603	68.9553
362	54.144	142.764	79.7607
363	58.3682	88.3167	-70.1648
364	24.2643	58.3244	50.3147
365	-39.1267	33.5416	8.52723
366	-31.7415	43.8734	32.7749
367	-54.992	68.1625	-69.7587
368	3.12723	-116.15	0.0234923
369	54.3248	12.8445	25.2897
370	-24.1492	77.1073	-3.43903
371	30.3675	2.39148	-33.8812
372	71.8958	-68.1314	-12.4627
373	2.98608	-18.6292	80.3403
374	-4.51714	11.1014	-18.2166
375	-12.986	32.4241	69.7619
376	-23.7982	-4.67408	10.8421
377	-14.7852	21.3857	-92.5808
378	29.709	-32.3567	-36.0006
379	86.9524	-20.3672	-43.3932
380	-45.0124	-23.2964	-12.684
381	75.6631	-19.2404	13.9092
382	-1.89693	6.18753	-53.3416
383	-56.2787	24.3971	42.2326
384	-106.277	27.6283	-9.26995
385	40.8038	-94.2254	157.836
386	-13.0811	63.1843	-109.897
387	-59.1305	-52.8249	83.3609
388	63.0251	26.9492	-61.7522
389	-23.0308	-0.790862	12.8663
390	5.78648	-50.4191	-61.4327
391	-4.2462	54.7785	-9.14395
392	-129.938	-32.3232	-68.5747
393	34.5944	64.9012	73.3119
394	-16.5273	-67.9212	39.1793
395	-18.9556	-16.66	108.725
396	45.8175	41.3989	95.2112
397	-0.185567	21.9238	19.1253
398	29.4495	-61.835	6.95884
399	-17.6375	-18.2693	69.1162
400	-11.9803	-6.05683	4.94687
401	-12.0109	29.3795	100.902
402	62.4702	-71.5026	53.8184
403	-77.4322	19.5243	-96.6774
404	56.2329	-24.1466	-90.634
405	-46.443	36.2945	-65.119
406	-35.6522	0.27907	61.5631
407	-34.7708	38.8973	-19.2218
408	98.8985	60.6025	57.5951
409	100.367	-10.9044	41.9423
410	69.8715	20.8148	-19.1093
411	2.36479	6.94076	38.0603
412	-72.5912	-107.402	0.153087
413	33.3808	89.9421	-61.3905
414	13.0197	-10.3646	-19.6086
415	15.4842	-52.8086	33.8885
416	39.4817	58.8682	-130.048
417	-11.1753	40.5192	-89.9514
418	11.4403	-52.4934	109.548
419	-50.2291	-4.49466	38.1251
420	59.7888	107.378	-28.7054
421	122.98	-48.8377	79.0682
422	-85.5382	-74.8572	-16.2639
423	33.64	-18.601	148.775
424	-5.50975	-23.6691	-49.121
425	89.4096	28.7878	21.1193
426	42.8529	-3.07385	-12.7765
427	10.9193	26.7257	4.98503
428	18.62	-33.8164	-153.206
429	-109.363	-37.1031	-20.7044
430	-54.534	3.96767	16.171
431	5.02656	-31.5493	22.0459
432	40.2511	-29.8418	-24.4783
433	122.963	-89.0938	65.3334
434	97.6598	5.67342	73.6317
435	-53.1614	-1.60593	84.3898
436	-52.3869	50.6943	-93.0638
437	58.6455	-73.3	60.6116
438	33.9752	4.66546	-73.4488
439	-14.32	15.0785	-59.408
440	-2.97732	-2.52255	7.30473
441	-76.9391	-73.8692	33.1516
442	-86.8513	44.1652	-35.232
443	-108.364	-26.1434	-57.6299
444	66.8972	71.0077	66.2869
445	95.5989	25.5499	48.6173
446	-112.908	35.2026	-15.9871
447	46.8524	-15.4809	-64.4155
448	78.4382	43.1249	13.9348
449	-71.5814	-108.995	5.31549
450	89.9292	-40.1587	-1.09055
451	41.2898	-71.7789	43.2381
452	30.0524	66.9004	-36.3067
453	24.422	-56.4428	-58.8048
454	-18.3976	-31.0997	-44.0264
455	-34.0178	-41.6656	-153.524
456	-68.5631	-39.1702	57.3997
457	-0.828801	77.6773	8.84811
458	57.1628	44.0518	128.614
459	-72.4486	-18.8217	-154.413
460	40.1039	31.0162	-3.71602
461	-80.5446	-40.4045	34.5087
462	37.533	16.5158	-67.8679
463	-55.3702	-75.498	-54.9991
464	-42.0318	9.48044	-88.0314
465	40.9004	9.78686	-16.9463
466	-41.9149	26.0954	-101.279
467	49.5559	29.7984	-9.70879
468	75.1833	-65.4571	-0.531429
469	23.6234	66.1697	-66.9973
470	26.0346	-20.79	-23.5316
471	41.0967	31.7063	1.17373
472	8.40849	-81.4586	16.1916
473	35.0989	59.0198	-20.4823
474	-80.0988	-28.0209	-69.648
475	-39.3091	11.1318	-85.4932
476	37.2409	23.5422	60.938
477	51.053	-54.6482	3.40334
478	-48.8694	84.9702	69.2438
479	-29.3502	29.8466	-94.7088
480	34.0497	-17.7358	-51.0995
481	-3.44417	14.5543	92.1069
482	-39.1171	77.5157	16.9078
483	-78.267	-107.133	-92.3294
484	4.85633	67.7795	20.6646
485	-20.8008	81.2602	-27.282
486	-51.8246	77.2159	93.0007
487	-13.2183	28.6637	1.93098
488	28.9985	-72.6371	117.208
489	-16.1896	43.2358	-65.0308
490	49.7578	-19.0906	12.0718
491	-99.1139	-129.186	75.501
492	-49.9062	-150.226	-37.0984
493	3.02327	-51.755	28.2353
494	-79.9845	-61.75	30.5629
495	-42.4237	53.5845	-32.0481
496	-5.82975	-23.2909	146.508
497	1.7689	8.22889	-27.4662
498	-21.8475	-81.728	-70.1915
499	27.7792	-97.536	-32.0024
500	-52.3272	-28.7073	62.1838
501	45.9738	96.7173	-52.475
502	-48.5355	25.6338	1.03549
503	-33.2305	-24.7853	32.4943
504	-13.5486	-33.5199	-105.523
505	1.937	-26.9815	3.51134
506	30.9659	-11.2717	22.3635
507	-103.611	-1.82014	31.441
508	-59.2093	55.129	-84.6727
509	-2.96898	0.26529	86.4382
510	-47.27	-72.9359	-8.19535
511	24.8383	-53.2083	-43.0206
512	69.3269	97.1184	-96.9306
513	63.6977	-6.58323	-49.1066
514	-19.9351	-3.54538	106.264
515	67.5124	-37.1057	14.3934
516	13.7252	-29.0385	-34.571
517	-55.4866	-14.1526	-28.8926
518	-49.1059	-99.6594	-7.46209
519	118.834	-43.4452	-22.8901
520	-24.5352	-19.063	-93.4753
521	-60.7311	7.44751	75.9531
522	-11.4939	14.1712	4.31721
523	74.7821	-11.0092	-62.3019
524	93.7783	125.65	-128.132
525	0.817859	-166.023	67.9461
526	20.8017	0.979885	153.184
527	-15.9125	72.3882	34.8698
528	69.9311	-45.1389	15.3615
529	-3.28351	69.754	80.2445
530	-34.063	10.3935	15.6135
531	1.87695	64.5286	18.4795
532	106.024	9.33459	-131.697
533	89.3501	-29.6423	-80.3509
534	-61.0922	-39.7796	123.973
535	-21.6682	-11.9576	38.5242
536	64.3904	55.8844	-41.6198
537	-67.1337	-68.311	-72.3968
538	57.2741	39.3296	21.523
539	-58.4212	92.448	-9.85646
540	-99.8675	35.9866	-15.3247
541	16.3926	-54.7306	73.1927
542	67.895	-47.7045	-48.5838
543	-3.60365	-19.9734	6.61961
544	47.3076	27.5649	-39.3378
545	19.4262	62.1565	-17.8541
546	25.117	115.782	53.6979
547	135	20.6419	-63.6228
548	11.3974	53.6387	-22.7925
549	-9.2714	-45.9464	-26.1659
550	-92.1386	-5.03697	42.306
551	32.8424	-133.562	19.9836
552	78.6971	-68.3142	-54.4296
553	-15.5437	31.1566	-67.7294
554	-9.42074	-49.666	4.07109
555	-35.4149	11.8994	83.1488
556	-7.46696	-102.437	30.4028
557	-15.9506	48.6456	-0.888143
558	26.9085	24.0765	7.71622
559	-33.4944	-82.2248	-50.2749
560	30.2327	-43.9941	16.749
561	28.6842	13.9301	40.6565
562	-73.259	53.8347	-1.14294
563	-16.1643	-92.9647	6.70779
564	-71.751	-2.60166	-20.9541
565	-58.7259	31.9067	-5.15405
566	40.1632	-79.7444	65.0019
567	-1.89614	20.6536	-26.7656
568	-64.9497	-56.3252	-49.8768
569	-44.3897	-106.383	-31.7359
570	-53.2881	-77.3747	50.5514
571	-75.6052	-71.6225	23.5851
572	14.5676	-72.3064	12.2028
573	-94.0077	17.4846	-86.8626
574	124.639	-14.7723	81.7992
575	60.7773	-46.1234	28.1827
576	59.9173	-37.8259	-2.10048
577	53.5395	150.416	54.3351
578	-41.1565	70.866	-22.0689
579	13.255	-50.2307	62.5926
580	-7.71195	54.8624	-12.7794
581	64.94	-14.968	0.368676
582	41.4513	10.7924	-143.974
583	-90.6893	-44.0564	100.523
584	46.7027	-58.9409	-37.4341
585	92.4111	-50.9709	106.392
586	-55.4215	-62.275	-13.9459
587	-30.0783	81.1007	-73.1762
588	-14.9838	-11.1497	-102.272
589	-2.72954	34.9635	-10.7967
590	-88.617	-28.3479	63.8802
591	-0.725592	68.0456	58.4887
592	64.3809	10.2051	14.8914
593	44.9618	64.7167	-23.7595
594	29.4899	0.810559	54.26
595	-34.0445	12.9195	-4.34691
596	-82.3266	64.1129	-76.3659
597	6.23724	22.0232	-21.4139
598	86.0731	-38.8075	-56.1574
599	7.25334	33.0435	74.5954
600	-117.392	58.4721	-10.0737
601	-143.955	4.91915	71.9646
602	63.3467	45.5469	-17.8307
603	-53.7906	31.1867	-83.2637
604	10.0381	-67.0775	-20.8695
605	102.473	-19.2236	29.7432
606	-21.7781	-0.997872	-55.3258
607	-35.9339	2.31457	-30.3607
608	-2.01444	51.4439	25.0021
609	-79.9917	26.9998	-38.0685
610	18.1579	59.0768	75.684
611	2.56659	-97.9163	-13.9895
612	15.0904	44.2902	-3.31091
613	-11.0354	-36.2812	96.182
614	-64.6217	-55.0918	3.41765
615	38.7219	-59.5206	26.6983
616	-44.6115	-8.2621	45.7318
617	-11.1785	-66.6084	-13.2107
618	20.6044	109.423	38.9871
619	-9.6281	-8.14324	-16.3061
620	64.3755	2.47641	-10.9366
621	80.6717	-10.3587	3.69102
622	16.3672	-15.1046	9.39655
623	-30.7998	56.9307	-20.8689
624	87.0838	29.9374	14.0094
625	101.32	-92.404	43.4671
626	-0.0663148	-64.873	-47.457
627	142.789	-47.9722	38.2861
628	14.0884	124.917	31.2881
629	-23.33	60.0663	0.340207
630	-86.6547	-62.5143	52.216
631	28.7909	-66.1289	92.5779
632	-87.481	42.3522	20.0102
633	-38.1761	36.0235	-48.8245
634	35.8112	-7.66471	-78.9026
635	46.0327	-93.5233	-17.4321
636	23.8464	19.2315	-13.3209
637	13.2709	-65.5622	24.4806
638	-107.825	35.3928	55.7621
639	22.7848	-27.5753	70.9602
640	9.20007	74.0063	-33.8093
641	-9.2649	-48.5269	51.406
642	-35.9273	109.777	39.6772
643	123.413	50.6473	-114.399
644	-6.84419	22.1563	-7.16637
645	50.6625	-2.33876	56.7446
646	-32.3912	57.1935	60.2026
647	-94.1152	-26.9439	-53.5194
648	45.7376	13.0882	-88.7111
649	31.6568	77.0262	7.93187
650	-5.48628	78.0582	-76.4094
651	-48.6067	113.464	-45.2703
652	34.8131	-14.807	-12.3698
653	-121.628	-14.1517	54.0458
654	9.69469	-55.068	21.9861
655	-36.4794	-83.2844	-10.3769
656	11.8202	-17.0193	-41.6763
657	-3.04954	3.5135	20.8072
658	-34.9177	-33.5027	-69.5732
659	23.6925	45.7686	87.5776
660	-13.3184	0.71206	-52.7716
661	1.30787	-51.1348	-10.4209
662	33.3073	17.6175	-66.1573
663	-112.773	21.6913	47.1527
664	32.8302	11.1648	42.5956
665	30.1565	35.9262	32.3674
666	-89.9271	13.9899	-67.9435
667	58.7836	66.7505	-27.9493
668	-35.3617	-81.6882	74.0693
669	0.80779	10.9751	-13.1795
670	-5.12922	59.2043	-71.2165
671	47.2903	-39.1701	52.116
672	54.7531	7.94006	103.686
673	-10.9536	3.44193	-20.7707
674	-51.6661	-27.9836	-23.3684
675	58.4343	-139.584	-37.6639
676	2.98511	-40.0695	22.8749
677	49.7887	40.4035	-44.4726
678	-77.3063	141.14	-65.8988
679	78.0307	-9.17124	-30.1594
680	28.5504	-58.2144	87.4578
681	-47.1417	-70.9331	20.2908
682	-82.2744	-14.6319	56.5853
683	-25.2648	42.2263	-109.098
684	-13.4672	-23.9461	48.6489
685	76.8316	32.0283	-20.2616
686	32.6306	42.5685	69.3695
687	124.653	-15.3988	17.9354
688	-162.126	-99.1158	-53.9449
689	57.0449	61.5364	12.7313
690	89.3421	16.448	-29.368
691	89.9005	-27.7535	10.4982
692	21.7544	52.5443	36.6759
693	124.207	-33.9294	37.7734
694	34.8801	4.8477	-19.5566
695	-86.8141	35.7797	-71.7095
696	-18.2723	16.5588	87.9032
697	32.7414	21.7786	0.0110641
698	10.6162	12.5497	101.767
699	-98.6865	22.8507	46.1552
700	13.2873	-62.4998	-27.4783
701	-51.1551	23.7758	-1.7666
702	-67.1119	-1.24798	57.4592
703	146.922	47.0774	29.0775
704	-19.7313	-13.3592	-32.2913
705	4.72335	-29.3032	-56.128
706	163.053	19.1397	1.26783
707	8.99704	-15.9812	83.1852
708	-13.8761	-37.9237	44.0337
709	23.5159	-55.9645	34.0009
710	-89.2256	-18.8368	80.8343
711	-15.3363	-41.2822	-43.2511
712	-19.2566	-42.6427	8.45932
713	-6.48889	-116.965	98.3369
714	63.1291	-73.4354	-49.3079
715	-27.2905	39.4152	-54.8185
716	-91.8153	-14.0067	3.34031
717	1.20077	-82.734	126.239
718	67.7429	-65.0219	23.2675
719	34.8155	25.7637	-41.9613
720	24.8125	42.5769	85.4242
721	-5.86779	-15.2934	41.7102
722	-4.61404	19.4066	-112.121
723	5.27223	97.8808	10.0186
724	-2.34312	75.1506	-51.1488
725	73.9799	-102.016	34.3938
726	14.439	-31.5783	77.7389
727	29.6706	-181.878	23.962
728	18.0417	0.56689	52.1537
729	56.9007	-88.5954	74.5772
730	-30.2455	18.9841	30.9502
731	116.697	47.344	115.852
732	-50.548	-147.458	-2.74278
733	-33.9423	98.2706	-35.8099
734	48.027	-96.0273	-8.49031
735	132.411	62.4817	69.8153
736	-43.939	-35.0448	-59.5206
737	-58.304	-42.7338	1.80477
738	119.888	4.05823	-11.6935
739	94.2096	53.7349	25.1196
740	-1.48138	26.6657	71.5307
741	-32.0326	-129.226	131.636
742	-17.0414	29.804	-1.87761
743	-27.1056	-56.1252	43.1762
744	58.1171	6.13149	-135.486
745	-4.64985	57.5649	-27.4592
746	-110.211	104.786	64.6315
747	16.6479	-0.28976	58.5388
748	-92.4762	58.785	34.9251
749	33.3902	46.5115	89.0195
750	-41.2865	24.8804	-8.59923
751	-28.6917	-51.0858	3.90367
752	19.8294	32.7998	-67.3482
753	28.335	-48.6671	-179.785
754	60.4617	-28.5766	2.88954
755	91.6888	-141.27	35.1095
756	-21.3675	-12.4445	42.975
757	101.635	11.3218	-17.089
758	-10.4625	93.3071	-8.55016
759	-42.4224	-5.00335	10.1378
760	-16.4357	-110.417	-76.4321
761	-25.4859	47.7783	-53.4635
762	-25.0201	-77.6351	-53.6738
763	75.3354	18.4885	82.1125
764	88.4738	-81.6774	27.4964
765	82.0241	45.539	-41.8386
766	-79.7688	-28.8127	-25.3442
767	28.4832	-15.1346	-21.6999
768	34.3117	-15.13	-51.781
769	55.2094	86.6076	-94.5016
770	-20.4064	-125.31	0.468446
771	66.6629	5.98863	-12.8902
772	-23.693	-10.9492	10.5866
773	35.3156	37.0346	-22.097
774	12.9668	13.9846	13.6863
775	-2.34486	114.461	-20.9067
776	-61.644	-77.6823	-18.1572
777	42.4592	86.7477	-78.6268
778	21.6054	7.82439	-116.876
779	40.5003	17.0228	-80.0553
780	25.9631	7.00734	4.62386
781	-34.8863	58.841	-10.4504
782	15.702	54.1858	17.49
783	-29.9095	21.4314	37.5011
784	8.03066	-16.756	-90.0415
785	36.0371	-67.1549	26.7152
786	-56.921	-12.8683	76.3833
787	86.1245	-35.7291	-63.2583
788	-54.3511	31.2134	46.268
789	44.4546	-74.2532	18.7958
790	-90.4674	13.6709	-148.703
791	-13.077	97.2786	92.7888
792	-26.0186	19.0435	-23.6336
793	49.3663	76.1767	-123.64
794	76.6906	-11.5574	6.616
795	11.1157	-67.7523	-0.0932865
796	49.1221	-66.3089	-175.54
797	16.4689	-46.1517	13.6179
798	6.00119	26.9282	88.6183
799	109.67	39.5687	40.5028
800	1.25715	-125.399	-34.852
801	45.8602	9.05907	85.4236
802	44.9143	-5.66635	18.4743
803	70.2041	25.7924	-71.8733
804	14.1115	-20.4116	72.422
805	-12.4504	22.088	-19.7269
806	33.3124	41.8393	21.2467
807	-26.6901	69.6101	94.4707
808	42.3346	3.37382	42.6662
809	-19.9974	14.9254	53.3049
810	43.4273	15.6623	10.8913
811	23.4994	-33.4291	30.3699
812	-63.0208	31.3941	13.6574
813	-6.9334	72.0944	-36.6999
814	-1.0037	-21.4631	-112.744
815	-25.9826	70.6066	-49.1984
816	58.193	9.43433	-4.43495
817	5.27341	20.5752	47.6827
818	1.78626	15.3243	-2.91862
819	-4.18776	-23.8163	37.8859
820	21.0429	-40.9719	-42.049
821	48.9363	21.8489	-70.4812
822	24.1344	51.3781	49.0009
823	31.5397	-119.181	1.88547
824	39.6334	35.3978	56.7699
825	-32.1985	-96.8533	-5.48249
826	-2.70619	-4.03787	20.5402
827	30.4791	52.2031	-5.79448
828	-3.98234	-20.6292	-4.63129
829	-13.0594	50.49	-15.9698
830	-71.2849	31.0188	-50.8821
831	9.85381	40.9158	-105.606
832	-90.5589	19.2485	51.4872
833	-78.9145	-33.5675	-43.9489
834	-57.5208	-99.6426	105.045
835	15.0583	-49.1622	31.1408
836	-19.3925	147.597	-19.7423
837	7.53753	48.0415	-35.7832
838	3.97492	127.471	2.52438
839	34.1185	91.5327	51.2793
840	17.0324	2.38737	-80.795
841	-25.9209	-52.0784	-65.1935
842	20.5241	59.2491	-11.347
843	25.8461	-27.4714	-99.215
844	-50.7162	89.2383	-58.7535
845	-26.1788	26.8635	159.742
846	-16.8341	-11.5997	18.4192
847	41.6416	-7.0057	1.77589
848	-111.368	122.877	39.6921
849	32.2451	-119.917	-24.4122
850	-73.7373	153.216	27.7044
851	-49.0168	-40.668	43.5127
852	-40.5453	-160.412	-40.7554
853	60.5582	-23.85	-39.4492
854	98.7078	-96.2162	78.2824
855	-75.2219	14.3468	55.3987
856	-20.6651	11.07	78.9991
857	-37.7309	19.4147	-8.51944
858	-59.1308	13.7061	6.8196
859	-84.4792	42.7551	-50.0204
860	-30.6098	2.61734	-68.5568
861	-44.5043	-51.862	-67.1308
862	-22.8024	61.9375	-112.125
863	-87.346	10.2338	-74.0559
864	-38.1829	-9.74356	-4.54263
865	64.4111	46.6226	9.85152
866	22.4108	-27.3849	-25.0995
867	10.5706	46.3434	83.1229
868	66.169	57.9961	21.3144
869	102.773	56.5998	-80.7953
870	-89.5884	-43.4686	37.2399
871	0.698867	-102.59	67.4898
872	-49.8072	-46.3704	29.6798
873	-100.774	-122.697	6.34866
874	-16.3286	8.38466	-60.8698
875	48.6171	-111.1	-39.8392
876	-39.9589	-64.5491	-67.3884
877	20.1168	-170.144	-21.6542
878	59.7002	-31.9648	30.7006
879	73.6507	22.7483	36.3947
880	71.0605	-6.07267	-67.4395
881	-54.7693	-30.509	-11.0988
882	131.127	-6.50449	10.9731
883	-44.7113	-46.041	90.5928
884	3.56565	-0.431257	9.36961
885	-17.4959	91.4999	-12.6376
886	6.70798	39.5459	2.86213
887	-76.7437	31.5939	11.299
888	-3.1366	-58.7276	5.27474
889	-13.3665	-12.5531	13.7196
890	58.4407	22.7265	48.1748
891	-95.5584	20.4325	102.2
892	4.72041	12.1485	-94.0957
893	38.2084	7.38638	-60.3944
894	20.5709	-97.8925	-97.3892
895	-14.1353	55.7149	-30.8758
896	50.278	-3.74903	19.2791
897	-11.2331	-20.0325	69.2956
898	-17.8841	4.69935	-45.2377
899	-69.1327	-7.87716	7.04375
900	-15.707	-50.968	16.8128
901	-7.01691	0.438524	-5.29235
902	-35.7801	-56.1319	-64.8859
903	-137.088	81.8602	-38.9272
904	-39.1646	0.347966	0.31145
905	82.9025	-75.6354	-29.5978
906	3.92019	62.3186	-40.9564
907	22.7479	3.10249	39.468
908	-6.9118	-30.5309	6.9737
909	91.0843	-20.6115	-69.4177
910	66.8992	2.10376	-14.1792
911	-82.4993	-54.8092	60.6288
912	105.237	16.2633	18.3908
913	25.4757	64.4085	34.0936
914	-82.9373	37.0816	21.6081
915	14.4855	30.173	-49.903
916	62.1634	19.1015	-70.4534
917	-1.60696	-3.2273	37.4243
918	-9.04797	37.0351	-43.5391
919	24.1128	13.3063	-46.4427
920	8.70365	-12.7737	87.8175
921	-67.4916	51.0864	-24.2947
922	26.5925	48.1942	67.3266
923	-68.8916	-83.099	5.83668
924	44.0704	41.1986	-10.0275
925	-28.1934	-44.4513	-6.29011
926	-108.684	-10.041	-34.9544
927	-39.3841	-108.495	-2.09517
928	-174.897	-29.3812	1.17317
929	81.8672	-26.5981	-25.146
930	32.9581	-61.151	13.3508
931	-21.5174	-23.2047	-132.126
932	-4.66212	16.7269	-16.0264
933	40.3151	-17.4828	-51.8037
934	9.86986	-48.4726	-84.1325
935	82.5185	39.6331	-116.001
936	-109.492	59.9004	115.321
937	-141.735	28.6135	1.43777
938	62.1589	-13.869	-2.8861
939	50.7498	-47.2351	69.6772
940	29.3255	58.3421	-4.44667
941	-45.4138	-83.7485	-4.07784
942	6.65322	6.02114	39.5004
943	-35.1879	-37.845	-13.5513
944	-13.812	-84.3441	55.4038
945	126.8	-19.3592	-50.3643
946	43.9801	2.11741	28.3303
947	33.9284	-12.1772	-29.004
948	-110.162	39.1175	-89.0036
949	35.6931	-91.4337	-31.7927
950	9.9359	-18.4957	-105.201
951	1.2086	-21.2434	106.144
952	68.8836	-8.22856	22.8481
953	-83.9186	14.0035	33.9084
954	54.9971	14.4992	-59.0044
955	18.1306	25.0034	43.861
956	-116.701	-64.1197	-17.1313
957	51.6604	-26.1408	50.653
958	-45.152	10.5324	48.9003
959	2.24131	-0.281097	-59.7432
960	-96.9753	-4.89388	-84.6398
961	-25.6885	-16.595	72.9975
962	55.5112	-33.7623	-56.6133
963	-59.7762	-49.1848	-35.4157
964	31.0696	5.26947	-17.9825
965	-91.2691	84.4276	-16.8587
966	-45.555	81.6524	-36.779
967	-33.4812	-49.7827	20.2392
968	-7.78749	21.851	36.9279
969	-58.6514	75.0166	29.9261
970	111.515	158.436	-43.9382
971	-22.2526	79.0872	43.7593
972	-25.3461	58.824	-4.42876
973	-80.0009	-126.59	-36.1639
974	-55.5457	84.8842	-136.54
975	79.0872	65.4113	-42.1747
976	11.5799	16.6086	-14.1799
977	-22.2342	-94.9111	-8.00171
978	-57.6447	113.462	35.8602
979	-3.94453	9.34273	70.2604
980	71.9628	24.9327	-41.0604
981	-74.1584	28.2457	1.18211
982	-146.257	39.0541	85.598
983	44.6317	-46.3457	37.0303
984	16.7585	-33.6179	68.5873
985	70.7409	27.1352	16.7996
986	85.7764	-68.2176	3.90259
987	-20.1643	28.6885	49.2434
988	58.8271	61.3598	35.8135
989	-99.1071	32.6809	69.9054
990	57.7085	8.77438	-110.105
991	72.6432	-1.56221	66.1507
992	36.0247	18.7559	-95.939
993	31.4909	19.9452	52.1968
994	16.4257	-10.813	47.5908
995	44.4104	16.5224	-23.8545
996	-34.0282	31.1443	-17.8348
997	45.2963	-89.5335	-80.9865
998	-18.8137	41.4264	90.8952
999	46.7894	-11.6436	51.764
1000	-37.8657	23.4484	-80.6459
