2.83 2.999 0.018
2.84 2.959 0.018
2.85 2.922 0.018
2.86 2.881 0.018
2.87 2.838 0.018
2.88 2.800 0.018
2.89 2.753 0.018
2.90 2.713 0.018
2.91 2.673 0.018
2.92 2.628 0.018
2.93 2.587 0.018
2.94 2.542 0.018
2.95 2.505 0.018
2.97 2.454 0.018
2.98 2.415 0.018
2.99 2.371 0.018
3.00 2.323 0.018
3.01 2.282 0.018
3.02 2.234 0.018
3.03 2.174 0.018
3.04 2.130 0.018
3.06 2.081 0.018
3.07 2.034 0.018
3.08 1.987 0.018
3.09 1.938 0.018
3.10 1.893 0.018
3.12 1.848 0.018
3.13 1.803 0.018
3.14 1.755 0.018
3.17 1.646 0.018
3.18 1.598 0.018
3.19 1.555 0.018
3.20 1.506 0.018
3.22 1.456 0.018
3.23 1.411 0.018
3.24 1.372 0.018
3.26 1.322 0.018
3.27 1.256 0.018
3.28 1.215 0.018
3.30 1.177 0.018