1.304E-03
1.044E-03
8.449E-04
6.773E-04
5.300E-04
4.018E-04
2.954E-04
2.144E-04
1.562E-04
1.144E-04
8.344E-05
6.030E-05
4.325E-05
3.088E-05
2.200E-05
1.568E-05
1.120E-05
8.042E-06
5.834E-06
4.280E-06
3.175E-06
2.383E-06
1.810E-06
1.390E-06
1.076E-06
8.373E-07
6.523E-07
5.075E-07
3.933E-07
3.034E-07
2.330E-07
1.781E-07
1.356E-07
1.029E-07
7.775E-08
5.856E-08
4.397E-08
3.303E-08
2.484E-08
1.868E-08
1.400E-08
1.045E-08
7.739E-09
5.688E-09
4.144E-09
2.993E-09
2.142E-09
1.519E-09
1.069E-09
7.458E-10
5.173E-10
3.573E-10
2.468E-10
1.711E-10
1.195E-10
8.417E-11
5.996E-11
4.330E-11
3.180E-11
2.384E-11
1.835E-11
1.460E-11
1.207E-11
1.013E-11
8.592E-12
7.359E-12
6.356E-12
5.531E-12
4.844E-12
4.267E-12
3.779E-12
3.362E-12
3.004E-12
2.694E-12
2.425E-12
2.190E-12
1.983E-12
1.801E-12
1.640E-12
1.497E-12
1.369E-12
1.253E-12
1.151E-12
1.058E-12
9.752E-13
9.000E-13
8.317E-13
7.698E-13
7.133E-13
6.618E-13
6.147E-13
5.717E-13
5.322E-13
4.959E-13
4.625E-13
4.318E-13
4.035E-13
3.773E-13
3.531E-13
3.308E-13
3.100E-13
2.908E-13
2.729E-13
2.564E-13
2.409E-13
2.266E-13
2.132E-13
2.007E-13
1.891E-13
1.782E-13
1.680E-13
1.585E-13
1.497E-13
1.413E-13
1.335E-13
1.262E-13
1.194E-13
1.129E-13
1.069E-13
1.012E-13
9.584E-14
9.082E-14
8.609E-14
8.163E-14
7.744E-14
7.348E-14
6.976E-14
6.624E-14
6.292E-14
5.979E-14
5.683E-14
5.403E-14
5.139E-14
4.889E-14
4.653E-14
4.429E-14
4.217E-14
4.016E-14
3.826E-14
3.646E-14
3.476E-14
3.314E-14
3.160E-14
3.014E-14
2.876E-14
2.745E-14
2.620E-14
2.502E-14
2.389E-14
2.282E-14
