# t  x  y  z  vx  vy  vz  downrange
0  0  0  0  0  0  0  0
0  0.00062759  0  0.00052661  0.125519  0  0.105323  0
0.01  0.00251042  0  0.00210649  0.251048  0  0.210655  0
0.02  0.00564859  0  0.00473973  0.376586  0  0.315994  0
0.03  0.0100422  0  0.00842639  0.502134  0  0.42134  0
0.04  0.0156913  0  0.0131666  0.627691  0  0.526695  0
0.05  0.022596  0  0.0189603  0.753257  0  0.632057  0
0.06  0.0307565  0  0.0258077  0.878832  0  0.737428  0
0.07  0.0401727  0  0.0337089  1.00442  0  0.842806  0
0.08  0.0508448  0  0.0426639  1.13001  0  0.948191  0
0.09  0.0627729  0  0.0526727  1.25561  0  1.05359  0.134408
0.1  0.0759571  0  0.0637356  1.38123  0  1.15899  0.134408
0.11  0.0903975  0  0.0758525  1.50685  0  1.2644  0
0.12  0.106094  0  0.0890235  1.63248  0  1.36981  0.134408
0.13  0.123047  0  0.103249  1.75812  0  1.47524  0.134408
0.14  0.141257  0  0.118528  1.88377  0  1.58067  0.164616
0.15  0.160723  0  0.134862  2.00943  0  1.68611  0.134408
0.16  0.181445  0  0.152251  2.1351  0  1.79156  0.134408
0.17  0.203424  0  0.170693  2.26077  0  1.89701  0.164616
0.18  0.226661  0  0.190191  2.38646  0  2.00248  0.251455
0.19  0.251154  0  0.210743  2.51216  0  2.10795  0.251455
0.2  0.276904  0  0.23235  2.63786  0  2.21343  0.285123
0.21  0.303911  0  0.255012  2.76358  0  2.31892  0.300546
0.22  0.332175  0  0.278728  2.8893  0  2.42441  0.329232
0.23  0.361697  0  0.3035  3.01503  0  2.52991  0.380164
0.24  0.392476  0  0.329326  3.14077  0  2.63542  0.391864
0.25  0.424513  0  0.356208  3.26653  0  2.74094  0.414275
0.26  0.457807  0  0.384145  3.39229  0  2.84647  0.465604
0.27  0.492358  0  0.413138  3.51806  0  2.952  0.484616
0.28  0.528168  0  0.443185  3.64384  0  3.05754  0.54597
0.29  0.565235  0  0.474288  3.76962  0  3.16309  0.562271
0.3  0.60356  0  0.506447  3.89542  0  3.26865  0.615937
0.31  0.643143  0  0.539661  4.02123  0  3.37421  0.651569
0.32  0.683985  0  0.573931  4.14704  0  3.47978  0.672042
0.33  0.726084  0  0.609257  4.27287  0  3.58536  0.730025
0.34  0.769442  0  0.645639  4.3987  0  3.69095  0.772118
0.35  0.814058  0  0.683076  4.52455  0  3.79655  0.812031
0.36  0.859933  0  0.72157  4.6504  0  3.90215  0.85537
0.37  0.907066  0  0.761119  4.77626  0  4.00776  0.901639
0.38  0.955458  0  0.801725  4.90213  0  4.11338  0.959868
0.39  1.00511  0  0.843387  5.02801  0  4.219  1.00132
0.4  1.05602  0  0.886105  5.1539  0  4.32464  1.05406
0.41  1.10819  0  0.92988  5.2798  0  4.43028  1.11648
0.42  1.16161  0  0.974711  5.40571  0  4.53593  1.16401
0.43  1.2163  0  1.0206  5.53163  0  4.64159  1.21712
0.44  1.27225  0  1.06754  5.65755  0  4.74725  1.26801
0.45  1.32945  0  1.11554  5.78349  0  4.85292  1.33397
0.46  1.38792  0  1.1646  5.90944  0  4.95861  1.38708
0.47  1.44764  0  1.21472  6.03539  0  5.06429  1.44762
0.48  1.50863  0  1.26589  6.16135  0  5.16999  1.51172
0.49  1.57087  0  1.31812  6.28733  0  5.25937  1.57034
0.5  1.63437  0  1.37074  6.41395  0  5.2664  1.63515
0.51  1.69915  0  1.42344  6.54154  0  5.27227  1.70015
0.52  1.76521  0  1.47619  6.67007  0  5.27698  1.76787
0.53  1.83256  0  1.52898  6.79953  0  5.28055  1.83309
0.54  1.9012  0  1.58179  6.92991  0  5.28295  1.9032
0.55  1.97116  0  1.63463  7.06119  0  5.28418  1.9731
0.56  2.04243  0  1.68747  7.19335  0  5.28426  2.04283
0.57  2.11503  0  1.74031  7.32639  0  5.28317  2.11667
0.58  2.18896  0  1.79313  7.46028  0  5.28091  2.19007
0.59  2.26423  0  1.84593  7.59502  0  5.27749  2.2631
0.6  2.34086  0  1.89868  7.73058  0  5.2729  2.3377
0.61  2.41885  0  1.95138  7.86695  0  5.26714  2.42122
0.62  2.4982  0  2.00402  8.00412  0  5.26021  2.49653
0.63  2.57893  0  2.05658  8.14207  0  5.25211  2.58015
0.64  2.66105  0  2.10906  8.28079  0  5.24285  2.66115
0.65  2.74455  0  2.16143  8.42026  0  5.23241  2.7447
0.66  2.82946  0  2.2137  8.56048  0  5.22081  2.82897
0.67  2.91576  0  2.26585  8.70141  0  5.20805  2.91235
0.68  3.00349  0  2.31786  8.84306  0  5.19412  3.00246
0.69  3.09263  0  2.36972  8.98541  0  5.17902  3.09285
0.7  3.1832  0  2.42143  9.12844  0  5.16277  3.18494
0.71  3.2752  0  2.47298  9.27214  0  5.14535  3.27444
0.72  3.36864  0  2.52434  9.41649  0  5.12678  3.36827
0.73  3.46353  0  2.57551  9.56149  0  5.10706  3.46346
0.74  3.55987  0  2.62647  9.70712  0  5.08618  3.55738
0.75  3.65768  0  2.67723  9.85336  0  5.06416  3.65754
0.76  3.75694  0  2.72775  10.0002  0  5.04098  3.75863
0.77  3.85768  0  2.77804  10.1476  0  5.01667  3.85942
0.78  3.9599  0  2.82808  10.2957  0  4.99121  3.96106
0.79  4.0636  0  2.87786  10.4442  0  4.96462  4.06238
0.8  4.16878  0  2.92737  10.5934  0  4.93689  4.16883
0.81  4.27547  0  2.9766  10.743  0  4.90804  4.27579
0.82  4.38365  0  3.02553  10.8932  0  4.87806  4.38427
0.83  4.49333  0  3.07415  11.0439  0  4.84696  4.49113
0.84  4.60453  0  3.12246  11.1952  0  4.81474  4.60435
0.85  4.71724  0  3.17045  11.3469  0  4.7814  4.71676
0.86  4.83147  0  3.21809  11.4991  0  4.74696  4.8331
0.87  4.94722  0  3.26538  11.6517  0  4.71142  4.9467
0.88  5.0645  0  3.31231  11.8048  0  4.67477  5.0649
0.89  5.18332  0  3.35887  11.9584  0  4.63703  5.18388
0.9  5.30367  0  3.40505  12.1124  0  4.5982  5.3036
0.91  5.42557  0  3.45083  12.2668  0  4.55829  5.42567
0.92  5.54901  0  3.49621  12.4217  0  4.51729  5.54913
0.93  5.674  0  3.54118  12.5769  0  4.47522  5.67468
0.94  5.80055  0  3.58571  12.7326  0  4.43208  5.79984
0.95  5.92865  0  3.62981  12.8886  0  4.38787  5.92922
0.96  6.05832  0  3.67347  13.045  0  4.34261  6.05808
0.97  6.18956  0  3.71666  13.2017  0  4.29629  6.18936
0.98  6.32236  0  3.75939  13.3588  0  4.24892  6.3222
0.99  6.45673  0  3.80164  13.5163  0  4.2005  6.4565
1  6.59269  0  3.8434  13.6741  0  4.15106  6.59218
1.01  6.73022  0  3.88466  13.8322  0  4.10057  6.73049
1.02  6.86933  0  3.9254  13.9907  0  4.04907  6.86931
1.03  7.01003  0  3.96563  14.1494  0  3.99654  7.00988
1.04  7.15232  0  4.00533  14.3084  0  3.94299  7.15212
1.05  7.2962  0  4.04449  14.4678  0  3.88844  7.29591
1.06  7.44168  0  4.0831  14.6274  0  3.83288  7.44118
1.07  7.58875  0  4.12114  14.7873  0  3.77633  7.58902
1.08  7.73742  0  4.15862  14.9474  0  3.71878  7.73695
1.09  7.8877  0  4.19552  15.1079  0  3.66025  7.88784
1.1  8.03958  0  4.23182  15.2685  0  3.60074  8.0387
1.11  8.19307  0  4.26753  15.4294  0  3.54025  8.1923
1.12  8.34817  0  4.30262  15.5906  0  3.4788  8.34794
1.13  8.50488  0  4.3371  15.7519  0  3.41638  8.50551
1.14  8.66321  0  4.37095  15.9135  0  3.35301  8.66387
1.15  8.82315  0  4.40416  16.0753  0  3.28869  8.82297
1.16  8.98472  0  4.43672  16.2373  0  3.22342  8.98528
1.17  9.1479  0  4.46862  16.3995  0  3.15722  9.14817
1.18  9.31271  0  4.49986  16.5619  0  3.09008  9.31306
1.19  9.47914  0  4.53042  16.7245  0  3.02202  9.47937
1.2  9.6472  0  4.5603  16.8873  0  2.95304  9.64749
1.21  9.81689  0  4.58948  17.0502  0  2.88314  9.81688
1.22  9.9882  0  4.61796  17.2133  0  2.81233  9.98836
1.23  10.1612  0  4.64572  17.3766  0  2.74063  10.1614
1.24  10.3357  0  4.67277  17.54  0  2.66802  10.3359
1.25  10.512  0  4.69908  17.7036  0  2.59453  10.5118
1.26  10.6898  0  4.72465  17.8673  0  2.52015  10.6895
1.27  10.8693  0  4.74948  18.0311  0  2.4449  10.8692
1.28  11.0504  0  4.77355  18.1951  0  2.36877  11.0497
1.29  11.2332  0  4.79685  18.3592  0  2.29177  11.2334
1.3  11.4176  0  4.81938  18.5234  0  2.21392  11.4176
1.31  11.6037  0  4.84113  18.6877  0  2.13521  11.604
1.32  11.7914  0  4.86208  18.8522  0  2.05565  11.792
1.33  11.9807  0  4.88224  19.0167  0  1.97525  11.9805
1.34  12.1717  0  4.90159  19.1814  0  1.89401  12.1719
1.35  12.3643  0  4.92012  19.3461  0  1.81194  12.3641
1.36  12.5586  0  4.93782  19.5109  0  1.72904  12.5587
1.37  12.7546  0  4.95469  19.6758  0  1.64533  12.7543
1.38  12.9521  0  4.97073  19.8408  0  1.5608  12.9518
1.39  13.1514  0  4.98591  20.0059  0  1.47546  13.1518
1.4  13.3523  0  5.00023  20.171  0  1.38931  13.3522
1.41  13.5548  0  5.01369  20.3363  0  1.30238  13.5549
1.42  13.759  0  5.02628  20.5015  0  1.21465  13.759
1.43  13.9648  0  5.03798  20.6669  0  1.12613  13.9643
1.44  14.1723  0  5.0488  20.8322  0  1.03683  14.172
1.45  14.3815  0  5.05872  20.9977  0  0.94676  14.3814
1.46  14.5923  0  5.06773  21.1632  0  0.855919  14.5924
1.47  14.8047  0  5.07583  21.3287  0  0.764314  14.8051
1.48  15.0189  0  5.08301  21.4943  0  0.67195  15.0192
1.49  15.2346  0  5.08927  21.6599  0  0.578832  15.2348
1.5  15.4521  0  5.09459  21.8255  0  0.484967  15.452
1.51  15.6711  0  5.09896  21.9912  0  0.39036  15.6708
1.52  15.8919  0  5.10239  22.1568  0  0.295015  15.8918
1.53  16.1143  0  5.10486  22.3226  0  0.198938  16.1147
1.54  16.3383  0  5.10637  22.4883  0  0.102135  16.3382
1.55  16.564  0  5.1069  22.654  0  0.00460954  16.5642
1.56  16.7914  0  5.10646  22.8198  0  -0.093632  16.7914
1.57  17.0204  0  5.10503  22.9856  0  -0.192585  17.0206
1.58  17.2511  0  5.1026  23.1513  0  -0.292244  17.2515
1.59  17.4835  0  5.09918  23.3171  0  -0.392604  17.4834
1.6  17.7175  0  5.09475  23.4829  0  -0.493661  17.7175
1.61  17.9531  0  5.0893  23.6486  0  -0.595409  17.953
1.62  18.1904  0  5.08284  23.8144  0  -0.697842  18.1899
1.63  18.4294  0  5.07535  23.9802  0  -0.800958  18.4294
1.64  18.67  0  5.06682  24.1459  0  -0.90475  18.6702
1.65  18.9123  0  5.05725  24.3117  0  -1.00921  18.9127
1.66  19.1563  0  5.04663  24.4774  0  -1.11434  19.1559
1.67  19.4019  0  5.03496  24.6431  0  -1.22014  19.4017
1.68  19.6491  0  5.02223  24.8088  0  -1.32659  19.6489
1.69  19.898  0  5.00843  24.9744  0  -1.43369  19.8977
1.7  20.1486  0  4.99355  25.1401  0  -1.54144  20.1487
1.71  20.4008  0  4.97759  25.3057  0  -1.64983  20.4011
1.72  20.6547  0  4.96055  25.4713  0  -1.75886  20.6546
1.73  20.9103  0  4.94242  25.6368  0  -1.86853  20.9101
1.74  21.1675  0  4.92318  25.8023  0  -1.97883  21.1675
1.75  21.4263  0  4.90284  25.9678  0  -2.08975  21.426
1.76  21.6868  0  4.88138  26.1332  0  -2.20129  21.6867
1.77  21.949  0  4.85881  26.2986  0  -2.31345  21.9491
1.78  22.2128  0  4.83511  26.464  0  -2.42622  22.2124
1.79  22.4783  0  4.81028  26.6293  0  -2.5396  22.4784
1.8  22.7454  0  4.78432  26.7946  0  -2.65358  22.7452
1.81  23.0142  0  4.75721  26.9598  0  -2.76817  23.0143
1.82  23.2846  0  4.72895  27.1249  0  -2.88334  23.2843
1.83  23.5567  0  4.69954  27.2901  0  -2.99911  23.5564
1.84  23.8304  0  4.66897  27.4551  0  -3.11546  23.8305
1.85  24.1058  0  4.63723  27.6201  0  -3.2324  24.1056
1.86  24.3828  0  4.60432  27.7851  0  -3.34991  24.3826
1.87  24.6615  0  4.57023  27.95  0  -3.468  24.6615
1.88  24.9418  0  4.53496  28.1148  0  -3.58666  24.9417
1.89  25.2238  0  4.49849  28.2796  0  -3.70589  25.2241
1.9  25.5074  0  4.46084  28.4443  0  -3.82568  25.5077
1.91  25.7926  0  4.42198  28.609  0  -3.94602  25.7924
1.92  26.0796  0  4.38191  28.7736  0  -4.06692  26.0792
1.93  26.3681  0  4.34064  28.9381  0  -4.18837  26.3679
1.94  26.6583  0  4.29814  29.1025  0  -4.31037  26.6585
1.95  26.9502  0  4.25443  29.2669  0  -4.43291  26.9501
1.96  27.2437  0  4.20948  29.4312  0  -4.55599  27.2433
1.97  27.5388  0  4.16331  29.5955  0  -4.67961  27.5386
1.98  27.8356  0  4.11589  29.7597  0  -4.80376  27.8355
1.99  28.134  0  4.06723  29.9237  0  -4.92843  28.1339
2  28.434  0  4.01732  30.0878  0  -5.05363  28.4338
2.01  28.7357  0  3.96616  30.2517  0  -5.17935  28.7359
2.02  29.0391  0  3.91373  30.4156  0  -5.30559  29.0391
2.03  29.344  0  3.86004  30.5794  0  -5.43235  29.3442
2.04  29.6507  0  3.80508  30.7431  0  -5.55961  29.6508
2.05  29.9589  0  3.74885  30.9067  0  -5.68738  29.9588
2.06  30.2688  0  3.69133  31.0703  0  -5.81565  30.2691
2.07  30.5803  0  3.63253  31.2338  0  -5.94443  30.5803
2.08  30.8935  0  3.57244  31.3971  0  -6.07369  30.8935
2.09  31.2083  0  3.51106  31.5604  0  -6.20346  31.2082
2.1  31.5247  0  3.44837  31.7237  0  -6.33371  31.5247
2.11  31.8427  0  3.38438  31.8868  0  -6.46445  31.8426
2.12  32.1624  0  3.31908  32.0498  0  -6.59567  32.1624
2.13  32.4837  0  3.25247  32.2128  0  -6.72737  32.4836
2.14  32.8067  0  3.18453  32.3756  0  -6.85955  32.8067
2.15  33.1312  0  3.11527  32.5384  0  -6.9922  33.1311
2.16  33.4574  0  3.04469  32.7011  0  -7.12532  33.4573
2.17  33.7853  0  2.97277  32.8637  0  -7.25891  33.7853
2.18  34.1147  0  2.89951  33.0262  0  -7.39296  34.1147
2.19  34.4458  0  2.82491  33.1886  0  -7.52748  34.4458
2.2  34.7785  0  2.74896  33.3509  0  -7.66245  34.7783
2.21  35.1128  0  2.67166  33.5131  0  -7.79787  35.1128
2.22  35.4487  0  2.593  33.6753  0  -7.93375  35.4487
2.23  35.7863  0  2.51298  33.8373  0  -8.07008  35.7862
2.24  36.1255  0  2.43159  33.9992  0  -8.20685  36.1254
2.25  36.4663  0  2.34884  34.161  0  -8.34406  36.4663
2.26  36.8087  0  2.26471  34.3228  0  -8.48172  36.8089
2.27  37.1527  0  2.1792  34.4844  0  -8.61981  37.1529
2.28  37.4984  0  2.09231  34.6459  0  -8.75833  37.4985
2.29  37.8457  0  2.00404  34.8074  0  -8.89729  37.8457
2.3  38.1945  0  1.91437  34.9687  0  -9.03668  38.1946
2.31  38.545  0  1.8233  35.13  0  -9.17649  38.545
2.32  38.8971  0  1.73084  35.2911  0  -9.31672  38.8969
2.33  39.2509  0  1.63697  35.4521  0  -9.45738  39.2508
2.34  39.6062  0  1.54169  35.6131  0  -9.59845  39.606
2.35  39.9631  0  1.445  35.7739  0  -9.73993  39.9633
2.36  40.3217  0  1.34689  35.9346  0  -9.88183  40.3217
2.37  40.6818  0  1.24736  36.0953  0  -10.0241  40.6817
2.38  41.0436  0  1.1464  36.2558  0  -10.1669  41.0438
2.39  41.4069  0  1.04402  36.4162  0  -10.31  41.4068
2.4  41.7719  0  0.940202  36.5765  0  -10.4535  41.7718
2.41  42.1385  0  0.834948  36.7367  0  -10.5974  42.1385
2.42  42.5066  0  0.728252  36.8968  0  -10.7417  42.5066
2.43  42.8764  0  0.620112  37.0567  0  -10.8864  42.8763
2.44  43.2478  0  0.510523  37.2166  0  -11.0315  43.2479
2.45  43.6207  0  0.399481  37.3764  0  -11.177  43.6209
2.46  43.9953  0  0.286982  37.536  0  -11.3229  43.9952
2.47  44.3714  0  0.173022  37.6956  0  -11.4691  44.3715
2.48  44.7492  0  0.0575981  37.855  0  -11.6157  44.7491
2.49  45.1285  0  -0.0592941  38.0143  0  -11.7628  45.1285
