# t  x  y  z  vx  vy  vz  downrange
0  0  0  0  0  0  0  0
0  0.000280203  0  0.000769853  0.0560414  0  0.153972  0
0.01  0.00112084  0  0.00307949  0.112087  0  0.307956  0
0.02  0.00252196  0  0.00692902  0.168137  0  0.461952  0
0.03  0.00448359  0  0.0123186  0.224191  0  0.615958  0
0.04  0.00700578  0  0.0192482  0.280249  0  0.769977  0
0.05  0.0100886  0  0.0277181  0.336311  0  0.924006  0
0.06  0.013732  0  0.0377284  0.392377  0  1.07805  0
0.07  0.0179361  0  0.0492791  0.448448  0  1.2321  0
0.08  0.022701  0  0.0623704  0.504522  0  1.38616  0
0.09  0.0280266  0  0.0770024  0.560601  0  1.54024  0
0.1  0.033913  0  0.0931752  0.616684  0  1.69432  0
0.11  0.0403603  0  0.110889  0.672771  0  1.84842  0
0.12  0.0473684  0  0.130144  0.728862  0  2.00253  0
0.13  0.0549375  0  0.15094  0.784957  0  2.15665  0
0.14  0.0630676  0  0.173277  0.841057  0  2.31079  0.134408
0.15  0.0717587  0  0.197155  0.897161  0  2.46493  0
0.16  0.0810108  0  0.222575  0.953268  0  2.61908  0
0.17  0.0908241  0  0.249537  1.00938  0  2.77325  0.134408
0.18  0.101198  0  0.27804  1.0655  0  2.92743  0.134408
0.19  0.112134  0  0.308086  1.12162  0  3.08162  0.134408
0.2  0.123631  0  0.339673  1.17774  0  3.23582  0.134408
0.21  0.135689  0  0.372802  1.23387  0  3.39003  0.134408
0.22  0.148308  0  0.407473  1.29  0  3.54425  0.164616
0.23  0.161489  0  0.443687  1.34614  0  3.69848  0.164616
0.24  0.175231  0  0.481443  1.40228  0  3.85273  0.164616
0.25  0.189534  0  0.520742  1.45842  0  4.00699  0.164616
0.26  0.204399  0  0.561583  1.51457  0  4.16126  0.164616
0.27  0.219826  0  0.603967  1.57073  0  4.31554  0.212518
0.28  0.235814  0  0.647894  1.62688  0  4.46983  0.212518
0.29  0.252364  0  0.693363  1.68305  0  4.62413  0.251455
0.3  0.269475  0  0.740376  1.73921  0  4.77844  0.285123
0.31  0.287148  0  0.788932  1.79538  0  4.93277  0.300546
0.32  0.305383  0  0.839032  1.85155  0  5.0871  0.300546
0.33  0.324179  0  0.890674  1.90773  0  5.24145  0.329232
0.34  0.343537  0  0.943861  1.96391  0  5.39581  0.329232
0.35  0.363457  0  0.998591  2.0201  0  5.55018  0.380164
0.36  0.383939  0  1.05486  2.07629  0  5.70456  0.391864
0.37  0.404983  0  1.11268  2.13249  0  5.85895  0.414275
0.38  0.426589  0  1.17204  2.18868  0  6.01336  0.435533
0.39  0.448757  0  1.23295  2.24489  0  6.16778  0.445782
0.4  0.471487  0  1.2954  2.30109  0  6.3222  0.465604
0.41  0.494779  0  1.35939  2.3573  0  6.47664  0.484616
0.42  0.518633  0  1.42493  2.41352  0  6.63109  0.511812
0.43  0.543049  0  1.49202  2.46974  0  6.78555  0.54597
0.44  0.568028  0  1.56064  2.52596  0  6.94002  0.570247
0.45  0.593568  0  1.63082  2.58219  0  7.09451  0.585873
0.46  0.619671  0  1.70253  2.63842  0  7.249  0.615937
0.47  0.646337  0  1.7758  2.69466  0  7.40351  0.651569
0.48  0.673565  0  1.8506  2.7509  0  7.55803  0.672042
0.49  0.701355  0  1.92696  2.80714  0  7.69624  0.704844
0.5  0.729709  0  2.0042  2.86381  0  7.75271  0.730025
0.51  0.758633  0  2.08201  2.92112  0  7.80895  0.748354
0.52  0.788133  0  2.16038  2.97907  0  7.86497  0.789471
0.53  0.818217  0  2.23931  3.03765  0  7.92077  0.817574
0.54  0.848889  0  2.31879  3.09687  0  7.97633  0.85537
0.55  0.880156  0  2.39883  3.15674  0  8.03165  0.881375
0.56  0.912025  0  2.47943  3.21724  0  8.08674  0.911602
0.57  0.944503  0  2.56057  3.27838  0  8.14158  0.945647
0.58  0.977595  0  2.64226  3.34017  0  8.19618  0.978508
0.59  1.01131  0  2.72449  3.40259  0  8.25053  1.00582
0.6  1.04565  0  2.80727  3.46566  0  8.30463  1.04545
0.61  1.08062  0  2.89058  3.52937  0  8.35848  1.07527
0.62  1.11624  0  2.97444  3.59372  0  8.41207  1.11648
0.63  1.1525  0  3.05882  3.65871  0  8.4654  1.15231
0.64  1.18942  0  3.14374  3.72434  0  8.51846  1.18706
0.65  1.22699  0  3.22919  3.79061  0  8.57126  1.23187
0.66  1.26523  0  3.31517  3.85753  0  8.62379  1.26801
0.67  1.30414  0  3.40167  3.92508  0  8.67604  1.3066
0.68  1.34373  0  3.48869  3.99328  0  8.72802  1.34072
0.69  1.38401  0  3.57623  4.06212  0  8.77972  1.38708
0.7  1.42498  0  3.66428  4.1316  0  8.83114  1.42562
0.71  1.46664  0  3.75285  4.20172  0  8.88227  1.46314
0.72  1.50901  0  3.84192  4.27247  0  8.93311  1.51172
0.73  1.5521  0  3.93151  4.34387  0  8.98366  1.55007
0.74  1.59589  0  4.0216  4.41591  0  9.03391  1.59601
0.75  1.64042  0  4.11219  4.48858  0  9.08387  1.64341
0.76  1.68567  0  4.20327  4.5619  0  9.13352  1.68681
0.77  1.73166  0  4.29486  4.63585  0  9.18287  1.73694
0.78  1.77839  0  4.38693  4.71043  0  9.23191  1.78059
0.79  1.82587  0  4.47949  4.78566  0  9.28064  1.82073
0.8  1.8741  0  4.57254  4.86151  0  9.32906  1.8745
0.81  1.9231  0  4.66607  4.93801  0  9.37716  1.91974
0.82  1.97286  0  4.76008  5.01513  0  9.42494  1.97539
0.83  2.0234  0  4.85457  5.09289  0  9.4724  2.01837
0.84  2.07472  0  4.94953  5.17128  0  9.51953  2.07355
0.85  2.12683  0  5.04496  5.25031  0  9.56634  2.12943
0.86  2.17973  0  5.14086  5.32996  0  9.61281  2.17974
0.87  2.23343  0  5.23722  5.41024  0  9.65895  2.237
0.88  2.28794  0  5.33403  5.49115  0  9.70475  2.28692
0.89  2.34326  0  5.43131  5.57268  0  9.75021  2.34156
0.9  2.3994  0  5.52904  5.65485  0  9.79533  2.40061
0.91  2.45636  0  5.62721  5.73763  0  9.8401  2.45824
0.92  2.51415  0  5.72584  5.82104  0  9.88452  2.51635
0.93  2.57278  0  5.8249  5.90508  0  9.92859  2.57314
0.94  2.63225  0  5.92441  5.98973  0  9.97231  2.63042
0.95  2.69258  0  6.02435  6.075  0  10.0157  2.6932
0.96  2.75376  0  6.12472  6.16089  0  10.0587  2.75291
0.97  2.8158  0  6.22552  6.2474  0  10.1013  2.81456
0.98  2.87871  0  6.32675  6.33452  0  10.1436  2.88117
0.99  2.94249  0  6.42839  6.42226  0  10.1855  2.94167
1  3.00715  0  6.53045  6.51061  0  10.227  3.00546
1.01  3.0727  0  6.63293  6.59957  0  10.2681  3.07528
1.02  3.13915  0  6.73582  6.68913  0  10.3089  3.14067
1.03  3.20649  0  6.83911  6.77931  0  10.3493  3.20332
1.04  3.27473  0  6.9428  6.87009  0  10.3893  3.27582
1.05  3.34389  0  7.04689  6.96148  0  10.429  3.34539
1.06  3.41397  0  7.15138  7.05347  0  10.4682  3.41355
1.07  3.48496  0  7.25626  7.14606  0  10.5071  3.48426
1.08  3.55689  0  7.36152  7.23925  0  10.5455  3.55738
1.09  3.62975  0  7.46716  7.33303  0  10.5836  3.62903
1.1  3.70355  0  7.57319  7.42741  0  10.6213  3.70416
1.11  3.7783  0  7.67959  7.52239  0  10.6586  3.77661
1.12  3.854  0  7.78636  7.61795  0  10.6954  3.85239
1.13  3.93066  0  7.8935  7.71411  0  10.7319  3.929
1.14  4.00829  0  8.001  7.81085  0  10.768  4.00753
1.15  4.08688  0  8.10885  7.90818  0  10.8036  4.08677
1.16  4.16645  0  8.21707  8.00609  0  10.8388  4.16666
1.17  4.247  0  8.32563  8.10458  0  10.8737  4.24824
1.18  4.32854  0  8.43454  8.20366  0  10.9081  4.32828
1.19  4.41108  0  8.54379  8.30331  0  10.9421  4.412
1.2  4.49461  0  8.65338  8.40353  0  10.9756  4.49515
1.21  4.57915  0  8.7633  8.50433  0  11.0088  4.57877
1.22  4.6647  0  8.87355  8.6057  0  11.0415  4.6638
1.23  4.75127  0  8.98413  8.70764  0  11.0738  4.75205
1.24  4.83886  0  9.09503  8.81014  0  11.1057  4.83777
1.25  4.92747  0  9.20624  8.91321  0  11.1371  4.92749
1.26  5.01712  0  9.31777  9.01684  0  11.1681  5.01741
1.27  5.10781  0  9.4296  9.12103  0  11.1987  5.1084
1.28  5.19954  0  9.54174  9.22577  0  11.2288  5.20041
1.29  5.29233  0  9.65418  9.33108  0  11.2585  5.29337
1.3  5.38617  0  9.76691  9.43693  0  11.2877  5.38557
1.31  5.48107  0  9.87993  9.54333  0  11.3165  5.48034
1.32  5.57704  0  9.99324  9.65029  0  11.3449  5.57754
1.33  5.67408  0  10.1068  9.75778  0  11.3728  5.67309
1.34  5.77219  0  10.2207  9.86582  0  11.4003  5.77331
1.35  5.87139  0  10.3348  9.9744  0  11.4273  5.87105
1.36  5.97168  0  10.4492  10.0835  0  11.4538  5.97248
1.37  6.07307  0  10.5639  10.1932  0  11.4799  6.07371
1.38  6.17555  0  10.6788  10.3034  0  11.5056  6.17694
1.39  6.27914  0  10.794  10.4141  0  11.5308  6.27991
1.4  6.38383  0  10.9094  10.5253  0  11.5555  6.38334
1.41  6.48964  0  11.0251  10.6371  0  11.5798  6.49069
1.42  6.59657  0  11.141  10.7494  0  11.6036  6.59629
1.43  6.70463  0  11.2572  10.8622  0  11.6269  6.70495
1.44  6.81382  0  11.3736  10.9755  0  11.6498  6.81319
1.45  6.92414  0  11.4902  11.0893  0  11.6722  6.92497
1.46  7.03561  0  11.607  11.2037  0  11.6942  7.03433
1.47  7.14822  0  11.7241  11.3186  0  11.7156  7.1477
1.48  7.26198  0  11.8413  11.4339  0  11.7366  7.26179
1.49  7.3769  0  11.9588  11.5498  0  11.7572  7.37717
1.5  7.49298  0  12.0765  11.6662  0  11.7772  7.4938
1.51  7.61022  0  12.1943  11.783  0  11.7968  7.60982
1.52  7.72864  0  12.3124  11.9004  0  11.8159  7.72878
1.53  7.84823  0  12.4307  12.0183  0  11.8345  7.84823
1.54  7.96901  0  12.5491  12.1366  0  11.8526  7.96986
1.55  8.09097  0  12.6677  12.2554  0  11.8703  8.09023
1.56  8.21412  0  12.7865  12.3748  0  11.8875  8.21377
1.57  8.33847  0  12.9055  12.4946  0  11.9042  8.33874
1.58  8.46401  0  13.0246  12.6149  0  11.9204  8.46293
1.59  8.59076  0  13.1439  12.7356  0  11.9361  8.59058
1.6  8.71873  0  13.2633  12.8568  0  11.9513  8.71792
1.61  8.8479  0  13.3829  12.9785  0  11.9661  8.8475
1.62  8.9783  0  13.5026  13.1007  0  11.9804  8.97824
1.63  9.10992  0  13.6225  13.2234  0  11.9941  9.11057
1.64  9.24277  0  13.7425  13.3464  0  12.0074  9.24247
1.65  9.37685  0  13.8626  13.47  0  12.0202  9.37685
1.66  9.51217  0  13.9829  13.594  0  12.0325  9.51218
1.67  9.64873  0  14.1033  13.7185  0  12.0443  9.64936
1.68  9.78654  0  14.2238  13.8434  0  12.0556  9.78693
1.69  9.9256  0  14.3444  13.9688  0  12.0664  9.92486
1.7  10.0659  0  14.4651  14.0946  0  12.0767  10.0654
1.71  10.2075  0  14.5859  14.2208  0  12.0866  10.2071
1.72  10.3503  0  14.7068  14.3475  0  12.0959  10.3503
1.73  10.4944  0  14.8278  14.4746  0  12.1047  10.4946
1.74  10.6398  0  14.9489  14.6022  0  12.113  10.6395
1.75  10.7865  0  15.0701  14.7302  0  12.1209  10.7871
1.76  10.9344  0  15.1914  14.8586  0  12.1282  10.9343
1.77  11.0837  0  15.3127  14.9874  0  12.135  11.0836
1.78  11.2342  0  15.4341  15.1167  0  12.1414  11.2342
1.79  11.386  0  15.5555  15.2464  0  12.1472  11.3859
1.8  11.5391  0  15.677  15.3765  0  12.1525  11.5392
1.81  11.6935  0  15.7985  15.507  0  12.1573  11.6931
1.82  11.8493  0  15.9201  15.6379  0  12.1616  11.8493
1.83  12.0063  0  16.0418  15.7693  0  12.1654  12.0057
1.84  12.1646  0  16.1634  15.901  0  12.1687  12.1641
1.85  12.3243  0  16.2851  16.0332  0  12.1715  12.3242
1.86  12.4853  0  16.4069  16.1657  0  12.1738  12.4848
1.87  12.6476  0  16.5286  16.2986  0  12.1756  12.648
1.88  12.8113  0  16.6504  16.432  0  12.1769  12.8112
1.89  12.9763  0  16.7722  16.5657  0  12.1777  12.9765
1.9  13.1426  0  16.8939  16.6998  0  12.178  13.1422
1.91  13.3103  0  17.0157  16.8343  0  12.1777  13.3098
1.92  13.4793  0  17.1375  16.9692  0  12.177  13.4791
1.93  13.6496  0  17.2593  17.1044  0  12.1757  13.6489
1.94  13.8214  0  17.381  17.24  0  12.174  13.8219
1.95  13.9945  0  17.5027  17.376  0  12.1717  13.9943
1.96  14.1689  0  17.6244  17.5124  0  12.169  14.1685
1.97  14.3447  0  17.7461  17.6492  0  12.1657  14.344
1.98  14.5219  0  17.8677  17.7863  0  12.1619  14.5214
1.99  14.7004  0  17.9893  17.9238  0  12.1576  14.7001
2  14.8804  0  18.1109  18.0616  0  12.1528  14.8802
2.01  15.0617  0  18.2324  18.1998  0  12.1475  15.0612
2.02  15.2444  0  18.3538  18.3383  0  12.1417  15.2442
2.03  15.4284  0  18.4752  18.4772  0  12.1353  15.4283
2.04  15.6139  0  18.5966  18.6165  0  12.1285  15.614
2.05  15.8008  0  18.7178  18.756  0  12.1212  15.8006
2.06  15.989  0  18.839  18.896  0  12.1133  15.9887
2.07  16.1787  0  18.9601  19.0362  0  12.1049  16.1788
2.08  16.3697  0  19.0811  19.1769  0  12.0961  16.3697
2.09  16.5622  0  19.202  19.3178  0  12.0867  16.5623
2.1  16.7561  0  19.3228  19.4591  0  12.0768  16.7561
2.11  16.9514  0  19.4435  19.6007  0  12.0664  16.9517
2.12  17.1481  0  19.5641  19.7426  0  12.0555  17.1477
2.13  17.3463  0  19.6846  19.8849  0  12.0441  17.3457
2.14  17.5458  0  19.805  20.0275  0  12.0322  17.5456
2.15  17.7468  0  19.9253  20.1704  0  12.0198  17.747
2.16  17.9492  0  20.0454  20.3136  0  12.0069  17.9492
2.17  18.1531  0  20.1654  20.4571  0  11.9935  18.1528
2.18  18.3584  0  20.2853  20.6009  0  11.9796  18.3584
2.19  18.5651  0  20.405  20.7451  0  11.9651  18.5654
2.2  18.7733  0  20.5246  20.8895  0  11.9502  18.7732
2.21  18.9829  0  20.644  21.0343  0  11.9347  18.983
2.22  19.194  0  20.7633  21.1794  0  11.9188  19.1934
2.23  19.4065  0  20.8824  21.3247  0  11.9023  19.4061
2.24  19.6205  0  21.0013  21.4704  0  11.8854  19.6202
2.25  19.8359  0  21.1201  21.6163  0  11.8679  19.8356
2.26  20.0528  0  21.2387  21.7625  0  11.8499  20.0525
2.27  20.2711  0  21.3571  21.9091  0  11.8315  20.2712
2.28  20.491  0  21.4753  22.0559  0  11.8125  20.4912
2.29  20.7123  0  21.5933  22.203  0  11.793  20.7122
2.3  20.935  0  21.7112  22.3503  0  11.7731  20.9347
2.31  21.1593  0  21.8288  22.498  0  11.7526  21.159
2.32  21.385  0  21.9462  22.6459  0  11.7317  21.3851
2.33  21.6122  0  22.0634  22.7941  0  11.7102  21.612
2.34  21.8409  0  22.1804  22.9426  0  11.6882  21.8411
2.35  22.071  0  22.2972  23.0913  0  11.6658  22.0712
2.36  22.3027  0  22.4137  23.2403  0  11.6428  22.3025
2.37  22.5358  0  22.53  23.3895  0  11.6193  22.5358
2.38  22.7705  0  22.6461  23.5391  0  11.5954  22.7702
2.39  23.0066  0  22.7619  23.6888  0  11.5709  23.0068
2.4  23.2443  0  22.8775  23.8389  0  11.546  23.2443
2.41  23.4834  0  22.9929  23.9892  0  11.5206  23.4834
2.42  23.724  0  23.1079  24.1397  0  11.4946  23.7236
2.43  23.9662  0  23.2228  24.2905  0  11.4682  23.9658
2.44  24.2099  0  23.3373  24.4415  0  11.4413  24.2099
2.45  24.455  0  23.4516  24.5928  0  11.4139  24.4549
2.46  24.7017  0  23.5656  24.7443  0  11.386  24.7015
2.47  24.9499  0  23.6793  24.8961  0  11.3576  24.9499
2.48  25.1996  0  23.7927  25.0481  0  11.3287  25.1995
2.49  25.4509  0  23.9059  25.2003  0  11.2994  25.4506
2.5  25.7036  0  24.0187  25.3528  0  11.2695  25.7038
2.51  25.9579  0  24.1313  25.5055  0  11.2392  25.9579
2.52  26.2138  0  24.2435  25.6584  0  11.2084  26.2136
2.53  26.4711  0  24.3554  25.8115  0  11.1771  26.4711
2.54  26.73  0  24.467  25.9649  0  11.1453  26.7297
2.55  26.9904  0  24.5783  26.1185  0  11.113  26.9903
2.56  27.2524  0  24.6893  26.2723  0  11.0802  27.2523
2.57  27.5158  0  24.7999  26.4263  0  11.047  27.5158
2.58  27.7809  0  24.9102  26.5806  0  11.0133  27.7806
2.59  28.0475  0  25.0202  26.735  0  10.979  28.0473
2.6  28.3156  0  25.1298  26.8897  0  10.9444  28.3154
2.61  28.5853  0  25.2391  27.0446  0  10.9092  28.5851
2.62  28.8565  0  25.348  27.1997  0  10.8736  28.8562
2.63  29.1292  0  25.4565  27.3549  0  10.8374  29.1293
2.64  29.4036  0  25.5647  27.5104  0  10.8009  29.4034
2.65  29.6795  0  25.6726  27.6661  0  10.7638  29.6795
2.66  29.9569  0  25.78  27.822  0  10.7262  29.9566
2.67  30.2359  0  25.8871  27.9781  0  10.6882  30.2358
2.68  30.5165  0  25.9938  28.1344  0  10.6497  30.5163
2.69  30.7986  0  26.1001  28.2908  0  10.6108  30.7984
2.7  31.0823  0  26.206  28.4475  0  10.5713  31.0819
2.71  31.3675  0  26.3115  28.6043  0  10.5314  31.3674
2.72  31.6544  0  26.4166  28.7614  0  10.4911  31.6543
2.73  31.9428  0  26.5213  28.9186  0  10.4502  31.9427
2.74  32.2327  0  26.6256  29.076  0  10.4089  32.2325
2.75  32.5243  0  26.7295  29.2336  0  10.3672  32.5242
2.76  32.8174  0  26.833  29.3913  0  10.3249  32.8174
2.77  33.1121  0  26.936  29.5492  0  10.2822  33.112
2.78  33.4084  0  27.0386  29.7074  0  10.2391  33.4081
2.79  33.7063  0  27.1408  29.8656  0  10.1954  33.7061
2.8  34.0057  0  27.2425  30.0241  0  10.1513  34.0055
2.81  34.3067  0  27.3438  30.1827  0  10.1068  34.3067
2.82  34.6094  0  27.4446  30.3415  0  10.0618  34.6089
2.83  34.9136  0  27.545  30.5004  0  10.0163  34.9135
2.84  35.2194  0  27.645  30.6596  0  9.97042  35.2191
2.85  35.5268  0  27.7444  30.8188  0  9.92405  35.5266
2.86  35.8357  0  27.8435  30.9783  0  9.87722  35.8355
2.87  36.1463  0  27.942  31.1379  0  9.82994  36.1461
2.88  36.4585  0  28.04  31.2976  0  9.7822  36.4581
2.89  36.7723  0  28.1376  31.4575  0  9.73401  36.7721
2.9  37.0877  0  28.2347  31.6176  0  9.68537  37.0875
2.91  37.4046  0  28.3313  31.7778  0  9.63629  37.4046
2.92  37.7232  0  28.4275  31.9382  0  9.58675  37.7231
2.93  38.0434  0  28.5231  32.0987  0  9.53676  38.043
2.94  38.3652  0  28.6182  32.2593  0  9.48633  38.3649
2.95  38.6886  0  28.7128  32.4201  0  9.43546  38.6886
2.96  39.0136  0  28.8069  32.581  0  9.38414  39.0135
2.97  39.3402  0  28.9005  32.7421  0  9.33237  39.34
2.98  39.6684  0  28.9935  32.9033  0  9.28017  39.6682
2.99  39.9983  0  29.0861  33.0647  0  9.22752  39.9982
3  40.3297  0  29.1781  33.2262  0  9.17443  40.3294
3.01  40.6628  0  29.2696  33.3878  0  9.12091  40.6626
3.02  40.9975  0  29.3605  33.5496  0  9.06694  40.9974
3.03  41.3338  0  29.4509  33.7115  0  9.01254  41.3335
3.04  41.6717  0  29.5408  33.8735  0  8.95771  41.6714
3.05  42.0113  0  29.6301  34.0357  0  8.90243  42.0111
3.06  42.3524  0  29.7188  34.1979  0  8.84673  42.3524
3.07  42.6952  0  29.807  34.3603  0  8.79059  42.695
3.08  43.0396  0  29.8946  34.5229  0  8.73402  43.0393
3.09  43.3857  0  29.9817  34.6855  0  8.67703  43.3855
3.1  43.7333  0  30.0681  34.8483  0  8.6196  43.7332
3.11  44.0826  0  30.1541  35.0112  0  8.56174  44.0824
3.12  44.4336  0  30.2394  35.1742  0  8.50346  44.4333
3.13  44.7861  0  30.3241  35.3373  0  8.44475  44.7858
3.14  45.1403  0  30.4083  35.5005  0  8.38561  45.1399
3.15  45.4961  0  30.4918  35.6638  0  8.32605  45.4959
3.16  45.8536  0  30.5748  35.8273  0  8.26607  45.8533
3.17  46.2127  0  30.6572  35.9909  0  8.20567  46.2124
3.18  46.5734  0  30.7389  36.1546  0  8.14485  46.5732
3.19  46.9358  0  30.8201  36.3183  0  8.08361  46.9355
3.2  47.2998  0  30.9006  36.4822  0  8.02195  47.2994
3.21  47.6654  0  30.9805  36.6462  0  7.95987  47.6651
3.22  48.0327  0  31.0598  36.8103  0  7.89738  48.0326
3.23  48.4016  0  31.1384  36.9745  0  7.83447  48.4015
3.24  48.7722  0  31.2165  37.1388  0  7.77115  48.7718
3.25  49.1444  0  31.2939  37.3032  0  7.70742  49.1442
3.26  49.5183  0  31.3706  37.4677  0  7.64328  49.5181
3.27  49.8938  0  31.4467  37.6323  0  7.57872  49.8935
3.28  50.2709  0  31.5222  37.797  0  7.51376  50.2705
3.29  50.6497  0  31.597  37.9618  0  7.44839  50.6494
3.3  51.0301  0  31.6711  38.1267  0  7.38261  51.0299
3.31  51.4122  0  31.7446  38.2917  0  7.31642  51.4121
3.32  51.796  0  31.8175  38.4567  0  7.24983  51.7957
3.33  52.1814  0  31.8896  38.6219  0  7.18284  52.1812
3.34  52.5684  0  31.9611  38.7871  0  7.11545  52.5681
3.35  52.9571  0  32.0319  38.9524  0  7.04765  52.9568
3.36  53.3475  0  32.1021  39.1178  0  6.97945  53.3472
3.37  53.7395  0  32.1715  39.2833  0  6.91086  53.7392
3.38  54.1331  0  32.2403  39.4489  0  6.84186  54.133
3.39  54.5284  0  32.3084  39.6146  0  6.77247  54.5283
3.4  54.9254  0  32.3757  39.7803  0  6.70268  54.9252
3.41  55.3241  0  32.4424  39.9461  0  6.6325  55.3238
3.42  55.7243  0  32.5084  40.112  0  6.56193  55.7241
3.43  56.1263  0  32.5737  40.278  0  6.49096  56.1261
3.44  56.5299  0  32.6382  40.444  0  6.4196  56.5296
3.45  56.9352  0  32.7021  40.6102  0  6.34785  56.935
3.46  57.3421  0  32.7652  40.7764  0  6.27571  57.3419
3.47  57.7507  0  32.8276  40.9426  0  6.20319  57.7503
3.48  58.161  0  32.8892  41.109  0  6.13027  58.1607
3.49  58.5729  0  32.9502  41.2754  0  6.05697  58.5725
3.5  58.9865  0  33.0104  41.4419  0  5.98329  58.9862
3.51  59.4017  0  33.0698  41.6084  0  5.90922  59.4014
3.52  59.8186  0  33.1286  41.775  0  5.83477  59.8183
3.53  60.2372  0  33.1865  41.9417  0  5.75994  60.2369
3.54  60.6575  0  33.2438  42.1085  0  5.68473  60.6571
3.55  61.0794  0  33.3002  42.2753  0  5.60914  61.079
3.56  61.503  0  33.3559  42.4422  0  5.53317  61.5026
3.57  61.9282  0  33.4109  42.6091  0  5.45683  61.9281
3.58  62.3552  0  33.4651  42.7761  0  5.38011  62.3548
3.59  62.7838  0  33.5185  42.9432  0  5.30301  62.7833
3.6  63.214  0  33.5711  43.1103  0  5.22554  63.2136
3.61  63.646  0  33.623  43.2775  0  5.1477  63.6456
3.62  64.0796  0  33.6741  43.4447  0  5.06948  64.0791
3.63  64.5149  0  33.7244  43.612  0  4.9909  64.5145
3.64  64.9518  0  33.7739  43.7794  0  4.91195  64.9515
3.65  65.3904  0  33.8226  43.9468  0  4.83263  65.3901
3.66  65.8307  0  33.8705  44.1142  0  4.75294  65.8305
3.67  66.2727  0  33.9177  44.2817  0  4.67288  66.2725
3.68  66.7164  0  33.964  44.4493  0  4.59246  66.716
3.69  67.1617  0  34.0095  44.6169  0  4.51168  67.1614
3.7  67.6087  0  34.0542  44.7845  0  4.43053  67.6084
3.71  68.0574  0  34.0981  44.9523  0  4.34902  68.0571
3.72  68.5078  0  34.1412  45.12  0  4.26715  68.5074
3.73  68.9598  0  34.1835  45.2878  0  4.18492  68.9594
3.74  69.4135  0  34.2249  45.4557  0  4.10233  69.4131
3.75  69.8689  0  34.2655  45.6235  0  4.01939  69.8685
3.76  70.326  0  34.3053  45.7915  0  3.93609  70.3256
3.77  70.7847  0  34.3442  45.9595  0  3.85243  70.7844
3.78  71.2452  0  34.3823  46.1275  0  3.76842  71.2449
3.79  71.7073  0  34.4196  46.2955  0  3.68405  71.707
3.8  72.1711  0  34.456  46.4637  0  3.59933  72.1706
3.81  72.6366  0  34.4916  46.6318  0  3.51427  72.6361
3.82  73.1037  0  34.5263  46.8  0  3.42885  73.1033
3.83  73.5726  0  34.5602  46.9682  0  3.34308  73.5721
3.84  74.0431  0  34.5932  47.1365  0  3.25696  74.0427
3.85  74.5153  0  34.6253  47.3048  0  3.1705  74.5149
3.86  74.9892  0  34.6566  47.4731  0  3.08369  74.9887
3.87  75.4648  0  34.687  47.6415  0  2.99654  75.4643
3.88  75.942  0  34.7165  47.8099  0  2.90904  75.9416
3.89  76.421  0  34.7452  47.9783  0  2.8212  76.4205
3.9  76.9016  0  34.7729  48.1468  0  2.73302  76.9012
3.91  77.3839  0  34.7998  48.3153  0  2.6445  77.3835
3.92  77.8679  0  34.8258  48.4838  0  2.55563  77.8674
3.93  78.3536  0  34.8509  48.6524  0  2.46643  78.3531
3.94  78.8409  0  34.8751  48.821  0  2.37689  78.8405
3.95  79.33  0  34.8985  48.9896  0  2.28702  79.3296
3.96  79.8207  0  34.9209  49.1583  0  2.1968  79.8203
3.97  80.3132  0  34.9424  49.3269  0  2.10626  80.3128
3.98  80.8073  0  34.963  49.4957  0  2.01538  80.8068
3.99  81.3031  0  34.9827  49.6644  0  1.92416  81.3025
4  81.8006  0  35.0015  49.8331  0  1.83262  81.8001
4.01  82.2997  0  35.0194  50.0019  0  1.74074  82.2992
4.02  82.8006  0  35.0363  50.1707  0  1.64854  82.8001
4.03  83.3031  0  35.0523  50.3396  0  1.556  83.3027
4.04  83.8074  0  35.0674  50.5084  0  1.46314  83.807
4.05  84.3133  0  35.0816  50.6773  0  1.36995  84.3129
4.06  84.8209  0  35.0948  50.8462  0  1.27644  84.8204
4.07  85.3302  0  35.1071  51.0151  0  1.1826  85.3298
4.08  85.8412  0  35.1185  51.1841  0  1.08844  85.8408
4.09  86.3539  0  35.1289  51.3531  0  0.993953  86.3535
4.1  86.8683  0  35.1384  51.522  0  0.899146  86.8678
4.11  87.3844  0  35.1469  51.691  0  0.804018  87.3839
4.12  87.9021  0  35.1544  51.8601  0  0.70857  87.9016
4.13  88.4216  0  35.161  52.0291  0  0.612803  88.4211
4.14  88.9427  0  35.1667  52.1982  0  0.516719  88.9422
4.15  89.4655  0  35.1714  52.3672  0  0.420317  89.465
4.16  89.99  0  35.1751  52.5363  0  0.323599  89.9896
4.17  90.5163  0  35.1778  52.7054  0  0.226566  90.5158
4.18  91.0442  0  35.1796  52.8745  0  0.129219  91.0437
4.19  91.5737  0  35.1804  53.0437  0  0.031559  91.5732
4.2  92.105  0  35.1803  53.2128  0  -0.0664133  92.1045
4.21  92.638  0  35.1791  53.382  0  -0.164697  92.6374
4.22  93.1727  0  35.177  53.5511  0  -0.263291  93.1721
4.23  93.709  0  35.1738  53.7203  0  -0.362194  93.7085
4.24  94.2471  0  35.1697  53.8895  0  -0.461406  94.2465
4.25  94.7868  0  35.1646  54.0587  0  -0.560925  94.7863
4.26  95.3282  0  35.1585  54.2279  0  -0.660751  95.3278
4.27  95.8714  0  35.1514  54.3971  0  -0.760883  95.8708
4.28  96.4162  0  35.1433  54.5663  0  -0.861319  96.4157
4.29  96.9627  0  35.1342  54.7356  0  -0.962059  96.9621
4.3  97.5109  0  35.124  54.9048  0  -1.0631  97.5103
4.31  98.0608  0  35.1129  55.0741  0  -1.16445  98.0603
4.32  98.6124  0  35.1007  55.2433  0  -1.26609  98.6118
4.33  99.1657  0  35.0876  55.4126  0  -1.36804  99.1651
4.34  99.7206  0  35.0734  55.5819  0  -1.47028  99.72
4.35  100.277  0  35.0582  55.7511  0  -1.57283  100.277
4.36  100.836  0  35.0419  55.9204  0  -1.67567  100.835
4.37  101.396  0  35.0247  56.0897  0  -1.77881  101.395
4.38  101.957  0  35.0063  56.259  0  -1.88224  101.957
4.39  102.521  0  34.987  56.4283  0  -1.98597  102.52
4.4  103.086  0  34.9666  56.5976  0  -2.08999  103.085
4.41  103.653  0  34.9452  56.7669  0  -2.19431  103.652
4.42  104.221  0  34.9227  56.9362  0  -2.29891  104.221
4.43  104.792  0  34.8992  57.1055  0  -2.40381  104.791
4.44  105.363  0  34.8747  57.2748  0  -2.509  105.363
4.45  105.937  0  34.849  57.4441  0  -2.61448  105.937
4.46  106.512  0  34.8224  57.6134  0  -2.72024  106.512
4.47  107.089  0  34.7946  57.7827  0  -2.8263  107.089
4.48  107.668  0  34.7658  57.952  0  -2.93264  107.667
4.49  108.248  0  34.736  58.1213  0  -3.03927  108.248
4.5  108.83  0  34.7051  58.2906  0  -3.14618  108.83
4.51  109.414  0  34.6731  58.4599  0  -3.25338  109.414
4.52  110  0  34.64  58.6291  0  -3.36086  109.999
4.53  110.587  0  34.6058  58.7984  0  -3.46862  110.586
4.54  111.176  0  34.5706  58.9677  0  -3.57666  111.175
4.55  111.766  0  34.5343  59.137  0  -3.68499  111.766
4.56  112.358  0  34.4969  59.3063  0  -3.79359  112.358
4.57  112.952  0  34.4584  59.4755  0  -3.90248  112.952
4.58  113.548  0  34.4189  59.6448  0  -4.01164  113.547
4.59  114.145  0  34.3782  59.8141  0  -4.12108  114.145
4.6  114.744  0  34.3364  59.9833  0  -4.2308  114.743
4.61  115.345  0  34.2936  60.1526  0  -4.34079  115.344
4.62  115.947  0  34.2496  60.3218  0  -4.45106  115.947
4.63  116.551  0  34.2046  60.491  0  -4.5616  116.551
4.64  117.157  0  34.1584  60.6603  0  -4.67242  117.156
4.65  117.764  0  34.1111  60.8295  0  -4.7835  117.764
4.66  118.374  0  34.0627  60.9987  0  -4.89486  118.373
4.67  118.984  0  34.0132  61.1679  0  -5.00649  118.984
4.68  119.597  0  33.9626  61.3371  0  -5.11839  119.596
4.69  120.211  0  33.9108  61.5063  0  -5.23057  120.211
4.7  120.827  0  33.858  61.6755  0  -5.343  120.826
4.71  121.445  0  33.804  61.8446  0  -5.45571  121.444
4.72  122.064  0  33.7489  62.0138  0  -5.56868  122.063
4.73  122.685  0  33.6926  62.1829  0  -5.68192  122.684
4.74  123.308  0  33.6352  62.3521  0  -5.79543  123.307
4.75  123.932  0  33.5767  62.5212  0  -5.9092  123.931
4.76  124.558  0  33.517  62.6903  0  -6.02323  124.557
4.77  125.186  0  33.4562  62.8594  0  -6.13753  125.185
4.78  125.815  0  33.3943  63.0285  0  -6.25209  125.815
4.79  126.446  0  33.3312  63.1976  0  -6.36691  126.446
4.8  127.079  0  33.267  63.3667  0  -6.48199  127.079
4.81  127.714  0  33.2016  63.5357  0  -6.59733  127.713
4.82  128.35  0  33.135  63.7048  0  -6.71293  128.349
4.83  128.988  0  33.0673  63.8738  0  -6.82879  128.987
4.84  129.627  0  32.9984  64.0428  0  -6.9449  129.627
4.85  130.269  0  32.9284  64.2118  0  -7.06128  130.268
4.86  130.912  0  32.8572  64.3808  0  -7.1779  130.911
4.87  131.556  0  32.7848  64.5497  0  -7.29479  131.556
4.88  132.203  0  32.7113  64.7187  0  -7.41193  132.202
4.89  132.851  0  32.6366  64.8876  0  -7.52932  132.85
4.9  133.5  0  32.5607  65.0565  0  -7.64696  133.5
4.91  134.152  0  32.4837  65.2254  0  -7.76486  134.151
4.92  134.805  0  32.4054  65.3943  0  -7.88301  134.804
4.93  135.46  0  32.326  65.5632  0  -8.00141  135.459
4.94  136.116  0  32.2454  65.732  0  -8.12006  136.115
4.95  136.774  0  32.1636  65.9009  0  -8.23896  136.774
4.96  137.434  0  32.0806  66.0697  0  -8.35811  137.433
4.97  138.096  0  31.9964  66.2385  0  -8.4775  138.095
4.98  138.759  0  31.9111  66.4073  0  -8.59715  138.758
4.99  139.424  0  31.8245  66.576  0  -8.71704  139.423
5  140.09  0  31.7367  66.7448  0  -8.83717  140.09
5.01  140.759  0  31.6477  66.9135  0  -8.95756  140.758
5.02  141.429  0  31.5576  67.0822  0  -9.07818  141.428
5.03  142.1  0  31.4662  67.2509  0  -9.19905  142.1
5.04  142.774  0  31.3736  67.4196  0  -9.32016  142.773
5.05  143.449  0  31.2798  67.5882  0  -9.44152  143.448
5.06  144.125  0  31.1848  67.7569  0  -9.56311  144.125
5.07  144.804  0  31.0885  67.9255  0  -9.68495  144.803
5.08  145.484  0  30.9911  68.0941  0  -9.80703  145.483
5.09  146.166  0  30.8924  68.2626  0  -9.92934  146.165
5.1  146.849  0  30.7925  68.4312  0  -10.0519  146.849
5.11  147.534  0  30.6913  68.5997  0  -10.1747  147.534
5.12  148.221  0  30.589  68.7682  0  -10.2977  148.221
5.13  148.91  0  30.4854  68.9367  0  -10.421  148.909
5.14  149.6  0  30.3805  69.1051  0  -10.5445  149.599
5.15  150.292  0  30.2745  69.2736  0  -10.6682  150.291
5.16  150.985  0  30.1672  69.442  0  -10.7922  150.985
5.17  151.681  0  30.0586  69.6104  0  -10.9164  151.68
5.18  152.378  0  29.9489  69.7787  0  -11.0408  152.377
5.19  153.076  0  29.8378  69.9471  0  -11.1655  153.076
5.2  153.777  0  29.7255  70.1154  0  -11.2904  153.776
5.21  154.479  0  29.612  70.2837  0  -11.4156  154.478
5.22  155.182  0  29.4972  70.452  0  -11.5409  155.182
5.23  155.888  0  29.3812  70.6203  0  -11.6665  155.887
5.24  156.595  0  29.2639  70.7885  0  -11.7924  156.594
5.25  157.303  0  29.1453  70.9567  0  -11.9184  157.303
5.26  158.014  0  29.0255  71.1249  0  -12.0447  158.013
5.27  158.726  0  28.9045  71.2931  0  -12.1712  158.725
5.28  159.44  0  28.7821  71.4612  0  -12.2979  159.439
5.29  160.155  0  28.6585  71.6293  0  -12.4249  160.154
5.3  160.872  0  28.5336  71.7974  0  -12.5521  160.872
5.31  161.591  0  28.4075  71.9655  0  -12.6795  161.59
5.32  162.312  0  28.28  72.1335  0  -12.8071  162.311
5.33  163.034  0  28.1513  72.3015  0  -12.935  163.033
5.34  163.758  0  28.0213  72.4695  0  -13.0631  163.757
5.35  164.483  0  27.89  72.6374  0  -13.1914  164.482
5.36  165.21  0  27.7575  72.8054  0  -13.3199  165.21
5.37  165.939  0  27.6236  72.9733  0  -13.4487  165.938
5.38  166.67  0  27.4885  73.1412  0  -13.5776  166.669
5.39  167.402  0  27.3521  73.3091  0  -13.7068  167.401
5.4  168.136  0  27.2144  73.4769  0  -13.8362  168.135
5.41  168.872  0  27.0754  73.6447  0  -13.9659  168.871
5.42  169.609  0  26.9351  73.8125  0  -14.0957  169.608
5.43  170.348  0  26.7935  73.9802  0  -14.2258  170.347
5.44  171.088  0  26.6505  74.148  0  -14.3561  171.088
5.45  171.831  0  26.5063  74.3156  0  -14.4866  171.83
5.46  172.575  0  26.3608  74.4833  0  -14.6173  172.574
5.47  173.32  0  26.214  74.6509  0  -14.7482  173.32
5.48  174.068  0  26.0658  74.8185  0  -14.8793  174.067
5.49  174.817  0  25.9164  74.9861  0  -15.0107  174.816
5.5  175.568  0  25.7656  75.1537  0  -15.1423  175.567
5.51  176.32  0  25.6135  75.3213  0  -15.2741  176.319
5.52  177.074  0  25.4601  75.4888  0  -15.4061  177.073
5.53  177.83  0  25.3054  75.6563  0  -15.5383  177.829
5.54  178.587  0  25.1494  75.8237  0  -15.6707  178.586
5.55  179.346  0  24.992  75.9911  0  -15.8033  179.346
5.56  180.107  0  24.8333  76.1585  0  -15.9361  180.106
5.57  180.869  0  24.6733  76.3259  0  -16.0692  180.869
5.58  181.633  0  24.5119  76.4932  0  -16.2024  181.633
5.59  182.399  0  24.3492  76.6605  0  -16.3359  182.399
5.6  183.167  0  24.1852  76.8278  0  -16.4696  183.166
5.61  183.936  0  24.0198  76.995  0  -16.6034  183.935
5.62  184.707  0  23.8531  77.1622  0  -16.7375  184.706
5.63  185.479  0  23.6851  77.3295  0  -16.8718  185.478
5.64  186.253  0  23.5157  77.4966  0  -17.0063  186.252
5.65  187.029  0  23.345  77.6638  0  -17.141  187.028
5.66  187.806  0  23.1729  77.8309  0  -17.2759  187.806
5.67  188.586  0  22.9995  77.998  0  -17.411  188.585
5.68  189.366  0  22.8247  78.165  0  -17.5464  189.366
5.69  190.149  0  22.6485  78.332  0  -17.6819  190.148
5.7  190.933  0  22.471  78.499  0  -17.8176  190.932
5.71  191.719  0  22.2922  78.6659  0  -17.9535  191.718
5.72  192.506  0  22.112  78.8328  0  -18.0896  192.506
5.73  193.295  0  21.9304  78.9997  0  -18.2259  193.295
5.74  194.086  0  21.7474  79.1666  0  -18.3624  194.086
5.75  194.879  0  21.5631  79.3335  0  -18.4992  194.878
5.76  195.673  0  21.3775  79.5003  0  -18.6361  195.672
5.77  196.469  0  21.1904  79.6671  0  -18.7732  196.468
5.78  197.266  0  21.002  79.8338  0  -18.9105  197.266
5.79  198.066  0  20.8122  80.0005  0  -19.048  198.065
5.8  198.866  0  20.621  80.1672  0  -19.1857  198.866
5.81  199.669  0  20.4285  80.3339  0  -19.3236  199.668
5.82  200.473  0  20.2346  80.5005  0  -19.4617  200.472
5.83  201.279  0  20.0392  80.667  0  -19.6  201.278
5.84  202.086  0  19.8426  80.8336  0  -19.7385  202.086
5.85  202.896  0  19.6445  81.0002  0  -19.8772  202.895
5.86  203.706  0  19.445  81.1667  0  -20.0161  203.706
5.87  204.519  0  19.2442  81.3332  0  -20.1552  204.518
5.88  205.333  0  19.0419  81.4996  0  -20.2944  205.332
5.89  206.149  0  18.8383  81.666  0  -20.4339  206.148
5.9  206.966  0  18.6332  81.8324  0  -20.5735  206.966
5.91  207.786  0  18.4268  81.9987  0  -20.7134  207.785
5.92  208.606  0  18.219  82.165  0  -20.8534  208.606
5.93  209.429  0  18.0097  82.3312  0  -20.9936  209.428
5.94  210.253  0  17.7991  82.4975  0  -21.134  210.252
5.95  211.079  0  17.587  82.6638  0  -21.2746  211.078
5.96  211.906  0  17.3736  82.83  0  -21.4154  211.906
5.97  212.735  0  17.1587  82.9961  0  -21.5564  212.735
5.98  213.566  0  16.9425  83.1622  0  -21.6975  213.566
5.99  214.399  0  16.7248  83.3283  0  -21.8389  214.398
6  215.233  0  16.5057  83.4944  0  -21.9804  215.232
6.01  216.068  0  16.2852  83.6604  0  -22.1221  216.068
6.02  216.906  0  16.0632  83.8263  0  -22.264  216.905
6.03  217.745  0  15.8399  83.9923  0  -22.4061  217.744
6.04  218.586  0  15.6151  84.1583  0  -22.5484  218.585
6.05  219.428  0  15.3889  84.3242  0  -22.6909  219.428
6.06  220.272  0  15.1613  84.4901  0  -22.8336  220.272
6.07  221.118  0  14.9322  84.656  0  -22.9764  221.117
6.08  221.965  0  14.7018  84.8218  0  -23.1194  221.965
6.09  222.814  0  14.4699  84.9875  0  -23.2626  222.814
6.1  223.665  0  14.2365  85.1532  0  -23.406  223.665
6.11  224.517  0  14.0017  85.3189  0  -23.5495  224.517
6.12  225.371  0  13.7655  85.4846  0  -23.6933  225.371
6.13  226.227  0  13.5279  85.6503  0  -23.8372  226.227
6.14  227.085  0  13.2888  85.8159  0  -23.9813  227.084
6.15  227.943  0  13.0482  85.9815  0  -24.1256  227.943
6.16  228.804  0  12.8063  86.1471  0  -24.2701  228.804
6.17  229.666  0  12.5628  86.3125  0  -24.4147  229.666
6.18  230.53  0  12.318  86.478  0  -24.5595  230.53
6.19  231.396  0  12.0717  86.6434  0  -24.7045  231.396
6.2  232.263  0  11.8239  86.8088  0  -24.8497  232.263
6.21  233.132  0  11.5747  86.9742  0  -24.995  233.132
6.22  234.003  0  11.324  87.1395  0  -25.1406  234.002
6.23  234.875  0  11.0718  87.3048  0  -25.2863  234.875
6.24  235.749  0  10.8183  87.47  0  -25.4321  235.748
6.25  236.624  0  10.5632  87.6352  0  -25.5782  236.624
6.26  237.502  0  10.3067  87.8003  0  -25.7244  237.501
6.27  238.38  0  10.0487  87.9653  0  -25.8707  238.38
6.28  239.261  0  9.78928  88.1304  0  -26.0173  239.26
6.29  240.143  0  9.52837  88.2954  0  -26.164  240.143
6.3  241.027  0  9.266  88.4604  0  -26.3109  241.026
6.31  241.912  0  9.00215  88.6252  0  -26.4579  241.912
6.32  242.799  0  8.73684  88.79  0  -26.6052  242.799
6.33  243.688  0  8.47005  88.9548  0  -26.7525  243.688
6.34  244.578  0  8.20179  89.1194  0  -26.9001  244.578
6.35  245.47  0  7.93205  89.2841  0  -27.0478  245.47
6.36  246.364  0  7.66083  89.4487  0  -27.1956  246.364
6.37  247.259  0  7.38813  89.6132  0  -27.3437  247.259
6.38  248.156  0  7.11396  89.7776  0  -27.4918  248.156
6.39  249.055  0  6.8383  89.942  0  -27.6402  249.055
6.4  249.955  0  6.56115  90.1063  0  -27.7887  249.955
6.41  250.857  0  6.28252  90.2705  0  -27.9373  250.857
6.42  251.761  0  6.0024  90.4346  0  -28.0861  251.76
6.43  252.666  0  5.7208  90.5987  0  -28.2351  252.665
6.44  253.573  0  5.4377  90.7627  0  -28.3842  253.572
6.45  254.481  0  5.15311  90.9267  0  -28.5335  254.481
6.46  255.391  0  4.86703  91.0905  0  -28.6829  255.391
6.47  256.303  0  4.57945  91.2543  0  -28.8325  256.303
6.48  257.216  0  4.29038  91.418  0  -28.9822  257.216
6.49  258.131  0  3.99981  91.5816  0  -29.1321  258.131
6.5  259.048  0  3.70774  91.7451  0  -29.2821  259.048
6.51  259.966  0  3.41417  91.9086  0  -29.4323  259.966
6.52  260.886  0  3.11909  92.0719  0  -29.5826  260.886
6.53  261.807  0  2.82251  92.2352  0  -29.7331  261.807
6.54  262.731  0  2.52443  92.3983  0  -29.8837  262.731
6.55  263.655  0  2.22484  92.5614  0  -30.0344  263.655
6.56  264.582  0  1.92374  92.7244  0  -30.1853  264.582
6.57  265.51  0  1.62113  92.8873  0  -30.3363  265.51
6.58  266.44  0  1.31701  93.05  0  -30.4875  266.44
6.59  267.371  0  1.01138  93.2127  0  -30.6388  267.371
6.6  268.304  0  0.704236  93.3752  0  -30.7902  268.304
6.61  269.238  0  0.395576  93.5376  0  -30.9418  269.238
6.62  270.175  0  0.0853996  93.6998  0  -31.0935  270.175
6.63  271.112  0  -0.226294  93.8621  0  -31.2453  271.112
