# t  x  y  z  vx  vy  vz  downrange
0  0  0  0  0  0  0  0
0  0.00021204  0  0.000791344  0.0424085  0  0.158271  0
0.01  0.000848181  0  0.00316546  0.0848202  0  0.316553  0
0.02  0.00190846  0  0.00712245  0.127235  0  0.474848  0
0.03  0.00339289  0  0.0126625  0.169653  0  0.633154  0
0.04  0.00530153  0  0.0197856  0.212074  0  0.791472  0
0.05  0.00763439  0  0.0284919  0.254499  0  0.949801  0
0.06  0.0103915  0  0.0387816  0.296926  0  1.10814  0
0.07  0.0135729  0  0.0506548  0.339357  0  1.2665  0
0.08  0.0171786  0  0.0641116  0.38179  0  1.42486  0
0.09  0.0212087  0  0.0791521  0.424227  0  1.58324  0
0.1  0.0256632  0  0.0957764  0.466667  0  1.74163  0
0.11  0.0305421  0  0.113985  0.50911  0  1.90002  0
0.12  0.0358454  0  0.133777  0.551556  0  2.05844  0
0.13  0.0415732  0  0.155153  0.594006  0  2.21686  0
0.14  0.0477255  0  0.178114  0.636458  0  2.37529  0
0.15  0.0543024  0  0.202659  0.678914  0  2.53374  0
0.16  0.0613038  0  0.228789  0.721373  0  2.6922  0
0.17  0.0687299  0  0.256503  0.763835  0  2.85067  0
0.18  0.0765805  0  0.285802  0.8063  0  3.00915  0.134408
0.19  0.0848559  0  0.316686  0.848768  0  3.16764  0.134408
0.2  0.0935559  0  0.349155  0.891239  0  3.32615  0.134408
0.21  0.102681  0  0.383209  0.933714  0  3.48467  0
0.22  0.11223  0  0.418849  0.976191  0  3.64319  0.134408
0.23  0.122204  0  0.456073  1.01867  0  3.80173  0.134408
0.24  0.132604  0  0.494883  1.06116  0  3.96029  0.134408
0.25  0.143428  0  0.535279  1.10364  0  4.11885  0.164616
0.26  0.154676  0  0.577261  1.14613  0  4.27742  0.134408
0.27  0.16635  0  0.620828  1.18863  0  4.43601  0.212518
0.28  0.178449  0  0.665981  1.23112  0  4.59461  0.212518
0.29  0.190973  0  0.71272  1.27362  0  4.75322  0.164616
0.3  0.203921  0  0.761045  1.31612  0  4.91184  0.164616
0.31  0.217295  0  0.810957  1.35863  0  5.07047  0.212518
0.32  0.231094  0  0.862455  1.40114  0  5.22912  0.212518
0.33  0.245318  0  0.915539  1.44365  0  5.38778  0.251455
0.34  0.259967  0  0.97021  1.48617  0  5.54644  0.251455
0.35  0.275041  0  1.02647  1.52868  0  5.70512  0.300546
0.36  0.290541  0  1.08431  1.5712  0  5.86382  0.300546
0.37  0.306465  0  1.14374  1.61373  0  6.02252  0.300546
0.38  0.322815  0  1.20476  1.65626  0  6.18123  0.300546
0.39  0.339591  0  1.26737  1.69879  0  6.33996  0.329232
0.4  0.356791  0  1.33156  1.74132  0  6.4987  0.329232
0.41  0.374417  0  1.39734  1.78386  0  6.65745  0.380164
0.42  0.392468  0  1.46471  1.8264  0  6.81621  0.391864
0.43  0.410945  0  1.53367  1.86894  0  6.97498  0.414275
0.44  0.429847  0  1.60421  1.91149  0  7.13377  0.435533
0.45  0.449175  0  1.67634  1.95404  0  7.29256  0.445782
0.46  0.468928  0  1.75006  1.99659  0  7.45137  0.445782
0.47  0.489106  0  1.82537  2.03915  0  7.61019  0.50291
0.48  0.509711  0  1.90227  2.0817  0  7.76903  0.511812
0.49  0.530741  0  1.98075  2.12427  0  7.91155  0.529166
0.5  0.552197  0  2.06017  2.16716  0  7.9724  0.562271
0.51  0.574085  0  2.1402  2.21055  0  8.03312  0.570247
0.52  0.59641  0  2.22083  2.25444  0  8.09373  0.601093
0.53  0.619176  0  2.30207  2.29882  0  8.1542  0.623226
0.54  0.642388  0  2.38392  2.34371  0  8.21455  0.651569
0.55  0.666052  0  2.46636  2.3891  0  8.27477  0.672042
0.56  0.690172  0  2.54941  2.43499  0  8.33485  0.685351
0.57  0.714753  0  2.63306  2.48138  0  8.39481  0.717545
0.58  0.739801  0  2.71731  2.52827  0  8.45462  0.742295
0.59  0.76532  0  2.80215  2.57568  0  8.5143  0.772118
0.6  0.791316  0  2.88759  2.62358  0  8.57384  0.789471
0.61  0.817794  0  2.97363  2.67199  0  8.63323  0.812031
0.62  0.844758  0  3.06026  2.72092  0  8.69248  0.850073
0.63  0.872214  0  3.14748  2.77034  0  8.75159  0.876236
0.64  0.900166  0  3.23529  2.82028  0  8.81055  0.891565
0.65  0.928621  0  3.32369  2.87073  0  8.86935  0.926346
0.66  0.957583  0  3.41267  2.92169  0  8.92801  0.959868
0.67  0.987056  0  3.50225  2.97315  0  8.98651  0.992258
0.68  1.01705  0  3.5924  3.02514  0  9.04485  1.01476
0.69  1.04756  0  3.68314  3.07763  0  9.10304  1.04545
0.7  1.0786  0  3.77446  3.13064  0  9.16106  1.07527
0.71  1.11018  0  3.86636  3.18416  0  9.21892  1.11648
0.72  1.14229  0  3.95884  3.23819  0  9.27662  1.14049
0.73  1.17494  0  4.0519  3.29274  0  9.33415  1.17175
0.74  1.20814  0  4.14552  3.3478  0  9.39152  1.2134
0.75  1.2419  0  4.23973  3.40338  0  9.44871  1.23918
0.76  1.27621  0  4.3345  3.45948  0  9.50573  1.27511
0.77  1.31109  0  4.42984  3.5161  0  9.56257  1.31005
0.78  1.34654  0  4.52575  3.57323  0  9.61924  1.34744
0.79  1.38256  0  4.62222  3.63088  0  9.67573  1.38708
0.8  1.41916  0  4.71926  3.68904  0  9.73203  1.41927
0.81  1.45634  0  4.81686  3.74773  0  9.78816  1.45695
0.82  1.49411  0  4.91503  3.80693  0  9.84409  1.49369
0.83  1.53248  0  5.01375  3.86666  0  9.89985  1.53544
0.84  1.57145  0  5.11302  3.9269  0  9.95541  1.57034
0.85  1.61102  0  5.21285  3.98766  0  10.0108  1.6101
0.86  1.6512  0  5.31324  4.04894  0  10.066  1.6489
0.87  1.692  0  5.41417  4.11074  0  10.1209  1.69216
0.88  1.73342  0  5.51565  4.17307  0  10.1757  1.73694
0.89  1.77546  0  5.61769  4.23591  0  10.2303  1.77297
0.9  1.81814  0  5.72026  4.29927  0  10.2847  1.81576
0.91  1.86145  0  5.82338  4.36315  0  10.3389  1.86242
0.92  1.9054  0  5.92704  4.42756  0  10.3928  1.9032
0.93  1.95  0  6.03123  4.49248  0  10.4466  1.94776
0.94  1.99525  0  6.13597  4.55792  0  10.5001  1.99586
0.95  2.04116  0  6.24124  4.62389  0  10.5535  2.0384
0.96  2.08773  0  6.34704  4.69037  0  10.6066  2.08874
0.97  2.13497  0  6.45337  4.75738  0  10.6595  2.13155
0.98  2.18288  0  6.56023  4.82491  0  10.7122  2.18388
0.99  2.23147  0  6.66761  4.89295  0  10.7647  2.22891
1  2.28074  0  6.77552  4.96152  0  10.8169  2.28099
1.01  2.3307  0  6.88395  5.03061  0  10.869  2.32802
1.02  2.38136  0  6.9929  5.10021  0  10.9207  2.37793
1.03  2.43271  0  7.10236  5.17034  0  10.9723  2.43053
1.04  2.48477  0  7.21234  5.24098  0  11.0237  2.48746
1.05  2.53753  0  7.32284  5.31215  0  11.0748  2.53779
1.06  2.59101  0  7.43384  5.38383  0  11.1256  2.58889
1.07  2.64521  0  7.54535  5.45603  0  11.1763  2.64583
1.08  2.70013  0  7.65736  5.52875  0  11.2267  2.69823
1.09  2.75579  0  7.76988  5.60199  0  11.2768  2.75619
1.1  2.81217  0  7.8829  5.67575  0  11.3267  2.80975
1.11  2.8693  0  7.99641  5.75002  0  11.3764  2.87018
1.12  2.92718  0  8.11042  5.82481  0  11.4258  2.92628
1.13  2.9858  0  8.22493  5.90011  0  11.475  2.98435
1.14  3.04518  0  8.33992  5.97593  0  11.5239  3.04725
1.15  3.10532  0  8.4554  6.05227  0  11.5725  3.10742
1.16  3.16623  0  8.57137  6.12912  0  11.6209  3.16788
1.17  3.22791  0  8.68782  6.20648  0  11.6691  3.2258
1.18  3.29036  0  8.80475  6.28436  0  11.717  3.29095
1.19  3.35359  0  8.92216  6.36275  0  11.7646  3.35348
1.2  3.41762  0  9.04005  6.44166  0  11.812  3.41884
1.21  3.48243  0  9.1584  6.52107  0  11.8591  3.48167
1.22  3.54804  0  9.27723  6.601  0  11.9059  3.54848
1.23  3.61445  0  9.39652  6.68144  0  11.9525  3.61656
1.24  3.68167  0  9.51628  6.76239  0  11.9988  3.68093
1.25  3.7497  0  9.63649  6.84384  0  12.0448  3.75262
1.26  3.81855  0  9.75717  6.92581  0  12.0906  3.81824
1.27  3.88822  0  9.8783  7.00828  0  12.1361  3.88856
1.28  3.95872  0  9.99989  7.09126  0  12.1813  3.95878
1.29  4.03005  0  10.1219  7.17475  0  12.2262  4.02889
1.3  4.10221  0  10.2444  7.25874  0  12.2708  4.10441
1.31  4.17522  0  10.3673  7.34323  0  12.3152  4.17532
1.32  4.24908  0  10.4907  7.42823  0  12.3592  4.24824
1.33  4.32379  0  10.6145  7.51373  0  12.403  4.32306
1.34  4.39936  0  10.7388  7.59974  0  12.4465  4.39764
1.35  4.47578  0  10.8635  7.68624  0  12.4897  4.47602
1.36  4.55308  0  10.9886  7.77324  0  12.5326  4.55305
1.37  4.63125  0  11.1141  7.86075  0  12.5752  4.63173
1.38  4.7103  0  11.2401  7.94875  0  12.6175  4.70909
1.39  4.79023  0  11.3665  8.03725  0  12.6595  4.78898
1.4  4.87104  0  11.4933  8.12624  0  12.7013  4.87033
1.41  4.95275  0  11.6205  8.21573  0  12.7427  4.95309
1.42  5.03536  0  11.7481  8.30571  0  12.7838  5.03538
1.43  5.11887  0  11.8762  8.39619  0  12.8246  5.119
1.44  5.20329  0  12.0046  8.48716  0  12.8651  5.20388
1.45  5.28861  0  12.1335  8.57861  0  12.9053  5.2874
1.46  5.37486  0  12.2627  8.67056  0  12.9452  5.37466
1.47  5.46203  0  12.3924  8.763  0  12.9847  5.46135
1.48  5.55012  0  12.5224  8.85592  0  13.024  5.55076
1.49  5.63915  0  12.6528  8.94933  0  13.0629  5.63715
1.5  5.72911  0  12.7837  9.04322  0  13.1016  5.72933
1.51  5.82001  0  12.9149  9.1376  0  13.1399  5.8185
1.52  5.91186  0  13.0465  9.23246  0  13.1778  5.91244
1.53  6.00466  0  13.1784  9.3278  0  13.2155  6.00491
1.54  6.09842  0  13.3108  9.42362  0  13.2528  6.0982
1.55  6.19314  0  13.4435  9.51992  0  13.2899  6.19228
1.56  6.28882  0  13.5766  9.6167  0  13.3265  6.28853
1.57  6.38547  0  13.71  9.71395  0  13.3629  6.38475
1.58  6.4831  0  13.8438  9.81168  0  13.3989  6.48442
1.59  6.58171  0  13.978  9.90988  0  13.4346  6.58258
1.6  6.6813  0  14.1125  10.0086  0  13.47  6.68268
1.61  6.78188  0  14.2474  10.1077  0  13.505  6.78263
1.62  6.88346  0  14.3826  10.2073  0  13.5397  6.8831
1.63  6.98603  0  14.5182  10.3074  0  13.5741  6.98536
1.64  7.08961  0  14.6541  10.4079  0  13.6081  7.08996
1.65  7.19419  0  14.7903  10.509  0  13.6418  7.19368
1.66  7.29979  0  14.9269  10.6104  0  13.6751  7.30025
1.67  7.4064  0  15.0638  10.7124  0  13.7081  7.4065
1.68  7.51404  0  15.2011  10.8148  0  13.7408  7.51486
1.69  7.6227  0  15.3387  10.9176  0  13.7731  7.62168
1.7  7.73239  0  15.4765  11.0209  0  13.805  7.7317
1.71  7.84312  0  15.6148  11.1247  0  13.8367  7.84305
1.72  7.95489  0  15.7533  11.2289  0  13.8679  7.95512
1.73  8.0677  0  15.8921  11.3336  0  13.8988  8.06786
1.74  8.18156  0  16.0313  11.4388  0  13.9294  8.18127
1.75  8.29647  0  16.1707  11.5443  0  13.9596  8.29639
1.76  8.41245  0  16.3104  11.6504  0  13.9894  8.41208
1.77  8.52948  0  16.4505  11.7569  0  14.0189  8.52938
1.78  8.64759  0  16.5908  11.8638  0  14.0481  8.6477
1.79  8.76676  0  16.7314  11.9712  0  14.0768  8.76699
1.8  8.88701  0  16.8724  12.079  0  14.1053  8.88622
1.81  9.00834  0  17.0136  12.1872  0  14.1333  9.00787
1.82  9.13076  0  17.155  12.2959  0  14.161  9.12988
1.83  9.25426  0  17.2968  12.405  0  14.1883  9.25322
1.84  9.37886  0  17.4388  12.5146  0  14.2153  9.3783
1.85  9.50455  0  17.5811  12.6246  0  14.2419  9.50411
1.86  9.63135  0  17.7236  12.735  0  14.2682  9.63156
1.87  9.75926  0  17.8664  12.8459  0  14.294  9.75966
1.88  9.88827  0  18.0095  12.9572  0  14.3195  9.8893
1.89  10.0184  0  18.1528  13.0689  0  14.3446  10.0186
1.9  10.1497  0  18.2964  13.1811  0  14.3694  10.1498
1.91  10.282  0  18.4402  13.2936  0  14.3938  10.282
1.92  10.4155  0  18.5843  13.4066  0  14.4178  10.4156
1.93  10.5502  0  18.7286  13.52  0  14.4414  10.5504
1.94  10.6859  0  18.8731  13.6339  0  14.4647  10.6865
1.95  10.8228  0  19.0179  13.7481  0  14.4876  10.823
1.96  10.9609  0  19.1629  13.8628  0  14.5101  10.9615
1.97  11.1001  0  19.3081  13.9779  0  14.5322  11.0995
1.98  11.2404  0  19.4535  14.0933  0  14.554  11.241
1.99  11.382  0  19.5991  14.2093  0  14.5753  11.3823
2  11.5246  0  19.745  14.3256  0  14.5963  11.5243
2.01  11.6685  0  19.8911  14.4423  0  14.6169  11.6684
2.02  11.8135  0  20.0373  14.5594  0  14.6372  11.8138
2.03  11.9597  0  20.1838  14.6769  0  14.657  11.9597
2.04  12.107  0  20.3305  14.7949  0  14.6765  12.1068
2.05  12.2556  0  20.4773  14.9132  0  14.6955  12.2559
2.06  12.4053  0  20.6244  15.0319  0  14.7142  12.4053
2.07  12.5562  0  20.7716  15.151  0  14.7325  12.5566
2.08  12.7083  0  20.919  15.2705  0  14.7504  12.7082
2.09  12.8616  0  21.0666  15.3905  0  14.768  12.8615
2.1  13.0161  0  21.2144  15.5108  0  14.7851  13.0168
2.11  13.1718  0  21.3623  15.6314  0  14.8018  13.1713
2.12  13.3288  0  21.5104  15.7525  0  14.8182  13.3288
2.13  13.4869  0  21.6587  15.874  0  14.8342  13.4868
2.14  13.6462  0  21.8071  15.9958  0  14.8497  13.6466
2.15  13.8068  0  21.9557  16.1181  0  14.8649  13.8068
2.16  13.9686  0  22.1044  16.2407  0  14.8797  13.9688
2.17  14.1316  0  22.2533  16.3636  0  14.8941  14.1318
2.18  14.2959  0  22.4023  16.487  0  14.9081  14.296
2.19  14.4614  0  22.5514  16.6107  0  14.9217  14.4612
2.2  14.6281  0  22.7007  16.7348  0  14.9349  14.6283
2.21  14.7961  0  22.8501  16.8593  0  14.9477  14.7959
2.22  14.9653  0  22.9997  16.9842  0  14.9601  14.965
2.23  15.1357  0  23.1493  17.1094  0  14.9721  15.1357
2.24  15.3075  0  23.2991  17.235  0  14.9837  15.3072
2.25  15.4804  0  23.449  17.3609  0  14.995  15.4797
2.26  15.6547  0  23.599  17.4872  0  15.0058  15.655
2.27  15.8302  0  23.7491  17.6139  0  15.0162  15.8303
2.28  16.007  0  23.8993  17.7409  0  15.0262  16.0073
2.29  16.185  0  24.0496  17.8683  0  15.0358  16.1849
2.3  16.3643  0  24.2  17.996  0  15.045  16.3639
2.31  16.5449  0  24.3505  18.1241  0  15.0539  16.5448
2.32  16.7268  0  24.5011  18.2525  0  15.0623  16.727
2.33  16.91  0  24.6518  18.3813  0  15.0703  16.9096
2.34  17.0944  0  24.8025  18.5104  0  15.0779  17.0945
2.35  17.2802  0  24.9533  18.6399  0  15.0851  17.2797
2.36  17.4672  0  25.1042  18.7697  0  15.0919  17.4669
2.37  17.6556  0  25.2552  18.8999  0  15.0983  17.6554
2.38  17.8452  0  25.4062  19.0304  0  15.1043  17.8447
2.39  18.0362  0  25.5573  19.1612  0  15.1099  18.036
2.4  18.2285  0  25.7084  19.2924  0  15.1151  18.2281
2.41  18.422  0  25.8596  19.4239  0  15.1198  18.4216
2.42  18.6169  0  26.0108  19.5557  0  15.1242  18.6169
2.43  18.8132  0  26.162  19.6879  0  15.1282  18.8131
2.44  19.0107  0  26.3133  19.8204  0  15.1317  19.0106
2.45  19.2096  0  26.4647  19.9532  0  15.1349  19.2098
2.46  19.4098  0  26.616  20.0863  0  15.1376  19.4096
2.47  19.6113  0  26.7674  20.2198  0  15.14  19.611
2.48  19.8142  0  26.9188  20.3536  0  15.1419  19.814
2.49  20.0184  0  27.0703  20.4877  0  15.1434  20.0178
2.5  20.2239  0  27.2217  20.6221  0  15.1445  20.2241
2.51  20.4308  0  27.3732  20.7568  0  15.1453  20.431
2.52  20.639  0  27.5246  20.8919  0  15.1456  20.639
2.53  20.8486  0  27.6761  21.0272  0  15.1454  20.8487
2.54  21.0596  0  27.8275  21.1629  0  15.1449  21.0595
2.55  21.2719  0  27.979  21.2989  0  15.144  21.2716
2.56  21.4856  0  28.1304  21.4351  0  15.1427  21.4858
2.57  21.7006  0  28.2818  21.5717  0  15.1409  21.7
2.58  21.917  0  28.4332  21.7086  0  15.1388  21.9166
2.59  22.1348  0  28.5846  21.8458  0  15.1362  22.1348
2.6  22.3539  0  28.7359  21.9833  0  15.1333  22.3537
2.61  22.5744  0  28.8873  22.1211  0  15.1299  22.5744
2.62  22.7963  0  29.0385  22.2591  0  15.1261  22.7962
2.63  23.0196  0  29.1898  22.3975  0  15.1219  23.0196
2.64  23.2443  0  29.341  22.5362  0  15.1173  23.2443
2.65  23.4704  0  29.4921  22.6751  0  15.1123  23.4703
2.66  23.6978  0  29.6432  22.8144  0  15.1069  23.6978
2.67  23.9266  0  29.7943  22.9539  0  15.1011  23.9266
2.68  24.1569  0  29.9452  23.0937  0  15.0948  24.1569
2.69  24.3885  0  30.0962  23.2338  0  15.0882  24.3884
2.7  24.6216  0  30.247  23.3742  0  15.0811  24.6215
2.71  24.856  0  30.3978  23.5148  0  15.0737  24.8557
2.72  25.0919  0  30.5485  23.6558  0  15.0658  25.0916
2.73  25.3291  0  30.6991  23.797  0  15.0575  25.3289
2.74  25.5678  0  30.8496  23.9384  0  15.0488  25.5676
2.75  25.8079  0  31.0001  24.0802  0  15.0397  25.8078
2.76  26.0494  0  31.1504  24.2222  0  15.0302  26.0492
2.77  26.2923  0  31.3007  24.3645  0  15.0203  26.2922
2.78  26.5367  0  31.4508  24.507  0  15.01  26.5367
2.79  26.7825  0  31.6009  24.6499  0  14.9993  26.7824
2.8  27.0297  0  31.7508  24.7929  0  14.9881  27.0295
2.81  27.2783  0  31.9006  24.9363  0  14.9766  27.278
2.82  27.5284  0  32.0503  25.0799  0  14.9646  27.5283
2.83  27.7799  0  32.1999  25.2237  0  14.9523  27.7798
2.84  28.0329  0  32.3494  25.3679  0  14.9395  28.0328
2.85  28.2873  0  32.4987  25.5122  0  14.9263  28.287
2.86  28.5431  0  32.6479  25.6569  0  14.9128  28.5429
2.87  28.8004  0  32.797  25.8017  0  14.8988  28.8001
2.88  29.0592  0  32.9459  25.9468  0  14.8844  29.0591
2.89  29.3194  0  33.0946  26.0922  0  14.8696  29.3192
2.9  29.581  0  33.2433  26.2378  0  14.8544  29.5811
2.91  29.8441  0  33.3917  26.3837  0  14.8388  29.8441
2.92  30.1087  0  33.54  26.5298  0  14.8228  30.1085
2.93  30.3747  0  33.6882  26.6761  0  14.8063  30.3747
2.94  30.6422  0  33.8362  26.8227  0  14.7895  30.6423
2.95  30.9112  0  33.984  26.9695  0  14.7723  30.911
2.96  31.1816  0  34.1316  27.1166  0  14.7546  31.1813
2.97  31.4535  0  34.2791  27.2639  0  14.7366  31.4534
2.98  31.7269  0  34.4263  27.4114  0  14.7182  31.7268
2.99  32.0017  0  34.5734  27.5592  0  14.6993  32.0016
3  32.2781  0  34.7203  27.7071  0  14.6801  32.2778
3.01  32.5559  0  34.867  27.8554  0  14.6604  32.5556
3.02  32.8352  0  35.0135  28.0038  0  14.6404  32.835
3.03  33.116  0  35.1598  28.1525  0  14.6199  33.1157
3.04  33.3982  0  35.3059  28.3013  0  14.599  33.3981
3.05  33.682  0  35.4518  28.4504  0  14.5778  33.6818
3.06  33.9672  0  35.5975  28.5998  0  14.5561  33.9671
3.07  34.254  0  35.7429  28.7493  0  14.5341  34.2538
3.08  34.5422  0  35.8882  28.8991  0  14.5116  34.542
3.09  34.832  0  36.0332  29.0491  0  14.4887  34.8316
3.1  35.1232  0  36.1779  29.1992  0  14.4655  35.1232
3.11  35.4159  0  36.3225  29.3496  0  14.4418  35.4158
3.12  35.7102  0  36.4668  29.5003  0  14.4178  35.71
3.13  36.006  0  36.6108  29.6511  0  14.3933  36.0058
3.14  36.3032  0  36.7546  29.8021  0  14.3685  36.3028
3.15  36.602  0  36.8982  29.9533  0  14.3432  36.6018
3.16  36.9023  0  37.0415  30.1048  0  14.3176  36.9023
3.17  37.2041  0  37.1845  30.2564  0  14.2915  37.2039
3.18  37.5074  0  37.3273  30.4083  0  14.2651  37.5072
3.19  37.8123  0  37.4698  30.5603  0  14.2382  37.8121
3.2  38.1186  0  37.6121  30.7125  0  14.211  38.1186
3.21  38.4265  0  37.7541  30.865  0  14.1834  38.4264
3.22  38.7359  0  37.8958  31.0176  0  14.1554  38.7355
3.23  39.0469  0  38.0372  31.1704  0  14.1269  39.0467
3.24  39.3593  0  38.1783  31.3234  0  14.0981  39.3589
3.25  39.6733  0  38.3191  31.4766  0  14.0689  39.6731
3.26  39.9889  0  38.4597  31.63  0  14.0393  39.9887
3.27  40.3059  0  38.5999  31.7836  0  14.0094  40.3055
3.28  40.6245  0  38.7399  31.9374  0  13.979  40.6243
3.29  40.9447  0  38.8795  32.0913  0  13.9482  40.9444
3.3  41.2664  0  39.0188  32.2455  0  13.9171  41.266
3.31  41.5896  0  39.1578  32.3998  0  13.8855  41.5894
3.32  41.9144  0  39.2965  32.5543  0  13.8536  41.9142
3.33  42.2407  0  39.4349  32.709  0  13.8213  42.2403
3.34  42.5685  0  39.573  32.8639  0  13.7885  42.5682
3.35  42.898  0  39.7107  33.0189  0  13.7554  42.8977
3.36  43.2289  0  39.8481  33.1741  0  13.722  43.2288
3.37  43.5614  0  39.9851  33.3295  0  13.6881  43.5613
3.38  43.8955  0  40.1218  33.485  0  13.6538  43.895
3.39  44.2311  0  40.2582  33.6408  0  13.6192  44.2306
3.4  44.5683  0  40.3942  33.7967  0  13.5842  44.5681
3.41  44.9071  0  40.5299  33.9527  0  13.5487  44.9067
3.42  45.2474  0  40.6652  34.109  0  13.5129  45.247
3.43  45.5893  0  40.8001  34.2654  0  13.4768  45.589
3.44  45.9327  0  40.9347  34.4219  0  13.4402  45.9324
3.45  46.2777  0  41.0689  34.5786  0  13.4033  46.2774
3.46  46.6243  0  41.2028  34.7355  0  13.3659  46.6238
3.47  46.9724  0  41.3363  34.8926  0  13.3282  46.972
3.48  47.3221  0  41.4693  35.0498  0  13.2901  47.3217
3.49  47.6734  0  41.6021  35.2071  0  13.2517  47.673
3.5  48.0263  0  41.7344  35.3647  0  13.2128  48.026
3.51  48.3807  0  41.8663  35.5223  0  13.1736  48.3805
3.52  48.7367  0  41.9978  35.6802  0  13.134  48.7363
3.53  49.0943  0  42.129  35.8382  0  13.094  49.0939
3.54  49.4535  0  42.2597  35.9963  0  13.0537  49.4531
3.55  49.8142  0  42.3901  36.1546  0  13.0129  49.814
3.56  50.1766  0  42.52  36.313  0  12.9718  50.1762
3.57  50.5405  0  42.6495  36.4716  0  12.9303  50.5402
3.58  50.906  0  42.7786  36.6303  0  12.8885  50.9056
3.59  51.2731  0  42.9073  36.7892  0  12.8462  51.2727
3.6  51.6418  0  43.0355  36.9482  0  12.8036  51.6416
3.61  52.0121  0  43.1633  37.1073  0  12.7607  52.0117
3.62  52.3839  0  43.2907  37.2666  0  12.7173  52.3836
3.63  52.7574  0  43.4177  37.4261  0  12.6736  52.7571
3.64  53.1324  0  43.5442  37.5857  0  12.6295  53.1321
3.65  53.5091  0  43.6703  37.7454  0  12.5851  53.5087
3.66  53.8874  0  43.7959  37.9052  0  12.5402  53.8869
3.67  54.2672  0  43.9211  38.0652  0  12.495  54.2668
3.68  54.6487  0  44.0458  38.2253  0  12.4495  54.6483
3.69  55.0317  0  44.1701  38.3856  0  12.4036  55.0313
3.7  55.4164  0  44.2939  38.546  0  12.3573  55.416
3.71  55.8026  0  44.4172  38.7065  0  12.3106  55.8022
3.72  56.1905  0  44.5401  38.8671  0  12.2636  56.19
3.73  56.58  0  44.6625  39.0279  0  12.2162  56.5796
3.74  56.9711  0  44.7844  39.1888  0  12.1684  56.9707
3.75  57.3638  0  44.9058  39.3498  0  12.1203  57.3633
3.76  57.7581  0  45.0268  39.511  0  12.0718  57.7576
3.77  58.154  0  45.1473  39.6723  0  12.023  58.1536
3.78  58.5515  0  45.2673  39.8337  0  11.9738  58.5512
3.79  58.9506  0  45.3868  39.9952  0  11.9242  58.9502
3.8  59.3514  0  45.5057  40.1568  0  11.8743  59.3511
3.81  59.7538  0  45.6242  40.3186  0  11.824  59.7533
3.82  60.1578  0  45.7422  40.4805  0  11.7734  60.1574
3.83  60.5634  0  45.8597  40.6425  0  11.7224  60.5629
3.84  60.9706  0  45.9767  40.8046  0  11.671  60.9702
3.85  61.3795  0  46.0931  40.9668  0  11.6193  61.379
3.86  61.79  0  46.2091  41.1291  0  11.5673  61.7895
3.87  62.2021  0  46.3245  41.2916  0  11.5148  62.2015
3.88  62.6158  0  46.4394  41.4542  0  11.4621  62.6153
3.89  63.0312  0  46.5537  41.6168  0  11.4089  63.0307
3.9  63.4481  0  46.6675  41.7796  0  11.3555  63.4477
3.91  63.8667  0  46.7808  41.9425  0  11.3016  63.8663
3.92  64.287  0  46.8936  42.1055  0  11.2474  64.2865
3.93  64.7089  0  47.0058  42.2687  0  11.1929  64.7083
3.94  65.1324  0  47.1174  42.4319  0  11.138  65.1319
3.95  65.5575  0  47.2285  42.5952  0  11.0828  65.5571
3.96  65.9843  0  47.3391  42.7586  0  11.0272  65.9838
3.97  66.4127  0  47.4491  42.9222  0  10.9713  66.4122
3.98  66.8427  0  47.5585  43.0858  0  10.915  66.8421
3.99  67.2744  0  47.6674  43.2495  0  10.8584  67.2739
4  67.7077  0  47.7757  43.4134  0  10.8014  67.7073
4.01  68.1427  0  47.8834  43.5773  0  10.7441  68.1421
4.02  68.5792  0  47.9905  43.7413  0  10.6864  68.5787
4.03  69.0175  0  48.0971  43.9055  0  10.6284  69.0169
4.04  69.4574  0  48.2031  44.0697  0  10.5701  69.4569
4.05  69.8989  0  48.3085  44.234  0  10.5114  69.8983
4.06  70.342  0  48.4133  44.3984  0  10.4524  70.3415
4.07  70.7868  0  48.5176  44.5629  0  10.393  70.7863
4.08  71.2333  0  48.6212  44.7275  0  10.3333  71.2327
4.09  71.6814  0  48.7242  44.8922  0  10.2733  71.6809
4.1  72.1311  0  48.8267  45.057  0  10.2129  72.1306
4.11  72.5825  0  48.9285  45.2219  0  10.1521  72.582
4.12  73.0356  0  49.0297  45.3869  0  10.0911  73.035
4.13  73.4903  0  49.1303  45.5519  0  10.0297  73.4897
4.14  73.9466  0  49.2303  45.717  0  9.96795  73.9461
4.15  74.4046  0  49.3297  45.8823  0  9.90588  74.404
4.16  74.8643  0  49.4284  46.0476  0  9.84348  74.8637
4.17  75.3256  0  49.5265  46.213  0  9.78074  75.3249
4.18  75.7885  0  49.624  46.3784  0  9.71767  75.7879
4.19  76.2531  0  49.7209  46.544  0  9.65427  76.2526
4.2  76.7194  0  49.8171  46.7097  0  9.59054  76.7188
4.21  77.1873  0  49.9127  46.8754  0  9.52648  77.1867
4.22  77.6569  0  50.0076  47.0412  0  9.46208  77.6563
4.23  78.1282  0  50.1019  47.2071  0  9.39736  78.1275
4.24  78.6011  0  50.1956  47.373  0  9.33231  78.6004
4.25  79.0756  0  50.2886  47.5391  0  9.26693  79.075
4.26  79.5518  0  50.3809  47.7052  0  9.20123  79.5512
4.27  80.0297  0  50.4726  47.8714  0  9.1352  80.0291
4.28  80.5093  0  50.5636  48.0376  0  9.06884  80.5085
4.29  80.9905  0  50.654  48.204  0  9.00216  80.9897
4.3  81.4733  0  50.7437  48.3704  0  8.93515  81.4726
4.31  81.9579  0  50.8327  48.5369  0  8.86782  81.9573
4.32  82.4441  0  50.921  48.7035  0  8.80017  82.4434
4.33  82.9319  0  51.0087  48.8701  0  8.73219  82.9312
4.34  83.4215  0  51.0957  49.0368  0  8.6639  83.4207
4.35  83.9127  0  51.182  49.2036  0  8.59528  83.9121
4.36  84.4056  0  51.2676  49.3704  0  8.52634  84.4048
4.37  84.9001  0  51.3525  49.5373  0  8.45709  84.8994
4.38  85.3963  0  51.4367  49.7043  0  8.38751  85.3956
4.39  85.8942  0  51.5202  49.8714  0  8.31762  85.8935
4.4  86.3937  0  51.6031  50.0385  0  8.24741  86.393
4.41  86.8949  0  51.6852  50.2056  0  8.17689  86.8942
4.42  87.3978  0  51.7666  50.3729  0  8.10605  87.3971
4.43  87.9024  0  51.8473  50.5402  0  8.03489  87.9018
4.44  88.4086  0  51.9273  50.7076  0  7.96342  88.4079
4.45  88.9166  0  52.0066  50.875  0  7.89164  88.9159
4.46  89.4261  0  52.0851  51.0425  0  7.81954  89.4254
4.47  89.9374  0  52.163  51.21  0  7.74713  89.9367
4.48  90.4503  0  52.2401  51.3776  0  7.67441  90.4496
4.49  90.965  0  52.3164  51.5453  0  7.60138  90.9642
4.5  91.4813  0  52.3921  51.7131  0  7.52804  91.4805
4.51  91.9992  0  52.467  51.8808  0  7.45439  91.9985
4.52  92.5189  0  52.5412  52.0487  0  7.38044  92.5181
4.53  93.0402  0  52.6146  52.2166  0  7.30617  93.0394
4.54  93.5632  0  52.6873  52.3846  0  7.2316  93.5624
4.55  94.0879  0  52.7592  52.5526  0  7.15672  94.0871
4.56  94.6143  0  52.8304  52.7206  0  7.08153  94.6134
4.57  95.1423  0  52.9009  52.8888  0  7.00605  95.1415
4.58  95.672  0  52.9706  53.057  0  6.93025  95.6712
4.59  96.2034  0  53.0395  53.2252  0  6.85415  96.2027
4.6  96.7365  0  53.1076  53.3935  0  6.77775  96.7358
4.61  97.2713  0  53.175  53.5618  0  6.70105  97.2705
4.62  97.8078  0  53.2417  53.7302  0  6.62405  97.8069
4.63  98.3459  0  53.3075  53.8986  0  6.54675  98.3451
4.64  98.8857  0  53.3726  54.0671  0  6.46914  98.8849
4.65  99.4273  0  53.4369  54.2356  0  6.39124  99.4265
4.66  99.9705  0  53.5004  54.4042  0  6.31304  99.9696
4.67  100.515  0  53.5632  54.5729  0  6.23454  100.514
4.68  101.062  0  53.6251  54.7415  0  6.15574  101.061
4.69  101.61  0  53.6863  54.9103  0  6.07664  101.609
4.7  102.16  0  53.7466  55.079  0  5.99725  102.159
4.71  102.712  0  53.8062  55.2478  0  5.91757  102.711
4.72  103.265  0  53.865  55.4167  0  5.83759  103.264
4.73  103.82  0  53.923  55.5856  0  5.75732  103.819
4.74  104.377  0  53.9801  55.7546  0  5.67675  104.376
4.75  104.935  0  54.0365  55.9236  0  5.59589  104.934
4.76  105.495  0  54.092  56.0926  0  5.51474  105.494
4.77  106.057  0  54.1468  56.2617  0  5.4333  106.056
4.78  106.62  0  54.2007  56.4308  0  5.35157  106.62
4.79  107.186  0  54.2538  56.5999  0  5.26955  107.185
4.8  107.752  0  54.3061  56.7691  0  5.18724  107.752
4.81  108.321  0  54.3576  56.9384  0  5.10464  108.32
4.82  108.891  0  54.4082  57.1076  0  5.02176  108.89
4.83  109.463  0  54.458  57.277  0  4.93858  109.462
4.84  110.037  0  54.507  57.4463  0  4.85512  110.036
4.85  110.612  0  54.5551  57.6157  0  4.77138  110.611
4.86  111.189  0  54.6024  57.7851  0  4.68735  111.188
4.87  111.768  0  54.6488  57.9546  0  4.60304  111.767
4.88  112.348  0  54.6945  58.1241  0  4.51844  112.347
4.89  112.93  0  54.7392  58.2936  0  4.43356  112.929
4.9  113.514  0  54.7831  58.4632  0  4.3484  113.513
4.91  114.1  0  54.8262  58.6328  0  4.26295  114.099
4.92  114.687  0  54.8684  58.8024  0  4.17723  114.686
4.93  115.276  0  54.9097  58.9721  0  4.09123  115.275
4.94  115.866  0  54.9502  59.1418  0  4.00494  115.865
4.95  116.458  0  54.9898  59.3115  0  3.91838  116.457
4.96  117.052  0  55.0286  59.4813  0  3.83154  117.051
4.97  117.648  0  55.0665  59.6511  0  3.74442  117.647
4.98  118.245  0  55.1035  59.8209  0  3.65702  118.244
4.99  118.844  0  55.1396  59.9908  0  3.56935  118.843
5  119.445  0  55.1748  60.1606  0  3.48141  119.444
5.01  120.048  0  55.2092  60.3306  0  3.39318  120.047
5.02  120.652  0  55.2427  60.5005  0  3.30469  120.651
5.03  121.258  0  55.2753  60.6705  0  3.21592  121.257
5.04  121.865  0  55.307  60.8405  0  3.12688  121.864
5.05  122.475  0  55.3378  61.0105  0  3.03756  122.473
5.06  123.085  0  55.3678  61.1805  0  2.94798  123.084
5.07  123.698  0  55.3968  61.3506  0  2.85812  123.697
5.08  124.312  0  55.4249  61.5207  0  2.76799  124.311
5.09  124.929  0  55.4522  61.6909  0  2.67759  124.927
5.1  125.546  0  55.4785  61.861  0  2.58693  125.545
5.11  126.166  0  55.5039  62.0312  0  2.49599  126.165
5.12  126.787  0  55.5284  62.2014  0  2.40479  126.786
5.13  127.41  0  55.552  62.3716  0  2.31332  127.409
5.14  128.034  0  55.5747  62.5419  0  2.22159  128.033
5.15  128.661  0  55.5964  62.7121  0  2.12959  128.659
5.16  129.289  0  55.6173  62.8824  0  2.03732  129.287
5.17  129.918  0  55.6372  63.0527  0  1.94479  129.917
5.18  130.55  0  55.6562  63.2231  0  1.85199  130.549
5.19  131.183  0  55.6742  63.3934  0  1.75894  131.182
5.2  131.818  0  55.6913  63.5638  0  1.66562  131.816
5.21  132.454  0  55.7075  63.7342  0  1.57203  132.453
5.22  133.092  0  55.7228  63.9046  0  1.47819  133.091
5.23  133.732  0  55.7371  64.0751  0  1.38409  133.731
5.24  134.374  0  55.7505  64.2455  0  1.28972  134.373
5.25  135.017  0  55.7629  64.416  0  1.1951  135.016
5.26  135.662  0  55.7744  64.5865  0  1.10021  135.661
5.27  136.309  0  55.7849  64.757  0  1.00507  136.308
5.28  136.957  0  55.7945  64.9275  0  0.909675  136.956
5.29  137.607  0  55.8031  65.0981  0  0.81402  137.606
5.3  138.259  0  55.8107  65.2686  0  0.718108  138.258
5.31  138.913  0  55.8174  65.4392  0  0.621941  138.911
5.32  139.568  0  55.8232  65.6098  0  0.525518  139.567
5.33  140.225  0  55.8279  65.7804  0  0.428841  140.224
5.34  140.884  0  55.8318  65.951  0  0.33191  140.882
5.35  141.544  0  55.8346  66.1217  0  0.234726  141.543
5.36  142.206  0  55.8364  66.2923  0  0.137289  142.205
5.37  142.87  0  55.8373  66.463  0  0.0396001  142.869
5.38  143.535  0  55.8372  66.6337  0  -0.0583402  143.534
5.39  144.202  0  55.8362  66.8044  0  -0.156531  144.201
5.4  144.871  0  55.8341  66.9751  0  -0.254973  144.87
5.41  145.542  0  55.8311  67.1458  0  -0.353664  145.541
5.42  146.214  0  55.827  67.3165  0  -0.452604  146.213
5.43  146.888  0  55.822  67.4872  0  -0.551792  146.887
5.44  147.564  0  55.816  67.658  0  -0.651228  147.563
5.45  148.241  0  55.809  67.8288  0  -0.750912  148.24
5.46  148.921  0  55.801  67.9995  0  -0.850842  148.919
5.47  149.601  0  55.792  68.1703  0  -0.951018  149.6
5.48  150.284  0  55.782  68.3411  0  -1.05144  150.283
5.49  150.968  0  55.7709  68.5119  0  -1.15211  150.967
5.5  151.654  0  55.7589  68.6827  0  -1.25302  151.653
5.51  152.342  0  55.7459  68.8535  0  -1.35417  152.341
5.52  153.031  0  55.7318  69.0244  0  -1.45557  153.03
5.53  153.722  0  55.7168  69.1952  0  -1.55721  153.721
5.54  154.415  0  55.7007  69.366  0  -1.65909  154.414
5.55  155.11  0  55.6836  69.5369  0  -1.76121  155.108
5.56  155.806  0  55.6655  69.7077  0  -1.86358  155.805
5.57  156.504  0  55.6463  69.8786  0  -1.96618  156.502
5.58  157.203  0  55.6261  70.0495  0  -2.06903  157.202
5.59  157.905  0  55.6049  70.2204  0  -2.17211  157.903
5.6  158.608  0  55.5827  70.3912  0  -2.27543  158.606
5.61  159.313  0  55.5594  70.5621  0  -2.37899  159.311
5.62  160.019  0  55.5351  70.733  0  -2.48279  160.018
5.63  160.727  0  55.5098  70.9039  0  -2.58682  160.726
5.64  161.437  0  55.4834  71.0748  0  -2.69109  161.436
5.65  162.149  0  55.4559  71.2457  0  -2.7956  162.147
5.66  162.862  0  55.4275  71.4167  0  -2.90034  162.861
5.67  163.577  0  55.3979  71.5876  0  -3.00531  163.576
5.68  164.294  0  55.3674  71.7585  0  -3.11052  164.292
5.69  165.012  0  55.3357  71.9294  0  -3.21596  165.011
5.7  165.732  0  55.303  72.1003  0  -3.32164  165.731
5.71  166.454  0  55.2693  72.2713  0  -3.42754  166.453
5.72  167.178  0  55.2345  72.4422  0  -3.53368  167.176
5.73  167.903  0  55.1986  72.6131  0  -3.64005  167.902
5.74  168.63  0  55.1617  72.7841  0  -3.74665  168.629
5.75  169.359  0  55.1237  72.955  0  -3.85348  169.357
5.76  170.089  0  55.0846  73.1259  0  -3.96054  170.088
5.77  170.821  0  55.0445  73.2969  0  -4.06783  170.82
5.78  171.555  0  55.0033  73.4678  0  -4.17535  171.554
5.79  172.291  0  54.961  73.6388  0  -4.28309  172.289
5.8  173.028  0  54.9176  73.8097  0  -4.39107  173.026
5.81  173.767  0  54.8731  73.9806  0  -4.49927  173.765
5.82  174.508  0  54.8276  74.1516  0  -4.60769  174.506
5.83  175.25  0  54.781  74.3225  0  -4.71634  175.248
5.84  175.994  0  54.7333  74.4934  0  -4.82522  175.993
5.85  176.74  0  54.6845  74.6644  0  -4.93432  176.738
5.86  177.487  0  54.6346  74.8353  0  -5.04365  177.486
5.87  178.237  0  54.5836  75.0062  0  -5.15319  178.235
5.88  178.987  0  54.5315  75.1772  0  -5.26297  178.986
5.89  179.74  0  54.4783  75.3481  0  -5.37296  179.738
5.9  180.494  0  54.4241  75.519  0  -5.48318  180.493
5.91  181.25  0  54.3687  75.6899  0  -5.59361  181.249
5.92  182.008  0  54.3122  75.8609  0  -5.70427  182.007
5.93  182.768  0  54.2546  76.0318  0  -5.81515  182.766
5.94  183.529  0  54.1959  76.2027  0  -5.92625  183.527
5.95  184.292  0  54.1361  76.3736  0  -6.03757  184.29
5.96  185.056  0  54.0751  76.5445  0  -6.1491  185.055
5.97  185.823  0  54.0131  76.7154  0  -6.26086  185.821
5.98  186.591  0  53.9499  76.8863  0  -6.37283  186.589
5.99  187.36  0  53.8856  77.0572  0  -6.48502  187.359
6  188.132  0  53.8202  77.2281  0  -6.59743  188.13
6.01  188.905  0  53.7537  77.399  0  -6.71005  188.903
6.02  189.68  0  53.686  77.5699  0  -6.82289  189.678
6.03  190.456  0  53.6172  77.7407  0  -6.93594  190.455
6.04  191.235  0  53.5473  77.9116  0  -7.04921  191.233
6.05  192.015  0  53.4762  78.0825  0  -7.1627  192.013
6.06  192.796  0  53.404  78.2533  0  -7.27639  192.795
6.07  193.58  0  53.3307  78.4242  0  -7.3903  193.578
6.08  194.365  0  53.2562  78.595  0  -7.50443  194.363
6.09  195.151  0  53.1806  78.7658  0  -7.61876  195.15
6.1  195.94  0  53.1039  78.9367  0  -7.73331  195.938
6.11  196.73  0  53.026  79.1075  0  -7.84806  196.729
6.12  197.522  0  52.9469  79.2783  0  -7.96303  197.521
6.13  198.316  0  52.8667  79.4491  0  -8.07821  198.314
6.14  199.111  0  52.7853  79.6199  0  -8.1936  199.109
6.15  199.908  0  52.7028  79.7907  0  -8.3092  199.907
6.16  200.707  0  52.6191  79.9615  0  -8.425  200.705
6.17  201.507  0  52.5343  80.1322  0  -8.54102  201.506
6.18  202.31  0  52.4483  80.303  0  -8.65724  202.308
6.19  203.113  0  52.3612  80.4738  0  -8.77367  203.112
6.2  203.919  0  52.2729  80.6445  0  -8.8903  203.917
6.21  204.726  0  52.1834  80.8152  0  -9.00715  204.725
6.22  205.535  0  52.0927  80.986  0  -9.1242  205.534
6.23  206.346  0  52.0009  81.1567  0  -9.24145  206.344
6.24  207.158  0  51.9079  81.3274  0  -9.35891  207.157
6.25  207.973  0  51.8137  81.4981  0  -9.47657  207.971
6.26  208.788  0  51.7183  81.6688  0  -9.59444  208.787
6.27  209.606  0  51.6218  81.8394  0  -9.71251  209.604
6.28  210.425  0  51.5241  82.0101  0  -9.83078  210.424
6.29  211.246  0  51.4252  82.1808  0  -9.94926  211.244
6.3  212.069  0  51.3251  82.3514  0  -10.0679  212.067
6.31  212.893  0  51.2238  82.522  0  -10.1868  212.892
6.32  213.719  0  51.1214  82.6927  0  -10.3059  213.718
6.33  214.547  0  51.0177  82.8633  0  -10.4252  214.545
6.34  215.377  0  50.9129  83.0339  0  -10.5447  215.375
6.35  216.208  0  50.8068  83.2045  0  -10.6643  216.206
6.36  217.041  0  50.6996  83.375  0  -10.7842  217.039
6.37  217.875  0  50.5911  83.5456  0  -10.9043  217.874
6.38  218.712  0  50.4815  83.7162  0  -11.0246  218.71
6.39  219.55  0  50.3706  83.8867  0  -11.145  219.548
6.4  220.389  0  50.2586  84.0572  0  -11.2657  220.388
6.41  221.231  0  50.1453  84.2277  0  -11.3866  221.229
6.42  222.074  0  50.0309  84.3982  0  -11.5077  222.072
6.43  222.919  0  49.9152  84.5687  0  -11.6289  222.917
6.44  223.765  0  49.7983  84.7392  0  -11.7504  223.763
6.45  224.613  0  49.6802  84.9096  0  -11.872  224.612
6.46  225.463  0  49.5608  85.0801  0  -11.9939  225.462
6.47  226.315  0  49.4403  85.2505  0  -12.1159  226.313
6.48  227.168  0  49.3185  85.4209  0  -12.2381  227.167
6.49  228.023  0  49.1955  85.5914  0  -12.3606  228.022
6.5  228.88  0  49.0713  85.7617  0  -12.4832  228.879
6.51  229.739  0  48.9459  85.9321  0  -12.606  229.737
6.52  230.599  0  48.8192  86.1025  0  -12.729  230.597
6.53  231.461  0  48.6913  86.2728  0  -12.8522  231.459
6.54  232.324  0  48.5621  86.4432  0  -12.9756  232.323
6.55  233.19  0  48.4318  86.6135  0  -13.0992  233.188
6.56  234.057  0  48.3002  86.7838  0  -13.223  234.055
6.57  234.925  0  48.1673  86.9541  0  -13.3469  234.924
6.58  235.796  0  48.0332  87.1243  0  -13.4711  235.794
6.59  236.668  0  47.8979  87.2946  0  -13.5954  236.666
6.6  237.542  0  47.7613  87.4648  0  -13.7199  237.54
6.61  238.417  0  47.6235  87.6351  0  -13.8446  238.415
6.62  239.294  0  47.4844  87.8053  0  -13.9695  239.293
6.63  240.173  0  47.3441  87.9755  0  -14.0946  240.171
6.64  241.054  0  47.2025  88.1456  0  -14.2199  241.052
6.65  241.936  0  47.0597  88.3158  0  -14.3454  241.934
6.66  242.82  0  46.9156  88.4859  0  -14.471  242.818
6.67  243.706  0  46.7703  88.6561  0  -14.5968  243.704
6.68  244.593  0  46.6237  88.8262  0  -14.7229  244.591
6.69  245.482  0  46.4758  88.9963  0  -14.8491  245.481
6.7  246.373  0  46.3267  89.1663  0  -14.9755  246.371
6.71  247.266  0  46.1763  89.3364  0  -15.102  247.264
6.72  248.16  0  46.0247  89.5065  0  -15.2288  248.158
6.73  249.056  0  45.8717  89.6765  0  -15.3557  249.054
6.74  249.953  0  45.7175  89.8465  0  -15.4828  249.952
6.75  250.853  0  45.5621  90.0165  0  -15.6102  250.851
6.76  251.754  0  45.4053  90.1864  0  -15.7376  251.752
6.77  252.656  0  45.2473  90.3564  0  -15.8653  252.655
6.78  253.561  0  45.088  90.5263  0  -15.9932  253.559
6.79  254.467  0  44.9275  90.6963  0  -16.1212  254.465
6.8  255.375  0  44.7656  90.8662  0  -16.2494  255.373
6.81  256.284  0  44.6025  91.036  0  -16.3778  256.283
6.82  257.196  0  44.438  91.2059  0  -16.5063  257.194
6.83  258.108  0  44.2723  91.3757  0  -16.6351  258.107
6.84  259.023  0  44.1053  91.5456  0  -16.764  259.021
6.85  259.939  0  43.9371  91.7154  0  -16.8931  259.938
6.86  260.857  0  43.7675  91.8852  0  -17.0224  260.856
6.87  261.777  0  43.5966  92.0549  0  -17.1519  261.775
6.88  262.698  0  43.4244  92.2247  0  -17.2815  262.697
6.89  263.622  0  43.251  92.3944  0  -17.4113  263.62
6.9  264.546  0  43.0762  92.5641  0  -17.5413  264.545
6.91  265.473  0  42.9002  92.7338  0  -17.6715  265.471
6.92  266.401  0  42.7228  92.9035  0  -17.8018  266.399
6.93  267.331  0  42.5441  93.0732  0  -17.9323  267.329
6.94  268.262  0  42.3641  93.2428  0  -18.063  268.261
6.95  269.196  0  42.1829  93.4124  0  -18.1939  269.194
6.96  270.131  0  42.0003  93.582  0  -18.3249  270.129
6.97  271.067  0  41.8164  93.7516  0  -18.4561  271.066
6.98  272.006  0  41.6311  93.9211  0  -18.5875  272.004
6.99  272.946  0  41.4446  94.0907  0  -18.7191  272.944
7  273.888  0  41.2568  94.2602  0  -18.8508  273.886
7.01  274.831  0  41.0676  94.4297  0  -18.9827  274.829
7.02  275.776  0  40.8771  94.5992  0  -19.1148  275.774
7.03  276.723  0  40.6853  94.7686  0  -19.247  276.721
7.04  277.672  0  40.4922  94.9381  0  -19.3794  277.67
7.05  278.622  0  40.2977  95.1075  0  -19.512  278.62
7.06  279.574  0  40.1019  95.2769  0  -19.6448  279.572
7.07  280.527  0  39.9048  95.4462  0  -19.7777  280.526
7.08  281.483  0  39.7064  95.6156  0  -19.9108  281.481
7.09  282.44  0  39.5066  95.7849  0  -20.0441  282.438
7.1  283.398  0  39.3055  95.9542  0  -20.1775  283.397
7.11  284.359  0  39.103  96.1235  0  -20.3111  284.357
7.12  285.321  0  38.8993  96.2928  0  -20.4449  285.319
7.13  286.285  0  38.6941  96.4621  0  -20.5788  286.283
7.14  287.25  0  38.4877  96.6313  0  -20.7129  287.248
7.15  288.217  0  38.2799  96.8005  0  -20.8472  288.215
7.16  289.186  0  38.0707  96.9697  0  -20.9816  289.184
7.17  290.157  0  37.8603  97.1388  0  -21.1162  290.155
7.18  291.129  0  37.6484  97.308  0  -21.251  291.127
7.19  292.103  0  37.4352  97.4771  0  -21.386  292.101
7.2  293.078  0  37.2207  97.6462  0  -21.5211  293.077
7.21  294.056  0  37.0048  97.8153  0  -21.6563  294.054
7.22  295.035  0  36.7876  97.9843  0  -21.7918  295.033
7.23  296.015  0  36.569  98.1534  0  -21.9274  296.014
7.24  296.998  0  36.349  98.3224  0  -22.0631  296.996
7.25  297.982  0  36.1277  98.4914  0  -22.199  297.98
7.26  298.968  0  35.905  98.6603  0  -22.3351  298.966
7.27  299.955  0  35.681  98.8293  0  -22.4714  299.953
7.28  300.944  0  35.4556  98.9982  0  -22.6078  300.942
7.29  301.935  0  35.2289  99.1671  0  -22.7444  301.933
7.3  302.927  0  35.0007  99.336  0  -22.8811  302.926
7.31  303.922  0  34.7712  99.5049  0  -23.018  303.92
7.32  304.918  0  34.5404  99.6737  0  -23.155  304.916
7.33  305.915  0  34.3081  99.8425  0  -23.2923  305.914
7.34  306.914  0  34.0745  100.011  0  -23.4296  306.913
7.35  307.915  0  33.8395  100.18  0  -23.5672  307.914
7.36  308.918  0  33.6032  100.349  0  -23.7049  308.916
7.37  309.922  0  33.3654  100.518  0  -23.8427  309.921
7.38  310.928  0  33.1263  100.686  0  -23.9808  310.927
7.39  311.936  0  32.8858  100.855  0  -24.1189  311.934
7.4  312.945  0  32.6439  101.024  0  -24.2573  312.944
7.41  313.957  0  32.4007  101.192  0  -24.3958  313.955
7.42  314.969  0  32.156  101.361  0  -24.5344  314.968
7.43  315.984  0  31.91  101.529  0  -24.6732  315.982
7.44  317  0  31.6626  101.698  0  -24.8122  316.998
7.45  318.018  0  31.4137  101.867  0  -24.9513  318.016
7.46  319.037  0  31.1635  102.035  0  -25.0906  319.036
7.47  320.058  0  30.9119  102.204  0  -25.23  320.057
7.48  321.081  0  30.6589  102.372  0  -25.3696  321.08
7.49  322.106  0  30.4045  102.541  0  -25.5094  322.104
7.5  323.132  0  30.1487  102.709  0  -25.6493  323.131
7.51  324.16  0  29.8915  102.877  0  -25.7893  324.159
7.52  325.19  0  29.633  103.046  0  -25.9296  325.188
7.53  326.221  0  29.373  103.214  0  -26.0699  326.219
7.54  327.254  0  29.1116  103.383  0  -26.2104  327.252
7.55  328.289  0  28.8487  103.551  0  -26.3511  328.287
7.56  329.325  0  28.5845  103.719  0  -26.492  329.324
7.57  330.363  0  28.3189  103.888  0  -26.6329  330.362
7.58  331.403  0  28.0519  104.056  0  -26.7741  331.401
7.59  332.444  0  27.7834  104.224  0  -26.9154  332.443
7.6  333.487  0  27.5136  104.392  0  -27.0568  333.486
7.61  334.532  0  27.2423  104.561  0  -27.1984  334.531
7.62  335.578  0  26.9696  104.729  0  -27.3402  335.577
7.63  336.627  0  26.6955  104.897  0  -27.4821  336.625
7.64  337.676  0  26.42  105.065  0  -27.6241  337.675
7.65  338.728  0  26.143  105.233  0  -27.7663  338.726
7.66  339.781  0  25.8646  105.401  0  -27.9087  339.78
7.67  340.836  0  25.5848  105.569  0  -28.0512  340.835
7.68  341.892  0  25.3036  105.738  0  -28.1938  341.891
7.69  342.951  0  25.021  105.906  0  -28.3366  342.949
7.7  344.011  0  24.7369  106.074  0  -28.4796  344.009
7.71  345.072  0  24.4514  106.242  0  -28.6227  345.071
7.72  346.135  0  24.1644  106.41  0  -28.7659  346.134
7.73  347.2  0  23.876  106.578  0  -28.9093  347.199
7.74  348.267  0  23.5862  106.746  0  -29.0529  348.266
7.75  349.335  0  23.295  106.913  0  -29.1966  349.334
7.76  350.405  0  23.0023  107.081  0  -29.3405  350.404
7.77  351.477  0  22.7082  107.249  0  -29.4845  351.476
7.78  352.55  0  22.4126  107.417  0  -29.6286  352.549
7.79  353.625  0  22.1156  107.585  0  -29.7729  353.624
7.8  354.702  0  21.8171  107.753  0  -29.9173  354.701
7.81  355.78  0  21.5173  107.921  0  -30.0619  355.779
7.82  356.86  0  21.2159  108.088  0  -30.2067  356.859
7.83  357.942  0  20.9131  108.256  0  -30.3516  357.941
7.84  359.025  0  20.6089  108.424  0  -30.4966  359.024
7.85  360.111  0  20.3032  108.592  0  -30.6417  360.109
7.86  361.197  0  19.996  108.759  0  -30.787  361.196
7.87  362.286  0  19.6874  108.927  0  -30.9325  362.285
7.88  363.376  0  19.3774  109.095  0  -31.0781  363.375
7.89  364.468  0  19.0659  109.262  0  -31.2239  364.466
7.9  365.561  0  18.7529  109.43  0  -31.3698  365.56
7.91  366.656  0  18.4385  109.598  0  -31.5158  366.655
7.92  367.753  0  18.1226  109.765  0  -31.662  367.752
7.93  368.851  0  17.8052  109.933  0  -31.8084  368.85
7.94  369.952  0  17.4864  110.1  0  -31.9548  369.951
7.95  371.054  0  17.1661  110.268  0  -32.1015  371.053
7.96  372.157  0  16.8444  110.436  0  -32.2482  372.156
7.97  373.262  0  16.5212  110.603  0  -32.3951  373.261
7.98  374.369  0  16.1965  110.77  0  -32.5422  374.368
7.99  375.478  0  15.8703  110.938  0  -32.6893  375.477
8  376.588  0  15.5427  111.105  0  -32.8367  376.587
8.01  377.7  0  15.2136  111.273  0  -32.9842  377.699
8.02  378.813  0  14.883  111.44  0  -33.1318  378.812
8.03  379.929  0  14.551  111.608  0  -33.2795  379.928
8.04  381.045  0  14.2174  111.775  0  -33.4274  381.045
8.05  382.164  0  13.8824  111.942  0  -33.5754  382.163
8.06  383.284  0  13.5459  112.11  0  -33.7237  383.283
8.07  384.406  0  13.2079  112.277  0  -33.872  384.405
8.08  385.53  0  12.8685  112.444  0  -34.0205  385.529
8.09  386.655  0  12.5275  112.612  0  -34.169  386.654
8.1  387.782  0  12.1851  112.779  0  -34.3178  387.781
8.11  388.911  0  11.8412  112.946  0  -34.4666  388.91
8.12  390.041  0  11.4958  113.113  0  -34.6156  390.04
8.13  391.173  0  11.1489  113.28  0  -34.7648  391.172
8.14  392.307  0  10.8005  113.447  0  -34.914  392.306
8.15  393.442  0  10.4506  113.614  0  -35.0634  393.441
8.16  394.579  0  10.0992  113.781  0  -35.2129  394.578
8.17  395.718  0  9.74633  113.948  0  -35.3626  395.717
8.18  396.858  0  9.39195  114.115  0  -35.5124  396.857
8.19  398  0  9.03608  114.282  0  -35.6623  397.999
8.2  399.143  0  8.67871  114.448  0  -35.8123  399.143
8.21  400.289  0  8.31983  114.615  0  -35.9624  400.288
8.22  401.436  0  7.95946  114.782  0  -36.1126  401.435
8.23  402.584  0  7.59758  114.948  0  -36.263  402.584
8.24  403.735  0  7.2342  115.114  0  -36.4135  403.734
8.25  404.887  0  6.86931  115.281  0  -36.5641  404.886
8.26  406.04  0  6.50292  115.447  0  -36.7148  406.04
8.27  407.196  0  6.13502  115.613  0  -36.8656  407.195
8.28  408.353  0  5.76561  115.779  0  -37.0165  408.352
8.29  409.511  0  5.39469  115.945  0  -37.1675  409.511
8.3  410.672  0  5.02226  116.111  0  -37.3186  410.671
8.31  411.833  0  4.64831  116.276  0  -37.4699  411.833
8.32  412.997  0  4.27286  116.442  0  -37.6212  412.997
8.33  414.162  0  3.89589  116.607  0  -37.7726  414.162
8.34  415.329  0  3.51741  116.772  0  -37.9241  415.329
8.35  416.498  0  3.13741  116.938  0  -38.0758  416.498
8.36  417.668  0  2.75589  117.103  0  -38.2275  417.668
8.37  418.84  0  2.37286  117.267  0  -38.3793  418.84
8.38  420.013  0  1.9883  117.432  0  -38.5312  420.013
8.39  421.188  0  1.60223  117.597  0  -38.6832  421.188
8.4  422.365  0  1.21464  117.761  0  -38.8352  422.365
8.41  423.544  0  0.825527  117.925  0  -38.9874  423.544
8.42  424.724  0  0.434893  118.089  0  -39.1396  424.724
8.43  425.905  0  0.0427362  118.253  0  -39.2918  425.905
8.44  427.089  0  -0.350944  118.417  0  -39.4443  427.089
