t  x  y  z  vx  vy  vz  range
0  0  0  0  34.6252  0  29.054  0
0  0.345946  0  0.289794  34.5641  0  28.9048  0.345946
0.01  0.691283  0  0.578098  34.5034  0  28.7561  0.691283
0.02  1.03602  0  0.864918  34.443  0  28.6079  1.03602
0.03  1.38015  0  1.15026  34.383  0  28.4602  1.38015
0.04  1.72368  0  1.43412  34.3234  0  28.3129  1.72368
0.05  2.06661  0  1.71652  34.2641  0  28.1661  2.06661
0.06  2.40896  0  1.99744  34.2052  0  28.0197  2.40896
0.07  2.75072  0  2.27691  34.1466  0  27.8738  2.75072
0.08  3.09189  0  2.55492  34.0884  0  27.7284  3.09189
0.09  3.43249  0  2.83148  34.0305  0  27.5834  3.43249
0.1  3.7725  0  3.10659  33.973  0  27.4388  3.7725
0.11  4.11195  0  3.38026  33.9158  0  27.2947  4.11195
0.12  4.45082  0  3.65249  33.8589  0  27.151  4.45082
0.13  4.78913  0  3.92328  33.8024  0  27.0078  4.78913
0.14  5.12687  0  4.19264  33.7462  0  26.865  5.12687
0.15  5.46405  0  4.46058  33.6904  0  26.7226  5.46405
0.16  5.80068  0  4.7271  33.6348  0  26.5806  5.80068
0.17  6.13675  0  4.9922  33.5796  0  26.4391  6.13675
0.18  6.47227  0  5.25588  33.5247  0  26.298  6.47227
0.19  6.80725  0  5.51816  33.4702  0  26.1572  6.80725
0.2  7.14168  0  5.77903  33.4159  0  26.0169  7.14168
0.21  7.47557  0  6.0385  33.362  0  25.877  7.47557
0.22  7.80892  0  6.29657  33.3084  0  25.7375  7.80892
0.23  8.14174  0  6.55325  33.2551  0  25.5984  8.14174
0.24  8.47402  0  6.80854  33.2021  0  25.4597  8.47402
0.25  8.80578  0  7.06244  33.1494  0  25.3214  8.80578
0.26  9.13701  0  7.31497  33.097  0  25.1834  9.13701
0.27  9.46772  0  7.56611  33.045  0  25.0459  9.46772
0.28  9.79791  0  7.81588  32.9932  0  24.9087  9.79791
0.29  10.1276  0  8.06429  32.9417  0  24.7719  10.1276
0.3  10.4567  0  8.31132  32.8905  0  24.6355  10.4567
0.31  10.7854  0  8.557  32.8396  0  24.4994  10.7854
0.32  11.1135  0  8.80131  32.789  0  24.3638  11.1135
0.33  11.4412  0  9.04427  32.7387  0  24.2284  11.4412
0.34  11.7683  0  9.28588  32.6886  0  24.0935  11.7683
0.35  12.0949  0  9.52615  32.6389  0  23.9589  12.0949
0.36  12.4211  0  9.76506  32.5894  0  23.8246  12.4211
0.37  12.7467  0  10.0026  32.5402  0  23.6908  12.7467
0.38  13.0719  0  10.2389  32.4913  0  23.5572  13.0719
0.39  13.3966  0  10.4738  32.4427  0  23.424  13.3966
0.4  13.7207  0  10.7074  32.3943  0  23.2912  13.7207
0.41  14.0445  0  10.9396  32.3462  0  23.1587  14.0445
0.42  14.3677  0  11.1705  32.2984  0  23.0265  14.3677
0.43  14.6904  0  11.4001  32.2508  0  22.8947  14.6904
0.44  15.0127  0  11.6284  32.2035  0  22.7632  15.0127
0.45  15.3345  0  11.8554  32.1565  0  22.632  15.3345
0.46  15.6558  0  12.0811  32.1097  0  22.5011  15.6558
0.47  15.9767  0  12.3054  32.0632  0  22.3706  15.9767
0.48  16.2971  0  12.5285  32.0169  0  22.2404  16.2971
0.49  16.617  0  12.7502  31.9709  0  22.1105  16.617
0.5  16.9365  0  12.9707  31.9252  0  21.981  16.9365
0.51  17.2555  0  13.1899  31.8797  0  21.8517  17.2555
0.52  17.5741  0  13.4077  31.8345  0  21.7228  17.5741
0.53  17.8922  0  13.6243  31.7895  0  21.5941  17.8922
0.54  18.2099  0  13.8396  31.7447  0  21.4658  18.2099
0.55  18.5271  0  14.0536  31.7002  0  21.3378  18.5271
0.56  18.8439  0  14.2664  31.656  0  21.2101  18.8439
0.57  19.1602  0  14.4778  31.6119  0  21.0826  19.1602
0.58  19.4761  0  14.688  31.5681  0  20.9555  19.4761
0.59  19.7916  0  14.8969  31.5246  0  20.8287  19.7916
0.6  20.1066  0  15.1046  31.4813  0  20.7021  20.1066
0.61  20.4212  0  15.311  31.4382  0  20.5759  20.4212
0.62  20.7354  0  15.5161  31.3954  0  20.4499  20.7354
0.63  21.0491  0  15.72  31.3528  0  20.3242  21.0491
0.64  21.3624  0  15.9226  31.3104  0  20.1988  21.3624
0.65  21.6753  0  16.124  31.2682  0  20.0737  21.6753
0.66  21.9878  0  16.3241  31.2263  0  19.9488  21.9878
0.67  22.2999  0  16.5229  31.1846  0  19.8242  22.2999
0.68  22.6115  0  16.7206  31.1431  0  19.6999  22.6115
0.69  22.9227  0  16.9169  31.1018  0  19.5759  22.9227
0.7  23.2335  0  17.1121  31.0608  0  19.4521  23.2335
0.71  23.5439  0  17.306  31.0199  0  19.3286  23.5439
0.72  23.8539  0  17.4987  30.9793  0  19.2054  23.8539
0.73  24.1635  0  17.6901  30.9389  0  19.0824  24.1635
0.74  24.4727  0  17.8803  30.8987  0  18.9596  24.4727
0.75  24.7815  0  18.0693  30.8587  0  18.8372  24.7815
0.76  25.0899  0  18.257  30.819  0  18.715  25.0899
0.77  25.3979  0  18.4436  30.7794  0  18.593  25.3979
0.78  25.7055  0  18.6289  30.7401  0  18.4713  25.7055
0.79  26.0127  0  18.813  30.7009  0  18.3498  26.0127
0.8  26.3195  0  18.9959  30.662  0  18.2286  26.3195
0.81  26.6259  0  19.1776  30.6232  0  18.1076  26.6259
0.82  26.932  0  19.3581  30.5847  0  17.9869  26.932
0.83  27.2376  0  19.5373  30.5463  0  17.8664  27.2376
0.84  27.5429  0  19.7154  30.5082  0  17.7462  27.5429
0.85  27.8478  0  19.8922  30.4702  0  17.6262  27.8478
0.86  28.1523  0  20.0679  30.4325  0  17.5064  28.1523
0.87  28.4564  0  20.2424  30.3949  0  17.3868  28.4564
0.88  28.7602  0  20.4156  30.3575  0  17.2675  28.7602
0.89  29.0636  0  20.5877  30.3204  0  17.1484  29.0636
0.9  29.3666  0  20.7586  30.2834  0  17.0296  29.3666
0.91  29.6693  0  20.9283  30.2466  0  16.9109  29.6693
0.92  29.9715  0  21.0968  30.2099  0  16.7925  29.9715
0.93  30.2735  0  21.2642  30.1735  0  16.6743  30.2735
0.94  30.575  0  21.4303  30.1373  0  16.5563  30.575
0.95  30.8762  0  21.5953  30.1012  0  16.4386  30.8762
0.96  31.177  0  21.7591  30.0653  0  16.321  31.177
0.97  31.4775  0  21.9217  30.0296  0  16.2037  31.4775
0.98  31.7776  0  22.0832  29.9941  0  16.0866  31.7776
0.99  32.0774  0  22.2435  29.9587  0  15.9697  32.0774
1  32.3768  0  22.4026  29.9235  0  15.853  32.3768
1.01  32.6759  0  22.5605  29.8885  0  15.7365  32.6759
1.02  32.9746  0  22.7173  29.8537  0  15.6202  32.9746
1.03  33.2729  0  22.8729  29.819  0  15.5042  33.2729
1.04  33.571  0  23.0274  29.7845  0  15.3883  33.571
1.05  33.8686  0  23.1807  29.7502  0  15.2726  33.8686
1.06  34.166  0  23.3328  29.7161  0  15.1571  34.166
1.07  34.463  0  23.4838  29.6821  0  15.0419  34.463
1.08  34.7596  0  23.6337  29.6483  0  14.9268  34.7596
1.09  35.0559  0  23.7824  29.6146  0  14.8119  35.0559
1.1  35.3519  0  23.9299  29.5811  0  14.6972  35.3519
1.11  35.6475  0  24.0763  29.5478  0  14.5827  35.6475
1.12  35.9429  0  24.2216  29.5146  0  14.4684  35.9429
1.13  36.2378  0  24.3657  29.4816  0  14.3542  36.2378
1.14  36.5325  0  24.5086  29.4488  0  14.2403  36.5325
1.15  36.8268  0  24.6505  29.4161  0  14.1265  36.8268
1.16  37.1208  0  24.7912  29.3835  0  14.013  37.1208
1.17  37.4145  0  24.9307  29.3512  0  13.8996  37.4145
1.18  37.7078  0  25.0692  29.3189  0  13.7864  37.7078
1.19  38.0009  0  25.2065  29.2869  0  13.6733  38.0009
1.2  38.2936  0  25.3426  29.2549  0  13.5605  38.2936
1.21  38.586  0  25.4777  29.2231  0  13.4478  38.586
1.22  38.878  0  25.6116  29.1915  0  13.3353  38.878
1.23  39.1698  0  25.7444  29.16  0  13.223  39.1698
1.24  39.4612  0  25.8761  29.1287  0  13.1108  39.4612
1.25  39.7524  0  26.0066  29.0975  0  12.9989  39.7524
1.26  40.0432  0  26.136  29.0665  0  12.887  40.0432
1.27  40.3337  0  26.2643  29.0356  0  12.7754  40.3337
1.28  40.6239  0  26.3915  29.0048  0  12.6639  40.6239
1.29  40.9138  0  26.5176  28.9742  0  12.5526  40.9138
1.3  41.2034  0  26.6426  28.9437  0  12.4414  41.2034
1.31  41.4927  0  26.7665  28.9134  0  12.3305  41.4927
1.32  41.7817  0  26.8892  28.8832  0  12.2196  41.7817
1.33  42.0703  0  27.0108  28.8532  0  12.109  42.0703
1.34  42.3587  0  27.1314  28.8232  0  11.9985  42.3587
1.35  42.6468  0  27.2508  28.7934  0  11.8881  42.6468
1.36  42.9346  0  27.3691  28.7638  0  11.7779  42.9346
1.37  43.2221  0  27.4864  28.7343  0  11.6679  43.2221
1.38  43.5093  0  27.6025  28.7049  0  11.558  43.5093
1.39  43.7962  0  27.7175  28.6756  0  11.4483  43.7962
1.4  44.0828  0  27.8315  28.6465  0  11.3387  44.0828
1.41  44.3691  0  27.9443  28.6175  0  11.2292  44.3691
1.42  44.6551  0  28.0561  28.5886  0  11.12  44.6551
1.43  44.9409  0  28.1667  28.5599  0  11.0108  44.9409
1.44  45.2263  0  28.2763  28.5312  0  10.9018  45.2263
1.45  45.5115  0  28.3847  28.5027  0  10.793  45.5115
1.46  45.7964  0  28.4921  28.4744  0  10.6843  45.7964
1.47  46.081  0  28.5984  28.4461  0  10.5758  46.081
1.48  46.3653  0  28.7037  28.418  0  10.4674  46.3653
1.49  46.6493  0  28.8078  28.39  0  10.3591  46.6493
1.5  46.9331  0  28.9108  28.3621  0  10.251  46.9331
1.51  47.2166  0  29.0128  28.3343  0  10.143  47.2166
1.52  47.4998  0  29.1137  28.3067  0  10.0351  47.4998
1.53  47.7827  0  29.2135  28.2791  0  9.92741  47.7827
1.54  48.0654  0  29.3122  28.2517  0  9.81983  48.0654
1.55  48.3478  0  29.4099  28.2244  0  9.71239  48.3478
1.56  48.6299  0  29.5065  28.1972  0  9.60508  48.6299
1.57  48.9117  0  29.602  28.1702  0  9.4979  48.9117
1.58  49.1933  0  29.6964  28.1432  0  9.39086  49.1933
1.59  49.4746  0  29.7898  28.1163  0  9.28395  49.4746
1.6  49.7556  0  29.8821  28.0896  0  9.17716  49.7556
1.61  50.0364  0  29.9734  28.063  0  9.07051  50.0364
1.62  50.3169  0  30.0635  28.0364  0  8.96398  50.3169
1.63  50.5971  0  30.1526  28.01  0  8.85758  50.5971
1.64  50.8771  0  30.2407  27.9837  0  8.75131  50.8771
1.65  51.1568  0  30.3277  27.9575  0  8.64516  51.1568
1.66  51.4362  0  30.4136  27.9314  0  8.53914  51.4362
1.67  51.7154  0  30.4985  27.9054  0  8.43323  51.7154
1.68  51.9943  0  30.5823  27.8795  0  8.32746  51.9943
1.69  52.273  0  30.665  27.8538  0  8.2218  52.273
1.7  52.5514  0  30.7467  27.8281  0  8.11626  52.5514
1.71  52.8295  0  30.8273  27.8025  0  8.01084  52.8295
1.72  53.1074  0  30.9069  27.777  0  7.90555  53.1074
1.73  53.3851  0  30.9854  27.7516  0  7.80036  53.3851
1.74  53.6625  0  31.0629  27.7263  0  7.6953  53.6625
1.75  53.9396  0  31.1393  27.7011  0  7.59035  53.9396
1.76  54.2165  0  31.2147  27.676  0  7.48552  54.2165
1.77  54.4931  0  31.2891  27.651  0  7.3808  54.4931
1.78  54.7695  0  31.3623  27.6261  0  7.2762  54.7695
1.79  55.0457  0  31.4346  27.6013  0  7.17171  55.0457
1.8  55.3215  0  31.5058  27.5766  0  7.06733  55.3215
1.81  55.5972  0  31.5759  27.552  0  6.96306  55.5972
1.82  55.8726  0  31.645  27.5274  0  6.8589  55.8726
1.83  56.1477  0  31.7131  27.503  0  6.75486  56.1477
1.84  56.4226  0  31.7801  27.4786  0  6.65092  56.4226
1.85  56.6973  0  31.8461  27.4544  0  6.54709  56.6973
1.86  56.9717  0  31.9111  27.4302  0  6.44336  56.9717
1.87  57.2459  0  31.975  27.4061  0  6.33975  57.2459
1.88  57.5199  0  32.0379  27.3821  0  6.23624  57.5199
1.89  57.7936  0  32.0997  27.3582  0  6.13283  57.7936
1.9  58.067  0  32.1605  27.3343  0  6.02953  58.067
1.91  58.3402  0  32.2203  27.3106  0  5.92634  58.3402
1.92  58.6132  0  32.2791  27.2869  0  5.82324  58.6132
1.93  58.886  0  32.3368  27.2633  0  5.72025  58.886
1.94  59.1585  0  32.3935  27.2398  0  5.61736  59.1585
1.95  59.4308  0  32.4491  27.2164  0  5.51457  59.4308
1.96  59.7028  0  32.5038  27.193  0  5.41188  59.7028
1.97  59.9746  0  32.5574  27.1698  0  5.3093  59.9746
1.98  60.2462  0  32.6099  27.1466  0  5.20681  60.2462
1.99  60.5176  0  32.6615  27.1235  0  5.10442  60.5176
2  60.7887  0  32.712  27.1004  0  5.00212  60.7887
2.01  61.0596  0  32.7615  27.0775  0  4.89993  61.0596
2.02  61.3302  0  32.81  27.0546  0  4.79783  61.3302
2.03  61.6007  0  32.8575  27.0318  0  4.69583  61.6007
2.04  61.8709  0  32.9039  27.0091  0  4.59392  61.8709
2.05  62.1409  0  32.9494  26.9864  0  4.4921  62.1409
2.06  62.4106  0  32.9938  26.9638  0  4.39039  62.4106
2.07  62.6801  0  33.0372  26.9413  0  4.28876  62.6801
2.08  62.9494  0  33.0796  26.9189  0  4.18723  62.9494
2.09  63.2185  0  33.1209  26.8965  0  4.08579  63.2185
2.1  63.4874  0  33.1613  26.8742  0  3.98444  63.4874
2.11  63.756  0  33.2006  26.8519  0  3.88318  63.756
2.12  64.0244  0  33.2389  26.8298  0  3.78202  64.0244
2.13  64.2926  0  33.2763  26.8077  0  3.68094  64.2926
2.14  64.5606  0  33.3126  26.7856  0  3.57996  64.5606
2.15  64.8283  0  33.3479  26.7637  0  3.47906  64.8283
2.16  65.0958  0  33.3821  26.7418  0  3.37825  65.0958
2.17  65.3631  0  33.4154  26.7199  0  3.27754  65.3631
2.18  65.6302  0  33.4477  26.6981  0  3.1769  65.6302
2.19  65.8971  0  33.479  26.6764  0  3.07636  65.8971
2.2  66.1638  0  33.5092  26.6548  0  2.9759  66.1638
2.21  66.4302  0  33.5385  26.6332  0  2.87553  66.4302
2.22  66.6964  0  33.5667  26.6117  0  2.77525  66.6964
2.23  66.9624  0  33.594  26.5902  0  2.67505  66.9624
2.24  67.2282  0  33.6202  26.5688  0  2.57493  67.2282
2.25  67.4938  0  33.6455  26.5474  0  2.4749  67.4938
2.26  67.7592  0  33.6697  26.5261  0  2.37496  67.7592
2.27  68.0243  0  33.693  26.5049  0  2.2751  68.0243
2.28  68.2893  0  33.7152  26.4837  0  2.17532  68.2893
2.29  68.554  0  33.7365  26.4626  0  2.07562  68.554
2.3  68.8185  0  33.7568  26.4415  0  1.97601  68.8185
2.31  69.0828  0  33.776  26.4205  0  1.87648  69.0828
2.32  69.3469  0  33.7943  26.3996  0  1.77703  69.3469
2.33  69.6108  0  33.8116  26.3786  0  1.67766  69.6108
2.34  69.8745  0  33.8278  26.3578  0  1.57837  69.8745
2.35  70.138  0  33.8431  26.337  0  1.47916  70.138
2.36  70.4012  0  33.8574  26.3162  0  1.38004  70.4012
2.37  70.6643  0  33.8707  26.2955  0  1.28099  70.6643
2.38  70.9272  0  33.883  26.2749  0  1.18202  70.9272
2.39  71.1898  0  33.8944  26.2543  0  1.08313  71.1898
2.4  71.4522  0  33.9047  26.2337  0  0.984324  71.4522
2.41  71.7145  0  33.914  26.2132  0  0.885593  71.7145
2.42  71.9765  0  33.9224  26.1928  0  0.78694  71.9765
2.43  72.2383  0  33.9298  26.1724  0  0.688365  72.2383
2.44  72.5  0  33.9362  26.152  0  0.589868  72.5
2.45  72.7614  0  33.9416  26.1317  0  0.491447  72.7614
2.46  73.0226  0  33.946  26.1114  0  0.393104  73.0226
2.47  73.2836  0  33.9494  26.0912  0  0.294838  73.2836
2.48  73.5444  0  33.9519  26.071  0  0.196647  73.5444
2.49  73.805  0  33.9534  26.0509  0  0.0985333  73.805
2.5  74.0654  0  33.9539  26.0308  0  0.000495046  74.0654
2.51  74.3256  0  33.9534  26.0107  0  -0.0974676  74.3256
2.52  74.5856  0  33.9519  25.9907  0  -0.195355  74.5856
2.53  74.8455  0  33.9495  25.9707  0  -0.293167  74.8455
2.54  75.1051  0  33.9461  25.9508  0  -0.390904  75.1051
2.55  75.3645  0  33.9417  25.9309  0  -0.488567  75.3645
2.56  75.6237  0  33.9363  25.911  0  -0.586155  75.6237
2.57  75.8827  0  33.9299  25.8912  0  -0.68367  75.8827
2.58  76.1415  0  33.9226  25.8714  0  -0.78111  76.1415
2.59  76.4001  0  33.9143  25.8517  0  -0.878476  76.4001
2.6  76.6585  0  33.9051  25.8319  0  -0.975769  76.6585
2.61  76.9168  0  33.8948  25.8123  0  -1.07299  76.9168
2.62  77.1748  0  33.8836  25.7926  0  -1.17013  77.1748
2.63  77.4326  0  33.8714  25.773  0  -1.26721  77.4326
2.64  77.6902  0  33.8582  25.7535  0  -1.36421  77.6902
2.65  77.9477  0  33.8441  25.7339  0  -1.46114  77.9477
2.66  78.2049  0  33.829  25.7144  0  -1.55799  78.2049
2.67  78.462  0  33.813  25.6949  0  -1.65477  78.462
2.68  78.7188  0  33.7959  25.6755  0  -1.75149  78.7188
2.69  78.9755  0  33.7779  25.6561  0  -1.84812  78.9755
2.7  79.2319  0  33.759  25.6367  0  -1.94469  79.2319
2.71  79.4882  0  33.739  25.6174  0  -2.04119  79.4882
2.72  79.7443  0  33.7181  25.598  0  -2.13761  79.7443
2.73  80.0002  0  33.6963  25.5787  0  -2.23396  80.0002
2.74  80.2559  0  33.6735  25.5595  0  -2.33024  80.2559
2.75  80.5114  0  33.6497  25.5402  0  -2.42645  80.5114
2.76  80.7667  0  33.6249  25.521  0  -2.52259  80.7667
2.77  81.0218  0  33.5992  25.5019  0  -2.61866  81.0218
2.78  81.2767  0  33.5726  25.4827  0  -2.71466  81.2767
2.79  81.5314  0  33.5449  25.4636  0  -2.81058  81.5314
2.8  81.786  0  33.5164  25.4445  0  -2.90644  81.786
2.81  82.0403  0  33.4868  25.4254  0  -3.00222  82.0403
2.82  82.2945  0  33.4563  25.4063  0  -3.09793  82.2945
2.83  82.5485  0  33.4249  25.3873  0  -3.19357  82.5485
2.84  82.8022  0  33.3924  25.3683  0  -3.28915  82.8022
2.85  83.0558  0  33.3591  25.3493  0  -3.38465  83.0558
2.86  83.3092  0  33.3247  25.3303  0  -3.48008  83.3092
2.87  83.5624  0  33.2895  25.3114  0  -3.57544  83.5624
2.88  83.8154  0  33.2532  25.2925  0  -3.67073  83.8154
2.89  84.0683  0  33.2161  25.2736  0  -3.76595  84.0683
2.9  84.3209  0  33.1779  25.2547  0  -3.8611  84.3209
2.91  84.5734  0  33.1388  25.2358  0  -3.95618  84.5734
2.92  84.8256  0  33.0988  25.217  0  -4.05119  84.8256
2.93  85.0777  0  33.0578  25.1982  0  -4.14613  85.0777
2.94  85.3296  0  33.0159  25.1794  0  -4.241  85.3296
2.95  85.5813  0  32.973  25.1606  0  -4.3358  85.5813
2.96  85.8328  0  32.9292  25.1418  0  -4.43053  85.8328
2.97  86.0841  0  32.8844  25.123  0  -4.52518  86.0841
2.98  86.3353  0  32.8387  25.1043  0  -4.61977  86.3353
2.99  86.5862  0  32.792  25.0856  0  -4.71429  86.5862
3  86.837  0  32.7444  25.0669  0  -4.80874  86.837
3.01  87.0876  0  32.6958  25.0482  0  -4.90311  87.0876
3.02  87.3379  0  32.6463  25.0295  0  -4.99742  87.3379
3.03  87.5881  0  32.5959  25.0108  0  -5.09166  87.5881
3.04  87.8382  0  32.5445  24.9922  0  -5.18582  87.8382
3.05  88.088  0  32.4921  24.9735  0  -5.27992  88.088
3.06  88.3376  0  32.4389  24.9549  0  -5.37394  88.3376
3.07  88.5871  0  32.3847  24.9363  0  -5.4679  88.5871
3.08  88.8364  0  32.3295  24.9177  0  -5.56178  88.8364
3.09  89.0854  0  32.2734  24.8991  0  -5.65559  89.0854
3.1  89.3343  0  32.2164  24.8805  0  -5.74934  89.3343
3.11  89.583  0  32.1584  24.8619  0  -5.84301  89.583
3.12  89.8316  0  32.0995  24.8434  0  -5.93661  89.8316
3.13  90.0799  0  32.0397  24.8248  0  -6.03014  90.0799
3.14  90.3281  0  31.9789  24.8063  0  -6.1236  90.3281
3.15  90.576  0  31.9172  24.7877  0  -6.21698  90.576
3.16  90.8238  0  31.8546  24.7692  0  -6.3103  90.8238
3.17  91.0714  0  31.791  24.7507  0  -6.40354  91.0714
3.18  91.3188  0  31.7265  24.7322  0  -6.49672  91.3188
3.19  91.5661  0  31.6611  24.7136  0  -6.58982  91.5661
3.2  91.8131  0  31.5947  24.6951  0  -6.68285  91.8131
3.21  92.06  0  31.5274  24.6766  0  -6.7758  92.06
3.22  92.3066  0  31.4592  24.6581  0  -6.86869  92.3066
3.23  92.5531  0  31.3901  24.6397  0  -6.9615  92.5531
3.24  92.7994  0  31.32  24.6212  0  -7.05424  92.7994
3.25  93.0456  0  31.249  24.6027  0  -7.14691  93.0456
3.26  93.2915  0  31.1771  24.5842  0  -7.23951  93.2915
3.27  93.5372  0  31.1042  24.5658  0  -7.33203  93.5372
3.28  93.7828  0  31.0304  24.5473  0  -7.42448  93.7828
3.29  94.0282  0  30.9557  24.5288  0  -7.51686  94.0282
3.3  94.2734  0  30.8801  24.5104  0  -7.60917  94.2734
3.31  94.5184  0  30.8035  24.4919  0  -7.7014  94.5184
3.32  94.7632  0  30.726  24.4734  0  -7.79356  94.7632
3.33  95.0079  0  30.6477  24.455  0  -7.88564  95.0079
3.34  95.2523  0  30.5683  24.4365  0  -7.97765  95.2523
3.35  95.4966  0  30.4881  24.4181  0  -8.06959  95.4966
3.36  95.7407  0  30.4069  24.3996  0  -8.16145  95.7407
3.37  95.9846  0  30.3249  24.3811  0  -8.25324  95.9846
3.38  96.2283  0  30.2419  24.3627  0  -8.34495  96.2283
3.39  96.4718  0  30.158  24.3442  0  -8.43659  96.4718
3.4  96.7152  0  30.0731  24.3257  0  -8.52816  96.7152
3.41  96.9584  0  29.9874  24.3073  0  -8.61965  96.9584
3.42  97.2013  0  29.9008  24.2888  0  -8.71106  97.2013
3.43  97.4441  0  29.8132  24.2703  0  -8.8024  97.4441
3.44  97.6867  0  29.7247  24.2519  0  -8.89366  97.6867
3.45  97.9292  0  29.6353  24.2334  0  -8.98485  97.9292
3.46  98.1714  0  29.545  24.2149  0  -9.07596  98.1714
3.47  98.4135  0  29.4538  24.1964  0  -9.16699  98.4135
3.48  98.6553  0  29.3617  24.1779  0  -9.25795  98.6553
3.49  98.897  0  29.2686  24.1595  0  -9.34883  98.897
3.5  99.1385  0  29.1747  24.141  0  -9.43964  99.1385
3.51  99.3798  0  29.0798  24.1225  0  -9.53037  99.3798
3.52  99.621  0  28.9841  24.1039  0  -9.62102  99.621
3.53  99.8619  0  28.8874  24.0854  0  -9.71159  99.8619
3.54  100.103  0  28.7899  24.0669  0  -9.80209  100.103
3.55  100.343  0  28.6914  24.0484  0  -9.8925  100.343
3.56  100.584  0  28.592  24.0299  0  -9.98284  100.584
3.57  100.824  0  28.4917  24.0113  0  -10.0731  100.824
3.58  101.064  0  28.3905  23.9928  0  -10.1633  101.064
3.59  101.304  0  28.2885  23.9742  0  -10.2534  101.304
3.6  101.543  0  28.1855  23.9557  0  -10.3434  101.543
3.61  101.783  0  28.0816  23.9371  0  -10.4334  101.783
3.62  102.022  0  27.9768  23.9185  0  -10.5232  102.022
3.63  102.261  0  27.8711  23.8999  0  -10.613  102.261
3.64  102.5  0  27.7645  23.8813  0  -10.7027  102.5
3.65  102.739  0  27.6571  23.8627  0  -10.7923  102.739
3.66  102.977  0  27.5487  23.8441  0  -10.8819  102.977
3.67  103.216  0  27.4394  23.8255  0  -10.9713  103.216
3.68  103.454  0  27.3293  23.8068  0  -11.0607  103.454
3.69  103.692  0  27.2182  23.7882  0  -11.15  103.692
3.7  103.93  0  27.1063  23.7695  0  -11.2392  103.93
3.71  104.167  0  26.9934  23.7509  0  -11.3284  104.167
3.72  104.405  0  26.8797  23.7322  0  -11.4174  104.405
3.73  104.642  0  26.7651  23.7135  0  -11.5064  104.642
3.74  104.879  0  26.6496  23.6948  0  -11.5953  104.879
3.75  105.116  0  26.5332  23.6761  0  -11.6841  105.116
3.76  105.352  0  26.4159  23.6573  0  -11.7728  105.352
3.77  105.589  0  26.2977  23.6386  0  -11.8614  105.589
3.78  105.825  0  26.1787  23.6198  0  -11.95  105.825
3.79  106.061  0  26.0587  23.6011  0  -12.0384  106.061
3.8  106.297  0  25.9379  23.5823  0  -12.1268  106.297
3.81  106.533  0  25.8162  23.5635  0  -12.2151  106.533
3.82  106.769  0  25.6936  23.5447  0  -12.3033  106.769
3.83  107.004  0  25.5701  23.5259  0  -12.3915  107.004
3.84  107.239  0  25.4458  23.507  0  -12.4795  107.239
3.85  107.474  0  25.3205  23.4882  0  -12.5674  107.474
3.86  107.709  0  25.1944  23.4693  0  -12.6553  107.709
3.87  107.943  0  25.0674  23.4504  0  -12.7431  107.943
3.88  108.178  0  24.9396  23.4316  0  -12.8308  108.178
3.89  108.412  0  24.8108  23.4126  0  -12.9184  108.412
3.9  108.646  0  24.6812  23.3937  0  -13.0059  108.646
3.91  108.88  0  24.5507  23.3748  0  -13.0933  108.88
3.92  109.114  0  24.4193  23.3558  0  -13.1807  109.114
3.93  109.347  0  24.2871  23.3369  0  -13.2679  109.347
3.94  109.58  0  24.154  23.3179  0  -13.3551  109.58
3.95  109.813  0  24.02  23.2989  0  -13.4422  109.813
3.96  110.046  0  23.8851  23.2798  0  -13.5292  110.046
3.97  110.279  0  23.7494  23.2608  0  -13.6161  110.279
3.98  110.511  0  23.6128  23.2418  0  -13.7029  110.511
3.99  110.744  0  23.4753  23.2227  0  -13.7896  110.744
4  110.976  0  23.337  23.2036  0  -13.8762  110.976
4.01  111.208  0  23.1978  23.1845  0  -13.9627  111.208
4.02  111.44  0  23.0578  23.1654  0  -14.0492  111.44
4.03  111.671  0  22.9168  23.1462  0  -14.1355  111.671
4.04  111.903  0  22.7751  23.1271  0  -14.2218  111.903
4.05  112.134  0  22.6324  23.1079  0  -14.308  112.134
4.06  112.365  0  22.4889  23.0887  0  -14.394  112.365
4.07  112.595  0  22.3445  23.0695  0  -14.48  112.595
4.08  112.826  0  22.1993  23.0502  0  -14.5659  112.826
4.09  113.056  0  22.0532  23.031  0  -14.6517  113.056
4.1  113.287  0  21.9063  23.0117  0  -14.7374  113.287
4.11  113.517  0  21.7585  22.9924  0  -14.823  113.517
4.12  113.747  0  21.6098  22.9731  0  -14.9085  113.747
4.13  113.976  0  21.4603  22.9538  0  -14.9939  113.976
4.14  114.206  0  21.3099  22.9344  0  -15.0792  114.206
4.15  114.435  0  21.1587  22.9151  0  -15.1645  114.435
4.16  114.664  0  21.0066  22.8957  0  -15.2496  114.664
4.17  114.893  0  20.8537  22.8763  0  -15.3346  114.893
4.18  115.121  0  20.6999  22.8569  0  -15.4196  115.121
4.19  115.35  0  20.5453  22.8374  0  -15.5044  115.35
4.2  115.578  0  20.3899  22.8179  0  -15.5891  115.578
4.21  115.806  0  20.2335  22.7984  0  -15.6738  115.806
4.22  116.034  0  20.0764  22.7789  0  -15.7583  116.034
4.23  116.262  0  19.9184  22.7594  0  -15.8428  116.262
4.24  116.489  0  19.7595  22.7399  0  -15.9271  116.489
4.25  116.717  0  19.5998  22.7203  0  -16.0114  116.717
4.26  116.944  0  19.4393  22.7007  0  -16.0955  116.944
4.27  117.171  0  19.2779  22.6811  0  -16.1796  117.171
4.28  117.397  0  19.1157  22.6615  0  -16.2635  117.397
4.29  117.624  0  18.9526  22.6418  0  -16.3474  117.624
4.3  117.85  0  18.7888  22.6221  0  -16.4311  117.85
4.31  118.076  0  18.624  22.6024  0  -16.5148  118.076
4.32  118.302  0  18.4585  22.5827  0  -16.5983  118.302
4.33  118.528  0  18.2921  22.563  0  -16.6818  118.528
4.34  118.754  0  18.1248  22.5432  0  -16.7651  118.754
4.35  118.979  0  17.9568  22.5234  0  -16.8484  118.979
4.36  119.204  0  17.7879  22.5036  0  -16.9315  119.204
4.37  119.429  0  17.6181  22.4838  0  -17.0146  119.429
4.38  119.654  0  17.4476  22.4639  0  -17.0975  119.654
4.39  119.878  0  17.2762  22.4441  0  -17.1803  119.878
4.4  120.103  0  17.104  22.4242  0  -17.263  120.103
4.41  120.327  0  16.9309  22.4042  0  -17.3457  120.327
4.42  120.551  0  16.757  22.3843  0  -17.4282  120.551
4.43  120.774  0  16.5824  22.3643  0  -17.5106  120.774
4.44  120.998  0  16.4068  22.3444  0  -17.5929  120.998
4.45  121.221  0  16.2305  22.3243  0  -17.6751  121.221
4.46  121.444  0  16.0533  22.3043  0  -17.7572  121.444
4.47  121.667  0  15.8753  22.2843  0  -17.8392  121.667
4.48  121.89  0  15.6965  22.2642  0  -17.9211  121.89
4.49  122.113  0  15.5169  22.2441  0  -18.0029  122.113
4.5  122.335  0  15.3365  22.224  0  -18.0845  122.335
4.51  122.557  0  15.1552  22.2038  0  -18.1661  122.557
4.52  122.779  0  14.9732  22.1837  0  -18.2476  122.779
4.53  123.001  0  14.7903  22.1635  0  -18.3289  123.001
4.54  123.222  0  14.6066  22.1433  0  -18.4102  123.222
4.55  123.444  0  14.4221  22.123  0  -18.4913  123.444
4.56  123.665  0  14.2368  22.1028  0  -18.5723  123.665
4.57  123.886  0  14.0506  22.0825  0  -18.6532  123.886
4.58  124.106  0  13.8637  22.0622  0  -18.734  124.106
4.59  124.327  0  13.676  22.0419  0  -18.8147  124.327
4.6  124.547  0  13.4874  22.0215  0  -18.8953  124.547
4.61  124.767  0  13.2981  22.0011  0  -18.9758  124.767
4.62  124.987  0  13.1079  21.9807  0  -19.0561  124.987
4.63  125.207  0  12.9169  21.9603  0  -19.1364  125.207
4.64  125.427  0  12.7252  21.9399  0  -19.2165  125.427
4.65  125.646  0  12.5326  21.9194  0  -19.2966  125.646
4.66  125.865  0  12.3392  21.8989  0  -19.3765  125.865
4.67  126.084  0  12.1451  21.8784  0  -19.4563  126.084
4.68  126.302  0  11.9501  21.8579  0  -19.536  126.302
4.69  126.521  0  11.7544  21.8373  0  -19.6155  126.521
4.7  126.739  0  11.5578  21.8167  0  -19.695  126.739
4.71  126.957  0  11.3605  21.7961  0  -19.7744  126.957
4.72  127.175  0  11.1623  21.7755  0  -19.8536  127.175
4.73  127.393  0  10.9634  21.7548  0  -19.9327  127.393
4.74  127.61  0  10.7637  21.7342  0  -20.0117  127.61
4.75  127.827  0  10.5631  21.7135  0  -20.0906  127.827
4.76  128.044  0  10.3618  21.6927  0  -20.1694  128.044
4.77  128.261  0  10.1598  21.672  0  -20.2481  128.261
4.78  128.478  0  9.95689  21.6512  0  -20.3266  128.478
4.79  128.694  0  9.75323  21.6304  0  -20.405  128.694
4.8  128.911  0  9.54879  21.6096  0  -20.4834  128.911
4.81  129.127  0  9.34356  21.5888  0  -20.5616  129.127
4.82  129.342  0  9.13756  21.5679  0  -20.6396  129.342
4.83  129.558  0  8.93077  21.547  0  -20.7176  129.558
4.84  129.773  0  8.7232  21.5261  0  -20.7955  129.773
4.85  129.988  0  8.51486  21.5052  0  -20.8732  129.988
4.86  130.203  0  8.30574  21.4842  0  -20.9508  130.203
4.87  130.418  0  8.09584  21.4632  0  -21.0283  130.418
4.88  130.633  0  7.88517  21.4422  0  -21.1057  130.633
4.89  130.847  0  7.67373  21.4212  0  -21.1829  130.847
4.9  131.061  0  7.46152  21.4002  0  -21.2601  131.061
4.91  131.275  0  7.24853  21.3791  0  -21.3371  131.275
4.92  131.489  0  7.03478  21.358  0  -21.414  131.489
4.93  131.702  0  6.82025  21.3369  0  -21.4908  131.702
4.94  131.915  0  6.60496  21.3157  0  -21.5674  131.915
4.95  132.128  0  6.3889  21.2946  0  -21.644  132.128
4.96  132.341  0  6.17208  21.2734  0  -21.7204  132.341
4.97  132.554  0  5.9545  21.2522  0  -21.7967  132.554
4.98  132.766  0  5.73615  21.2309  0  -21.8728  132.766
4.99  132.979  0  5.51704  21.2097  0  -21.9489  132.979
5  133.19  0  5.29717  21.1884  0  -22.0248  133.19
5.01  133.402  0  5.07654  21.1671  0  -22.1006  133.402
5.02  133.614  0  4.85516  21.1458  0  -22.1763  133.614
5.03  133.825  0  4.63302  21.1245  0  -22.2519  133.825
5.04  134.036  0  4.41012  21.1031  0  -22.3273  134.036
5.05  134.247  0  4.18647  21.0817  0  -22.4027  134.247
5.06  134.458  0  3.96207  21.0603  0  -22.4779  134.458
5.07  134.668  0  3.73692  21.0389  0  -22.5529  134.668
5.08  134.879  0  3.51101  21.0174  0  -22.6279  134.879
5.09  135.089  0  3.28436  20.9959  0  -22.7027  135.089
5.1  135.299  0  3.05696  20.9744  0  -22.7774  135.299
5.11  135.508  0  2.82881  20.9529  0  -22.852  135.508
5.12  135.718  0  2.59992  20.9313  0  -22.9264  135.718
5.13  135.927  0  2.37028  20.9098  0  -23.0008  135.927
5.14  136.136  0  2.1399  20.8882  0  -23.075  136.136
5.15  136.345  0  1.90878  20.8666  0  -23.149  136.345
5.16  136.553  0  1.67692  20.845  0  -23.223  136.553
5.17  136.762  0  1.44432  20.8233  0  -23.2968  136.762
5.18  136.97  0  1.21099  20.8016  0  -23.3705  136.97
5.19  137.178  0  0.976914  20.7799  0  -23.4441  137.178
5.2  137.385  0  0.742106  20.7582  0  -23.5175  137.385
5.21  137.593  0  0.506564  20.7365  0  -23.5909  137.593
5.22  137.8  0  0.27029  20.7147  0  -23.664  137.8
5.23  138.007  0  0.0332837  20.6929  0  -23.7371  138.007
5.24  138.214  0  -0.204452  20.6711  0  -23.8101  138.214
