t  x  y  z  vx  vy  vz  range
0  0  0  0  37.0257  0  25.9257  0
0  0.369806  0  0.258451  36.9356  0  25.7647  0.369806
0.01  0.738714  0  0.515296  36.8461  0  25.6044  0.738714
0.02  1.10673  0  0.770541  36.7571  0  25.4447  1.10673
0.03  1.47386  0  1.02419  36.6687  0  25.2856  1.47386
0.04  1.8401  0  1.27625  36.5808  0  25.1271  1.8401
0.05  2.20547  0  1.52674  36.4934  0  24.9692  2.20547
0.06  2.56997  0  1.77564  36.4066  0  24.8119  2.56997
0.07  2.93361  0  2.02297  36.3203  0  24.6552  2.93361
0.08  3.29638  0  2.26875  36.2345  0  24.499  3.29638
0.09  3.6583  0  2.51296  36.1492  0  24.3435  3.6583
0.1  4.01937  0  2.75562  36.0644  0  24.1885  4.01937
0.11  4.37959  0  2.99673  35.9801  0  24.0341  4.37959
0.12  4.73897  0  3.2363  35.8964  0  23.8803  4.73897
0.13  5.09752  0  3.47434  35.8131  0  23.727  5.09752
0.14  5.45523  0  3.71084  35.7303  0  23.5743  5.45523
0.15  5.81213  0  3.94582  35.648  0  23.4221  5.81213
0.16  6.1682  0  4.17929  35.5662  0  23.2704  6.1682
0.17  6.52345  0  4.41124  35.4849  0  23.1193  6.52345
0.18  6.8779  0  4.64168  35.404  0  22.9688  6.8779
0.19  7.23153  0  4.87061  35.3237  0  22.8187  7.23153
0.2  7.58437  0  5.09805  35.2437  0  22.6692  7.58437
0.21  7.93641  0  5.324  35.1643  0  22.5202  7.93641
0.22  8.28766  0  5.54846  35.0853  0  22.3718  8.28766
0.23  8.63812  0  5.77144  35.0068  0  22.2238  8.63812
0.24  8.98779  0  5.99294  34.9287  0  22.0763  8.98779
0.25  9.33669  0  6.21296  34.851  0  21.9294  9.33669
0.26  9.68482  0  6.43153  34.7738  0  21.7829  9.68482
0.27  10.0322  0  6.64862  34.6971  0  21.6369  10.0322
0.28  10.3788  0  6.86427  34.6208  0  21.4914  10.3788
0.29  10.7246  0  7.07845  34.5449  0  21.3464  10.7246
0.3  11.0697  0  7.2912  34.4694  0  21.2019  11.0697
0.31  11.414  0  7.50249  34.3944  0  21.0579  11.414
0.32  11.7575  0  7.71236  34.3198  0  20.9143  11.7575
0.33  12.1004  0  7.92078  34.2456  0  20.7712  12.1004
0.34  12.4425  0  8.12778  34.1718  0  20.6286  12.4425
0.35  12.7838  0  8.33336  34.0985  0  20.4864  12.7838
0.36  13.1244  0  8.53751  34.0255  0  20.3447  13.1244
0.37  13.4643  0  8.74025  33.953  0  20.2034  13.4643
0.38  13.8035  0  8.94158  33.8808  0  20.0626  13.8035
0.39  14.1419  0  9.1415  33.8091  0  19.9222  14.1419
0.4  14.4797  0  9.34003  33.7377  0  19.7823  14.4797
0.41  14.8167  0  9.53715  33.6668  0  19.6427  14.8167
0.42  15.153  0  9.73288  33.5962  0  19.5037  15.153
0.43  15.4886  0  9.92722  33.526  0  19.365  15.4886
0.44  15.8235  0  10.1202  33.4562  0  19.2268  15.8235
0.45  16.1578  0  10.3118  33.3868  0  19.089  16.1578
0.46  16.4913  0  10.502  33.3178  0  18.9516  16.4913
0.47  16.8241  0  10.6908  33.2491  0  18.8147  16.8241
0.48  17.1563  0  10.8783  33.1808  0  18.6781  17.1563
0.49  17.4877  0  11.0644  33.1129  0  18.542  17.4877
0.5  17.8185  0  11.2491  33.0453  0  18.4063  17.8185
0.51  18.1486  0  11.4325  32.9781  0  18.2709  18.1486
0.52  18.4781  0  11.6145  32.9112  0  18.136  18.4781
0.53  18.8069  0  11.7952  32.8447  0  18.0014  18.8069
0.54  19.135  0  11.9746  32.7786  0  17.8673  19.135
0.55  19.4624  0  12.1526  32.7128  0  17.7335  19.4624
0.56  19.7892  0  12.3292  32.6473  0  17.6001  19.7892
0.57  20.1154  0  12.5046  32.5822  0  17.4671  20.1154
0.58  20.4409  0  12.6786  32.5175  0  17.3345  20.4409
0.59  20.7657  0  12.8513  32.4531  0  17.2023  20.7657
0.6  21.0899  0  13.0226  32.389  0  17.0704  21.0899
0.61  21.4135  0  13.1927  32.3252  0  16.9389  21.4135
0.62  21.7364  0  13.3614  32.2618  0  16.8078  21.7364
0.63  22.0587  0  13.5288  32.1987  0  16.677  22.0587
0.64  22.3804  0  13.6949  32.1359  0  16.5466  22.3804
0.65  22.7015  0  13.8598  32.0735  0  16.4165  22.7015
0.66  23.0219  0  14.0233  32.0114  0  16.2868  23.0219
0.67  23.3417  0  14.1855  31.9496  0  16.1575  23.3417
0.68  23.6609  0  14.3464  31.8881  0  16.0285  23.6609
0.69  23.9795  0  14.5061  31.8269  0  15.8998  23.9795
0.7  24.2974  0  14.6644  31.766  0  15.7715  24.2974
0.71  24.6148  0  14.8215  31.7055  0  15.6435  24.6148
0.72  24.9315  0  14.9773  31.6452  0  15.5159  24.9315
0.73  25.2477  0  15.1318  31.5853  0  15.3886  25.2477
0.74  25.5632  0  15.2851  31.5256  0  15.2616  25.5632
0.75  25.8782  0  15.437  31.4663  0  15.135  25.8782
0.76  26.1926  0  15.5878  31.4072  0  15.0087  26.1926
0.77  26.5063  0  15.7372  31.3484  0  14.8827  26.5063
0.78  26.8195  0  15.8854  31.29  0  14.757  26.8195
0.79  27.1321  0  16.0324  31.2318  0  14.6316  27.1321
0.8  27.4442  0  16.178  31.1739  0  14.5066  27.4442
0.81  27.7556  0  16.3225  31.1163  0  14.3819  27.7556
0.82  28.0665  0  16.4657  31.0589  0  14.2575  28.0665
0.83  28.3768  0  16.6076  31.0019  0  14.1334  28.3768
0.84  28.6865  0  16.7484  30.9451  0  14.0096  28.6865
0.85  28.9957  0  16.8878  30.8886  0  13.8861  28.9957
0.86  29.3043  0  17.0261  30.8324  0  13.7629  29.3043
0.87  29.6124  0  17.1631  30.7764  0  13.64  29.6124
0.88  29.9198  0  17.2989  30.7208  0  13.5174  29.9198
0.89  30.2268  0  17.4334  30.6653  0  13.3951  30.2268
0.9  30.5331  0  17.5668  30.6102  0  13.2731  30.5331
0.91  30.839  0  17.6989  30.5553  0  13.1514  30.839
0.92  31.1443  0  17.8298  30.5007  0  13.03  31.1443
0.93  31.449  0  17.9595  30.4463  0  12.9089  31.449
0.94  31.7532  0  18.088  30.3922  0  12.788  31.7532
0.95  32.0568  0  18.2153  30.3383  0  12.6674  32.0568
0.96  32.3599  0  18.3413  30.2847  0  12.5471  32.3599
0.97  32.6625  0  18.4662  30.2314  0  12.4271  32.6625
0.98  32.9646  0  18.5899  30.1783  0  12.3074  32.9646
0.99  33.2661  0  18.7124  30.1254  0  12.1879  33.2661
1  33.5671  0  18.8336  30.0728  0  12.0687  33.5671
1.01  33.8676  0  18.9537  30.0204  0  11.9498  33.8676
1.02  34.1675  0  19.0726  29.9683  0  11.8311  34.1675
1.03  34.4669  0  19.1904  29.9164  0  11.7127  34.4669
1.04  34.7658  0  19.3069  29.8648  0  11.5946  34.7658
1.05  35.0642  0  19.4223  29.8134  0  11.4767  35.0642
1.06  35.3621  0  19.5364  29.7622  0  11.3591  35.3621
1.07  35.6595  0  19.6494  29.7112  0  11.2417  35.6595
1.08  35.9563  0  19.7613  29.6605  0  11.1246  35.9563
1.09  36.2527  0  19.8719  29.61  0  11.0078  36.2527
1.1  36.5485  0  19.9814  29.5598  0  10.8912  36.5485
1.11  36.8439  0  20.0898  29.5097  0  10.7748  36.8439
1.12  37.1387  0  20.1969  29.4599  0  10.6587  37.1387
1.13  37.4331  0  20.3029  29.4103  0  10.5428  37.4331
1.14  37.7269  0  20.4078  29.3609  0  10.4272  37.7269
1.15  38.0203  0  20.5115  29.3118  0  10.3118  38.0203
1.16  38.3132  0  20.614  29.2628  0  10.1967  38.3132
1.17  38.6055  0  20.7154  29.2141  0  10.0818  38.6055
1.18  38.8974  0  20.8157  29.1656  0  9.96715  38.8974
1.19  39.1889  0  20.9147  29.1173  0  9.85272  39.1889
1.2  39.4798  0  21.0127  29.0692  0  9.73853  39.4798
1.21  39.7702  0  21.1095  29.0213  0  9.62457  39.7702
1.22  40.0602  0  21.2052  28.9736  0  9.51084  40.0602
1.23  40.3497  0  21.2997  28.9262  0  9.39733  40.3497
1.24  40.6387  0  21.3931  28.8789  0  9.28405  40.6387
1.25  40.9273  0  21.4854  28.8318  0  9.171  40.9273
1.26  41.2154  0  21.5766  28.7849  0  9.05817  41.2154
1.27  41.503  0  21.6666  28.7383  0  8.94556  41.503
1.28  41.7901  0  21.7555  28.6918  0  8.83318  41.7901
1.29  42.0768  0  21.8432  28.6455  0  8.72101  42.0768
1.3  42.363  0  21.9299  28.5994  0  8.60905  42.363
1.31  42.6488  0  22.0154  28.5535  0  8.49732  42.6488
1.32  42.9341  0  22.0998  28.5078  0  8.38579  42.9341
1.33  43.219  0  22.1831  28.4623  0  8.27448  43.219
1.34  43.5034  0  22.2653  28.417  0  8.16338  43.5034
1.35  43.7873  0  22.3464  28.3718  0  8.05249  43.7873
1.36  44.0708  0  22.4264  28.3269  0  7.94181  44.0708
1.37  44.3538  0  22.5053  28.2821  0  7.83133  44.3538
1.38  44.6364  0  22.583  28.2375  0  7.72106  44.6364
1.39  44.9186  0  22.6597  28.1931  0  7.61099  44.9186
1.4  45.2003  0  22.7352  28.1488  0  7.50113  45.2003
1.41  45.4816  0  22.8097  28.1048  0  7.39146  45.4816
1.42  45.7624  0  22.8831  28.0609  0  7.282  45.7624
1.43  46.0428  0  22.9553  28.0172  0  7.17273  46.0428
1.44  46.3227  0  23.0265  27.9736  0  7.06366  46.3227
1.45  46.6023  0  23.0966  27.9303  0  6.95479  46.6023
1.46  46.8814  0  23.1656  27.8871  0  6.84611  46.8814
1.47  47.16  0  23.2335  27.8441  0  6.73762  47.16
1.48  47.4382  0  23.3004  27.8012  0  6.62932  47.4382
1.49  47.716  0  23.3661  27.7585  0  6.52122  47.716
1.5  47.9934  0  23.4308  27.716  0  6.4133  47.9934
1.51  48.2704  0  23.4944  27.6736  0  6.30557  48.2704
1.52  48.5469  0  23.5569  27.6314  0  6.19803  48.5469
1.53  48.823  0  23.6183  27.5894  0  6.09068  48.823
1.54  49.0987  0  23.6787  27.5475  0  5.9835  49.0987
1.55  49.3739  0  23.738  27.5057  0  5.87652  49.3739
1.56  49.6488  0  23.7963  27.4642  0  5.76971  49.6488
1.57  49.9232  0  23.8534  27.4228  0  5.66308  49.9232
1.58  50.1972  0  23.9095  27.3815  0  5.55664  50.1972
1.59  50.4708  0  23.9645  27.3404  0  5.45037  50.4708
1.6  50.744  0  24.0185  27.2994  0  5.34428  50.744
1.61  51.0168  0  24.0714  27.2586  0  5.23836  51.0168
1.62  51.2892  0  24.1233  27.218  0  5.13262  51.2892
1.63  51.5612  0  24.1741  27.1775  0  5.02706  51.5612
1.64  51.8328  0  24.2238  27.1371  0  4.92166  51.8328
1.65  52.1039  0  24.2725  27.0969  0  4.81644  52.1039
1.66  52.3747  0  24.3202  27.0568  0  4.71139  52.3747
1.67  52.6451  0  24.3667  27.0169  0  4.60651  52.6451
1.68  52.915  0  24.4123  26.9771  0  4.5018  52.915
1.69  53.1846  0  24.4568  26.9375  0  4.39726  53.1846
1.7  53.4538  0  24.5002  26.898  0  4.29288  53.4538
1.71  53.7226  0  24.5426  26.8586  0  4.18867  53.7226
1.72  53.991  0  24.584  26.8194  0  4.08462  53.991
1.73  54.259  0  24.6243  26.7803  0  3.98074  54.259
1.74  54.5266  0  24.6636  26.7413  0  3.87702  54.5266
1.75  54.7938  0  24.7019  26.7025  0  3.77346  54.7938
1.76  55.0606  0  24.7391  26.6638  0  3.67006  55.0606
1.77  55.3271  0  24.7753  26.6252  0  3.56683  55.3271
1.78  55.5931  0  24.8104  26.5868  0  3.46375  55.5931
1.79  55.8588  0  24.8446  26.5485  0  3.36083  55.8588
1.8  56.1241  0  24.8776  26.5103  0  3.25807  56.1241
1.81  56.389  0  24.9097  26.4723  0  3.15546  56.389
1.82  56.6535  0  24.9408  26.4343  0  3.05301  56.6535
1.83  56.9177  0  24.9708  26.3965  0  2.95071  56.9177
1.84  57.1815  0  24.9998  26.3589  0  2.84857  57.1815
1.85  57.4449  0  25.0277  26.3213  0  2.74658  57.4449
1.86  57.7079  0  25.0547  26.2839  0  2.64475  57.7079
1.87  57.9706  0  25.0806  26.2466  0  2.54306  57.9706
1.88  58.2328  0  25.1056  26.2094  0  2.44153  58.2328
1.89  58.4947  0  25.1295  26.1723  0  2.34014  58.4947
1.9  58.7563  0  25.1524  26.1353  0  2.23891  58.7563
1.91  59.0175  0  25.1743  26.0985  0  2.13782  59.0175
1.92  59.2783  0  25.1951  26.0618  0  2.03688  59.2783
1.93  59.5387  0  25.215  26.0252  0  1.93609  59.5387
1.94  59.7988  0  25.2339  25.9887  0  1.83544  59.7988
1.95  60.0585  0  25.2517  25.9523  0  1.73494  60.0585
1.96  60.3178  0  25.2686  25.916  0  1.63459  60.3178
1.97  60.5768  0  25.2844  25.8798  0  1.53437  60.5768
1.98  60.8354  0  25.2992  25.8438  0  1.4343  60.8354
1.99  61.0937  0  25.3131  25.8078  0  1.33438  61.0937
2  61.3516  0  25.3259  25.772  0  1.23459  61.3516
2.01  61.6091  0  25.3378  25.7363  0  1.13495  61.6091
2.02  61.8663  0  25.3486  25.7006  0  1.03544  61.8663
2.03  62.1231  0  25.3585  25.6651  0  0.93608  62.1231
2.04  62.3796  0  25.3673  25.6297  0  0.836856  62.3796
2.05  62.6357  0  25.3752  25.5943  0  0.73777  62.6357
2.06  62.8915  0  25.3821  25.5591  0  0.638822  62.8915
2.07  63.1469  0  25.388  25.524  0  0.540012  63.1469
2.08  63.402  0  25.3929  25.489  0  0.441338  63.402
2.09  63.6567  0  25.3968  25.4541  0  0.3428  63.6567
2.1  63.911  0  25.3998  25.4192  0  0.244398  63.911
2.11  64.1651  0  25.4017  25.3845  0  0.146131  64.1651
2.12  64.4187  0  25.4027  25.3499  0  0.0479989  64.4187
2.13  64.6721  0  25.4027  25.3153  0  -0.0499997  64.6721
2.14  64.925  0  25.4017  25.2809  0  -0.147865  64.925
2.15  65.1777  0  25.3997  25.2465  0  -0.245597  65.1777
2.16  65.43  0  25.3968  25.2123  0  -0.343198  65.43
2.17  65.6819  0  25.3929  25.1781  0  -0.440666  65.6819
2.18  65.9335  0  25.388  25.144  0  -0.538003  65.9335
2.19  66.1848  0  25.3821  25.11  0  -0.63521  66.1848
2.2  66.4357  0  25.3753  25.0761  0  -0.732286  66.4357
2.21  66.6863  0  25.3674  25.0423  0  -0.829232  66.6863
2.22  66.9366  0  25.3587  25.0086  0  -0.92605  66.9366
2.23  67.1865  0  25.3489  24.9749  0  -1.02274  67.1865
2.24  67.4361  0  25.3382  24.9414  0  -1.1193  67.4361
2.25  67.6853  0  25.3265  24.9079  0  -1.21573  67.6853
2.26  67.9342  0  25.3139  24.8745  0  -1.31203  67.9342
2.27  68.1828  0  25.3003  24.8412  0  -1.40821  68.1828
2.28  68.4311  0  25.2857  24.808  0  -1.50426  68.4311
2.29  68.679  0  25.2702  24.7748  0  -1.60019  68.679
2.3  68.9266  0  25.2537  24.7418  0  -1.69599  68.9266
2.31  69.1738  0  25.2363  24.7088  0  -1.79166  69.1738
2.32  69.4207  0  25.2179  24.6759  0  -1.88721  69.4207
2.33  69.6673  0  25.1986  24.6431  0  -1.98263  69.6673
2.34  69.9136  0  25.1783  24.6103  0  -2.07793  69.9136
2.35  70.1595  0  25.157  24.5776  0  -2.17311  70.1595
2.36  70.4051  0  25.1348  24.545  0  -2.26816  70.4051
2.37  70.6504  0  25.1116  24.5125  0  -2.36309  70.6504
2.38  70.8954  0  25.0875  24.48  0  -2.4579  70.8954
2.39  71.14  0  25.0625  24.4477  0  -2.55258  71.14
2.4  71.3843  0  25.0365  24.4154  0  -2.64714  71.3843
2.41  71.6283  0  25.0095  24.3831  0  -2.74158  71.6283
2.42  71.872  0  24.9816  24.3509  0  -2.8359  71.872
2.43  72.1154  0  24.9528  24.3189  0  -2.9301  72.1154
2.44  72.3584  0  24.923  24.2868  0  -3.02418  72.3584
2.45  72.6011  0  24.8923  24.2549  0  -3.11813  72.6011
2.46  72.8435  0  24.8607  24.223  0  -3.21197  72.8435
2.47  73.0856  0  24.8281  24.1911  0  -3.30568  73.0856
2.48  73.3273  0  24.7946  24.1594  0  -3.39928  73.3273
2.49  73.5687  0  24.7601  24.1277  0  -3.49275  73.5687
2.5  73.8099  0  24.7247  24.0961  0  -3.58611  73.8099
2.51  74.0507  0  24.6884  24.0645  0  -3.67935  74.0507
2.52  74.2911  0  24.6511  24.033  0  -3.77247  74.2911
2.53  74.5313  0  24.6129  24.0016  0  -3.86547  74.5313
2.54  74.7712  0  24.5738  23.9702  0  -3.95835  74.7712
2.55  75.0107  0  24.5338  23.9389  0  -4.05112  75.0107
2.56  75.25  0  24.4928  23.9076  0  -4.14376  75.25
2.57  75.4889  0  24.4509  23.8764  0  -4.23629  75.4889
2.58  75.7275  0  24.4081  23.8453  0  -4.32871  75.7275
2.59  75.9658  0  24.3643  23.8142  0  -4.421  75.9658
2.6  76.2038  0  24.3197  23.7832  0  -4.51318  76.2038
2.61  76.4414  0  24.2741  23.7522  0  -4.60524  76.4414
2.62  76.6788  0  24.2275  23.7213  0  -4.69718  76.6788
2.63  76.9159  0  24.1801  23.6905  0  -4.78901  76.9159
2.64  77.1526  0  24.1318  23.6597  0  -4.88072  77.1526
2.65  77.3891  0  24.0825  23.6289  0  -4.97232  77.3891
2.66  77.6252  0  24.0323  23.5982  0  -5.06379  77.6252
2.67  77.861  0  23.9812  23.5676  0  -5.15516  77.861
2.68  78.0966  0  23.9292  23.537  0  -5.24641  78.0966
2.69  78.3318  0  23.8763  23.5065  0  -5.33754  78.3318
2.7  78.5667  0  23.8225  23.476  0  -5.42855  78.5667
2.71  78.8013  0  23.7677  23.4456  0  -5.51945  78.8013
2.72  79.0356  0  23.7121  23.4152  0  -5.61024  79.0356
2.73  79.2696  0  23.6555  23.3849  0  -5.70091  79.2696
2.74  79.5033  0  23.5981  23.3546  0  -5.79147  79.5033
2.75  79.7367  0  23.5397  23.3244  0  -5.88191  79.7367
2.76  79.9698  0  23.4804  23.2942  0  -5.97223  79.9698
2.77  80.2026  0  23.4203  23.2641  0  -6.06244  80.2026
2.78  80.4351  0  23.3592  23.234  0  -6.15254  80.4351
2.79  80.6673  0  23.2972  23.204  0  -6.24252  80.6673
2.8  80.8991  0  23.2343  23.174  0  -6.33239  80.8991
2.81  81.1307  0  23.1706  23.144  0  -6.42214  81.1307
2.82  81.362  0  23.1059  23.1141  0  -6.51178  81.362
2.83  81.593  0  23.0403  23.0843  0  -6.60131  81.593
2.84  81.8237  0  22.9739  23.0544  0  -6.69072  81.8237
2.85  82.0541  0  22.9065  23.0247  0  -6.78001  82.0541
2.86  82.2842  0  22.8383  22.9949  0  -6.86919  82.2842
2.87  82.514  0  22.7691  22.9652  0  -6.95826  82.514
2.88  82.7435  0  22.6991  22.9356  0  -7.04721  82.7435
2.89  82.9727  0  22.6282  22.906  0  -7.13605  82.9727
2.9  83.2016  0  22.5564  22.8764  0  -7.22478  83.2016
2.91  83.4302  0  22.4837  22.8469  0  -7.31339  83.4302
2.92  83.6586  0  22.4101  22.8174  0  -7.40189  83.6586
2.93  83.8866  0  22.3356  22.7879  0  -7.49027  83.8866
2.94  84.1143  0  22.2603  22.7585  0  -7.57854  84.1143
2.95  84.3418  0  22.1841  22.7292  0  -7.66669  84.3418
2.96  84.5689  0  22.107  22.6998  0  -7.75474  84.5689
2.97  84.7958  0  22.029  22.6705  0  -7.84266  84.7958
2.98  85.0223  0  21.9501  22.6413  0  -7.93048  85.0223
2.99  85.2486  0  21.8704  22.612  0  -8.01817  85.2486
3  85.4746  0  21.7897  22.5828  0  -8.10576  85.4746
3.01  85.7002  0  21.7083  22.5537  0  -8.19323  85.7002
3.02  85.9256  0  21.6259  22.5246  0  -8.28059  85.9256
3.03  86.1507  0  21.5426  22.4955  0  -8.36783  86.1507
3.04  86.3755  0  21.4585  22.4664  0  -8.45496  86.3755
3.05  86.6001  0  21.3735  22.4374  0  -8.54197  86.6001
3.06  86.8243  0  21.2877  22.4084  0  -8.62887  86.8243
3.07  87.0482  0  21.201  22.3794  0  -8.71566  87.0482
3.08  87.2719  0  21.1134  22.3505  0  -8.80233  87.2719
3.09  87.4952  0  21.0249  22.3216  0  -8.88889  87.4952
3.1  87.7183  0  20.9356  22.2927  0  -8.97533  87.7183
3.11  87.9411  0  20.8454  22.2639  0  -9.06165  87.9411
3.12  88.1636  0  20.7544  22.2351  0  -9.14787  88.1636
3.13  88.3858  0  20.6625  22.2063  0  -9.23397  88.3858
3.14  88.6077  0  20.5697  22.1776  0  -9.31995  88.6077
3.15  88.8294  0  20.4761  22.1489  0  -9.40582  88.8294
3.16  89.0507  0  20.3816  22.1202  0  -9.49157  89.0507
3.17  89.2718  0  20.2862  22.0915  0  -9.57721  89.2718
3.18  89.4925  0  20.19  22.0629  0  -9.66273  89.4925
3.19  89.713  0  20.093  22.0343  0  -9.74814  89.713
3.2  89.9332  0  19.9951  22.0057  0  -9.83343  89.9332
3.21  90.1531  0  19.8963  21.9772  0  -9.91861  90.1531
3.22  90.3728  0  19.7967  21.9486  0  -10.0037  90.3728
3.23  90.5921  0  19.6962  21.9201  0  -10.0886  90.5921
3.24  90.8112  0  19.5949  21.8917  0  -10.1735  90.8112
3.25  91.0299  0  19.4928  21.8632  0  -10.2582  91.0299
3.26  91.2484  0  19.3898  21.8348  0  -10.3428  91.2484
3.27  91.4666  0  19.2859  21.8064  0  -10.4272  91.4666
3.28  91.6846  0  19.1812  21.778  0  -10.5116  91.6846
3.29  91.9022  0  19.0757  21.7496  0  -10.5959  91.9022
3.3  92.1195  0  18.9693  21.7213  0  -10.68  92.1195
3.31  92.3366  0  18.8621  21.693  0  -10.764  92.3366
3.32  92.5534  0  18.754  21.6647  0  -10.8479  92.5534
3.33  92.7699  0  18.6451  21.6365  0  -10.9317  92.7699
3.34  92.9861  0  18.5354  21.6082  0  -11.0154  92.9861
3.35  93.2021  0  18.4248  21.58  0  -11.0989  93.2021
3.36  93.4177  0  18.3134  21.5518  0  -11.1824  93.4177
3.37  93.6331  0  18.2012  21.5236  0  -11.2657  93.6331
3.38  93.8482  0  18.0881  21.4955  0  -11.3489  93.8482
3.39  94.063  0  17.9742  21.4673  0  -11.4319  94.063
3.4  94.2776  0  17.8595  21.4392  0  -11.5149  94.2776
3.41  94.4918  0  17.7439  21.4111  0  -11.5978  94.4918
3.42  94.7058  0  17.6275  21.383  0  -11.6805  94.7058
3.43  94.9195  0  17.5103  21.355  0  -11.7631  94.9195
3.44  95.1329  0  17.3922  21.3269  0  -11.8456  95.1329
3.45  95.346  0  17.2734  21.2989  0  -11.928  95.346
3.46  95.5589  0  17.1537  21.2709  0  -12.0102  95.5589
3.47  95.7714  0  17.0332  21.2429  0  -12.0923  95.7714
3.48  95.9837  0  16.9118  21.215  0  -12.1744  95.9837
3.49  96.1957  0  16.7897  21.187  0  -12.2563  96.1957
3.5  96.4075  0  16.6667  21.1591  0  -12.338  96.4075
3.51  96.6189  0  16.5429  21.1312  0  -12.4197  96.6189
3.52  96.8301  0  16.4183  21.1033  0  -12.5012  96.8301
3.53  97.041  0  16.2929  21.0754  0  -12.5826  97.041
3.54  97.2516  0  16.1667  21.0475  0  -12.6639  97.2516
3.55  97.4619  0  16.0396  21.0197  0  -12.7451  97.4619
3.56  97.672  0  15.9118  20.9918  0  -12.8262  97.672
3.57  97.8818  0  15.7831  20.964  0  -12.9071  97.8818
3.58  98.0913  0  15.6536  20.9362  0  -12.9879  98.0913
3.59  98.3005  0  15.5233  20.9084  0  -13.0686  98.3005
3.6  98.5094  0  15.3922  20.8807  0  -13.1492  98.5094
3.61  98.7181  0  15.2604  20.8529  0  -13.2297  98.7181
3.62  98.9265  0  15.1277  20.8252  0  -13.31  98.9265
3.63  99.1346  0  14.9942  20.7974  0  -13.3902  99.1346
3.64  99.3424  0  14.8598  20.7697  0  -13.4703  99.3424
3.65  99.55  0  14.7247  20.742  0  -13.5503  99.55
3.66  99.7573  0  14.5888  20.7143  0  -13.6301  99.7573
3.67  99.9643  0  14.4521  20.6867  0  -13.7098  99.9643
3.68  100.171  0  14.3146  20.659  0  -13.7894  100.171
3.69  100.377  0  14.1764  20.6313  0  -13.8689  100.377
3.7  100.584  0  14.0373  20.6037  0  -13.9483  100.584
3.71  100.79  0  13.8974  20.5761  0  -14.0275  100.79
3.72  100.995  0  13.7567  20.5485  0  -14.1066  100.995
3.73  101.201  0  13.6153  20.5209  0  -14.1856  101.201
3.74  101.406  0  13.473  20.4933  0  -14.2645  101.406
3.75  101.61  0  13.33  20.4657  0  -14.3432  101.61
3.76  101.815  0  13.1861  20.4382  0  -14.4218  101.815
3.77  102.019  0  13.0415  20.4106  0  -14.5003  102.019
3.78  102.223  0  12.8961  20.3831  0  -14.5787  102.223
3.79  102.427  0  12.75  20.3555  0  -14.6569  102.427
3.8  102.63  0  12.603  20.328  0  -14.7351  102.63
3.81  102.833  0  12.4553  20.3005  0  -14.8131  102.833
3.82  103.036  0  12.3067  20.273  0  -14.8909  103.036
3.83  103.239  0  12.1574  20.2455  0  -14.9687  103.239
3.84  103.441  0  12.0074  20.2181  0  -15.0463  103.441
3.85  103.643  0  11.8565  20.1906  0  -15.1238  103.643
3.86  103.845  0  11.7049  20.1631  0  -15.2012  103.845
3.87  104.046  0  11.5525  20.1357  0  -15.2784  104.046
3.88  104.248  0  11.3993  20.1083  0  -15.3555  104.248
3.89  104.449  0  11.2454  20.0808  0  -15.4325  104.449
3.9  104.649  0  11.0907  20.0534  0  -15.5094  104.649
3.91  104.85  0  10.9352  20.026  0  -15.5861  104.85
3.92  105.05  0  10.7789  19.9986  0  -15.6627  105.05
3.93  105.25  0  10.6219  19.9712  0  -15.7392  105.25
3.94  105.449  0  10.4642  19.9439  0  -15.8156  105.449
3.95  105.649  0  10.3056  19.9165  0  -15.8918  105.649
3.96  105.848  0  10.1463  19.8891  0  -15.9679  105.848
3.97  106.046  0  9.98627  19.8618  0  -16.0439  106.046
3.98  106.245  0  9.82545  19.8345  0  -16.1197  106.245
3.99  106.443  0  9.66388  19.8071  0  -16.1955  106.443
4  106.641  0  9.50154  19.7798  0  -16.271  106.641
4.01  106.839  0  9.33846  19.7525  0  -16.3465  106.839
4.02  107.036  0  9.17461  19.7252  0  -16.4218  107.036
4.03  107.233  0  9.01002  19.6979  0  -16.497  107.233
4.04  107.43  0  8.84467  19.6706  0  -16.5721  107.43
4.05  107.627  0  8.67858  19.6433  0  -16.6471  107.627
4.06  107.823  0  8.51173  19.616  0  -16.7219  107.823
4.07  108.019  0  8.34414  19.5888  0  -16.7966  108.019
4.08  108.215  0  8.1758  19.5615  0  -16.8711  108.215
4.09  108.41  0  8.00672  19.5343  0  -16.9456  108.41
4.1  108.605  0  7.83689  19.507  0  -17.0199  108.605
4.11  108.8  0  7.66632  19.4798  0  -17.094  108.8
4.12  108.995  0  7.49501  19.4526  0  -17.1681  108.995
4.13  109.189  0  7.32296  19.4254  0  -17.242  109.189
4.14  109.383  0  7.15017  19.3981  0  -17.3158  109.383
4.15  109.577  0  6.97664  19.3709  0  -17.3894  109.577
4.16  109.771  0  6.80238  19.3437  0  -17.4629  109.771
4.17  109.964  0  6.62739  19.3166  0  -17.5363  109.964
4.18  110.157  0  6.45166  19.2894  0  -17.6096  110.157
4.19  110.35  0  6.27519  19.2622  0  -17.6827  110.35
4.2  110.542  0  6.098  19.235  0  -17.7557  110.542
4.21  110.735  0  5.92008  19.2079  0  -17.8286  110.735
4.22  110.927  0  5.74143  19.1807  0  -17.9013  110.927
4.23  111.118  0  5.56206  19.1536  0  -17.9739  111.118
4.24  111.31  0  5.38196  19.1264  0  -18.0463  111.31
4.25  111.501  0  5.20113  19.0993  0  -18.1187  111.501
4.26  111.692  0  5.01958  19.0722  0  -18.1909  111.692
4.27  111.882  0  4.83731  19.0451  0  -18.2629  111.882
4.28  112.072  0  4.65432  19.0179  0  -18.3349  112.072
4.29  112.263  0  4.47062  18.9908  0  -18.4067  112.263
4.3  112.452  0  4.28619  18.9637  0  -18.4783  112.452
4.31  112.642  0  4.10105  18.9367  0  -18.5499  112.642
4.32  112.831  0  3.91519  18.9096  0  -18.6213  112.831
4.33  113.02  0  3.72863  18.8825  0  -18.6925  113.02
4.34  113.209  0  3.54134  18.8554  0  -18.7637  113.209
4.35  113.397  0  3.35335  18.8284  0  -18.8347  113.397
4.36  113.585  0  3.16465  18.8013  0  -18.9055  113.585
4.37  113.773  0  2.97524  18.7743  0  -18.9763  113.773
4.38  113.961  0  2.78513  18.7472  0  -19.0469  113.961
4.39  114.148  0  2.59431  18.7202  0  -19.1173  114.148
4.4  114.335  0  2.40278  18.6931  0  -19.1876  114.335
4.41  114.522  0  2.21055  18.6661  0  -19.2578  114.522
4.42  114.708  0  2.01762  18.6391  0  -19.3279  114.708
4.43  114.895  0  1.824  18.6121  0  -19.3978  114.895
4.44  115.081  0  1.62967  18.5851  0  -19.4676  115.081
4.45  115.266  0  1.43464  18.5581  0  -19.5372  115.266
4.46  115.452  0  1.23892  18.5311  0  -19.6068  115.452
4.47  115.637  0  1.04251  18.5041  0  -19.6761  115.637
4.48  115.822  0  0.845402  18.4772  0  -19.7454  115.822
4.49  116.007  0  0.647603  18.4502  0  -19.8145  116.007
4.5  116.191  0  0.449113  18.4232  0  -19.8835  116.191
4.51  116.375  0  0.249934  18.3963  0  -19.9523  116.375
4.52  116.559  0  0.0500673  18.3693  0  -20.021  116.559
4.53  116.742  0  -0.150486  18.3424  0  -20.0896  116.742
