t  x  y  z  vx  vy  vz  range
0  0  0  0  29.054  0  34.6252  0
0  0.290186  0  0.345341  28.9833  0  34.4431  0.290186
0.01  0.579668  0  0.688865  28.9131  0  34.2618  0.579668
0.02  0.86845  0  1.03058  28.8434  0  34.0813  0.86845
0.03  1.15654  0  1.37049  28.7741  0  33.9015  1.15654
0.04  1.44393  0  1.70861  28.7053  0  33.7225  1.44393
0.05  1.73064  0  2.04495  28.6369  0  33.5443  1.73064
0.06  2.01667  0  2.3795  28.5689  0  33.3668  2.01667
0.07  2.30202  0  2.71229  28.5014  0  33.1901  2.30202
0.08  2.5867  0  3.04331  28.4343  0  33.0141  2.5867
0.09  2.87071  0  3.37257  28.3677  0  32.8388  2.87071
0.1  3.15406  0  3.70008  28.3015  0  32.6643  3.15406
0.11  3.43674  0  4.02586  28.2357  0  32.4905  3.43674
0.12  3.71877  0  4.3499  28.1703  0  32.3174  3.71877
0.13  4.00015  0  4.67221  28.1053  0  32.1449  4.00015
0.14  4.28088  0  4.9928  28.0408  0  31.9732  4.28088
0.15  4.56097  0  5.31167  27.9767  0  31.8022  4.56097
0.16  4.84042  0  5.62884  27.9129  0  31.6319  4.84042
0.17  5.11923  0  5.94431  27.8496  0  31.4622  5.11923
0.18  5.39741  0  6.25809  27.7867  0  31.2933  5.39741
0.19  5.67496  0  6.57018  27.7241  0  31.1249  5.67496
0.2  5.95189  0  6.88059  27.662  0  30.9573  5.95189
0.21  6.2282  0  7.18933  27.6002  0  30.7903  6.2282
0.22  6.5039  0  7.4964  27.5389  0  30.6239  6.5039
0.23  6.77898  0  7.80181  27.4779  0  30.4582  6.77898
0.24  7.05346  0  8.10557  27.4173  0  30.2931  7.05346
0.25  7.32733  0  8.40768  27.3571  0  30.1287  7.32733
0.26  7.6006  0  8.70814  27.2972  0  29.9649  7.6006
0.27  7.87327  0  9.00698  27.2377  0  29.8017  7.87327
0.28  8.14536  0  9.30418  27.1786  0  29.6391  8.14536
0.29  8.41685  0  9.59976  27.1198  0  29.4771  8.41685
0.3  8.68775  0  9.89372  27.0614  0  29.3158  8.68775
0.31  8.95808  0  10.1861  27.0034  0  29.155  8.95808
0.32  9.22782  0  10.4768  26.9457  0  28.9948  9.22782
0.33  9.49699  0  10.766  26.8884  0  28.8352  9.49699
0.34  9.76559  0  11.0535  26.8314  0  28.6762  9.76559
0.35  10.0336  0  11.3395  26.7748  0  28.5178  10.0336
0.36  10.3011  0  11.6239  26.7185  0  28.36  10.3011
0.37  10.568  0  11.9067  26.6625  0  28.2027  10.568
0.38  10.8343  0  12.1879  26.6069  0  28.0459  10.8343
0.39  11.1001  0  12.4676  26.5516  0  27.8898  11.1001
0.4  11.3654  0  12.7457  26.4967  0  27.7342  11.3654
0.41  11.6301  0  13.0223  26.442  0  27.5791  11.6301
0.42  11.8942  0  13.2973  26.3877  0  27.4246  11.8942
0.43  12.1578  0  13.5708  26.3338  0  27.2706  12.1578
0.44  12.4209  0  13.8427  26.2801  0  27.1171  12.4209
0.45  12.6834  0  14.1131  26.2268  0  26.9642  12.6834
0.46  12.9454  0  14.382  26.1738  0  26.8118  12.9454
0.47  13.2069  0  14.6494  26.1211  0  26.6599  13.2069
0.48  13.4679  0  14.9152  26.0687  0  26.5085  13.4679
0.49  13.7283  0  15.1796  26.0166  0  26.3577  13.7283
0.5  13.9882  0  15.4424  25.9649  0  26.2073  13.9882
0.51  14.2476  0  15.7037  25.9134  0  26.0575  14.2476
0.52  14.5065  0  15.9635  25.8622  0  25.9081  14.5065
0.53  14.7648  0  16.2219  25.8114  0  25.7593  14.7648
0.54  15.0227  0  16.4787  25.7608  0  25.6109  15.0227
0.55  15.28  0  16.7341  25.7105  0  25.463  15.28
0.56  15.5369  0  16.988  25.6606  0  25.3156  15.5369
0.57  15.7932  0  17.2404  25.6109  0  25.1687  15.7932
0.58  16.0491  0  17.4914  25.5615  0  25.0222  16.0491
0.59  16.3045  0  17.7408  25.5123  0  24.8762  16.3045
0.6  16.5594  0  17.9889  25.4635  0  24.7307  16.5594
0.61  16.8138  0  18.2355  25.415  0  24.5857  16.8138
0.62  17.0677  0  18.4806  25.3667  0  24.4411  17.0677
0.63  17.3211  0  18.7243  25.3187  0  24.2969  17.3211
0.64  17.574  0  18.9665  25.271  0  24.1532  17.574
0.65  17.8265  0  19.2074  25.2235  0  24.01  17.8265
0.66  18.0785  0  19.4467  25.1764  0  23.8671  18.0785
0.67  18.33  0  19.6847  25.1294  0  23.7248  18.33
0.68  18.5811  0  19.9212  25.0828  0  23.5828  18.5811
0.69  18.8317  0  20.1564  25.0364  0  23.4413  18.8317
0.7  19.0818  0  20.3901  24.9903  0  23.3002  19.0818
0.71  19.3315  0  20.6224  24.9445  0  23.1596  19.3315
0.72  19.5807  0  20.8533  24.8989  0  23.0193  19.5807
0.73  19.8295  0  21.0827  24.8535  0  22.8795  19.8295
0.74  20.0778  0  21.3108  24.8084  0  22.7401  20.0778
0.75  20.3256  0  21.5376  24.7636  0  22.6011  20.3256
0.76  20.5731  0  21.7629  24.719  0  22.4625  20.5731
0.77  20.82  0  21.9868  24.6747  0  22.3243  20.82
0.78  21.0666  0  22.2094  24.6306  0  22.1865  21.0666
0.79  21.3126  0  22.4305  24.5868  0  22.0491  21.3126
0.8  21.5583  0  22.6503  24.5432  0  21.9121  21.5583
0.81  21.8035  0  22.8688  24.4998  0  21.7754  21.8035
0.82  22.0483  0  23.0858  24.4567  0  21.6392  22.0483
0.83  22.2926  0  23.3016  24.4138  0  21.5034  22.2926
0.84  22.5366  0  23.5159  24.3712  0  21.3679  22.5366
0.85  22.7801  0  23.7289  24.3288  0  21.2328  22.7801
0.86  23.0231  0  23.9406  24.2866  0  21.0981  23.0231
0.87  23.2658  0  24.1509  24.2447  0  20.9637  23.2658
0.88  23.508  0  24.3598  24.2029  0  20.8297  23.508
0.89  23.7499  0  24.5675  24.1615  0  20.6961  23.7499
0.9  23.9913  0  24.7738  24.1202  0  20.5628  23.9913
0.91  24.2323  0  24.9787  24.0792  0  20.4299  24.2323
0.92  24.4728  0  25.1824  24.0383  0  20.2974  24.4728
0.93  24.713  0  25.3847  23.9977  0  20.1652  24.713
0.94  24.9528  0  25.5857  23.9574  0  20.0333  24.9528
0.95  25.1922  0  25.7854  23.9172  0  19.9018  25.1922
0.96  25.4311  0  25.9837  23.8773  0  19.7707  25.4311
0.97  25.6697  0  26.1808  23.8375  0  19.6399  25.6697
0.98  25.9079  0  26.3765  23.798  0  19.5094  25.9079
0.99  26.1457  0  26.571  23.7587  0  19.3793  26.1457
1  26.3831  0  26.7641  23.7196  0  19.2495  26.3831
1.01  26.6201  0  26.9559  23.6807  0  19.12  26.6201
1.02  26.8567  0  27.1465  23.6421  0  18.9908  26.8567
1.03  27.0929  0  27.3358  23.6036  0  18.862  27.0929
1.04  27.3288  0  27.5237  23.5653  0  18.7335  27.3288
1.05  27.5642  0  27.7104  23.5272  0  18.6053  27.5642
1.06  27.7993  0  27.8958  23.4894  0  18.4774  27.7993
1.07  28.034  0  28.08  23.4517  0  18.3499  28.034
1.08  28.2683  0  28.2628  23.4142  0  18.2226  28.2683
1.09  28.5023  0  28.4444  23.3769  0  18.0957  28.5023
1.1  28.7359  0  28.6248  23.3398  0  17.9691  28.7359
1.11  28.9691  0  28.8038  23.303  0  17.8427  28.9691
1.12  29.2019  0  28.9816  23.2663  0  17.7167  29.2019
1.13  29.4344  0  29.1582  23.2297  0  17.591  29.4344
1.14  29.6665  0  29.3334  23.1934  0  17.4656  29.6665
1.15  29.8983  0  29.5075  23.1573  0  17.3404  29.8983
1.16  30.1297  0  29.6802  23.1213  0  17.2156  30.1297
1.17  30.3607  0  29.8518  23.0856  0  17.091  30.3607
1.18  30.5914  0  30.0221  23.05  0  16.9668  30.5914
1.19  30.8217  0  30.1911  23.0146  0  16.8428  30.8217
1.2  31.0517  0  30.3589  22.9794  0  16.7191  31.0517
1.21  31.2813  0  30.5255  22.9444  0  16.5957  31.2813
1.22  31.5106  0  30.6908  22.9095  0  16.4725  31.5106
1.23  31.7395  0  30.855  22.8748  0  16.3497  31.7395
1.24  31.9681  0  31.0178  22.8403  0  16.2271  31.9681
1.25  32.1963  0  31.1795  22.806  0  16.1048  32.1963
1.26  32.4242  0  31.3399  22.7718  0  15.9827  32.4242
1.27  32.6517  0  31.4992  22.7378  0  15.8609  32.6517
1.28  32.879  0  31.6572  22.704  0  15.7394  32.879
1.29  33.1058  0  31.8139  22.6704  0  15.6182  33.1058
1.3  33.3324  0  31.9695  22.6369  0  15.4972  33.3324
1.31  33.5586  0  32.1239  22.6036  0  15.3764  33.5586
1.32  33.7844  0  32.277  22.5704  0  15.256  33.7844
1.33  34.01  0  32.429  22.5374  0  15.1357  34.01
1.34  34.2352  0  32.5798  22.5046  0  15.0158  34.2352
1.35  34.4601  0  32.7293  22.472  0  14.8961  34.4601
1.36  34.6846  0  32.8777  22.4395  0  14.7766  34.6846
1.37  34.9089  0  33.0249  22.4071  0  14.6574  34.9089
1.38  35.1328  0  33.1708  22.3749  0  14.5384  35.1328
1.39  35.3564  0  33.3156  22.3429  0  14.4196  35.3564
1.4  35.5796  0  33.4592  22.311  0  14.3011  35.5796
1.41  35.8026  0  33.6016  22.2793  0  14.1829  35.8026
1.42  36.0252  0  33.7429  22.2478  0  14.0649  36.0252
1.43  36.2475  0  33.8829  22.2164  0  13.9471  36.2475
1.44  36.4695  0  34.0218  22.1851  0  13.8295  36.4695
1.45  36.6912  0  34.1595  22.154  0  13.7122  36.6912
1.46  36.9126  0  34.2961  22.123  0  13.5951  36.9126
1.47  37.1337  0  34.4314  22.0922  0  13.4782  37.1337
1.48  37.3545  0  34.5656  22.0616  0  13.3616  37.3545
1.49  37.5749  0  34.6987  22.031  0  13.2452  37.5749
1.5  37.7951  0  34.8305  22.0007  0  13.129  37.7951
1.51  38.0149  0  34.9613  21.9704  0  13.013  38.0149
1.52  38.2345  0  35.0908  21.9403  0  12.8973  38.2345
1.53  38.4537  0  35.2192  21.9104  0  12.7817  38.4537
1.54  38.6727  0  35.3464  21.8806  0  12.6664  38.6727
1.55  38.8914  0  35.4725  21.8509  0  12.5513  38.8914
1.56  39.1097  0  35.5975  21.8214  0  12.4364  39.1097
1.57  39.3278  0  35.7213  21.792  0  12.3217  39.3278
1.58  39.5456  0  35.8439  21.7627  0  12.2072  39.5456
1.59  39.763  0  35.9654  21.7336  0  12.093  39.763
1.6  39.9802  0  36.0858  21.7046  0  11.9789  39.9802
1.61  40.1971  0  36.205  21.6758  0  11.865  40.1971
1.62  40.4137  0  36.3231  21.647  0  11.7514  40.4137
1.63  40.6301  0  36.44  21.6184  0  11.6379  40.6301
1.64  40.8461  0  36.5558  21.59  0  11.5247  40.8461
1.65  41.0619  0  36.6705  21.5616  0  11.4116  41.0619
1.66  41.2774  0  36.7841  21.5334  0  11.2987  41.2774
1.67  41.4925  0  36.8965  21.5054  0  11.1861  41.4925
1.68  41.7075  0  37.0078  21.4774  0  11.0736  41.7075
1.69  41.9221  0  37.1179  21.4496  0  10.9613  41.9221
1.7  42.1365  0  37.227  21.4219  0  10.8492  42.1365
1.71  42.3505  0  37.3349  21.3943  0  10.7373  42.3505
1.72  42.5643  0  37.4417  21.3668  0  10.6256  42.5643
1.73  42.7779  0  37.5474  21.3395  0  10.514  42.7779
1.74  42.9911  0  37.652  21.3122  0  10.4027  42.9911
1.75  43.2041  0  37.7555  21.2851  0  10.2915  43.2041
1.76  43.4168  0  37.8579  21.2582  0  10.1805  43.4168
1.77  43.6293  0  37.9591  21.2313  0  10.0697  43.6293
1.78  43.8415  0  38.0593  21.2045  0  9.9591  43.8415
1.79  44.0534  0  38.1583  21.1779  0  9.84865  44.0534
1.8  44.265  0  38.2562  21.1514  0  9.73838  44.265
1.81  44.4764  0  38.3531  21.125  0  9.62828  44.4764
1.82  44.6875  0  38.4488  21.0987  0  9.51835  44.6875
1.83  44.8984  0  38.5434  21.0725  0  9.4086  44.8984
1.84  45.109  0  38.637  21.0464  0  9.29902  45.109
1.85  45.3193  0  38.7294  21.0204  0  9.1896  45.3193
1.86  45.5294  0  38.8208  20.9946  0  9.08036  45.5294
1.87  45.7392  0  38.911  20.9688  0  8.97128  45.7392
1.88  45.9487  0  39.0002  20.9432  0  8.86237  45.9487
1.89  46.1581  0  39.0883  20.9176  0  8.75362  46.1581
1.9  46.3671  0  39.1753  20.8922  0  8.64504  46.3671
1.91  46.5759  0  39.2612  20.8669  0  8.53662  46.5759
1.92  46.7844  0  39.346  20.8416  0  8.42836  46.7844
1.93  46.9927  0  39.4297  20.8165  0  8.32025  46.9927
1.94  47.2008  0  39.5124  20.7915  0  8.21231  47.2008
1.95  47.4086  0  39.594  20.7666  0  8.10453  47.4086
1.96  47.6161  0  39.6745  20.7418  0  7.9969  47.6161
1.97  47.8234  0  39.7539  20.717  0  7.88942  47.8234
1.98  48.0304  0  39.8323  20.6924  0  7.7821  48.0304
1.99  48.2372  0  39.9096  20.6679  0  7.67493  48.2372
2  48.4438  0  39.9858  20.6434  0  7.56792  48.4438
2.01  48.6501  0  40.0609  20.6191  0  7.46105  48.6501
2.02  48.8562  0  40.135  20.5949  0  7.35434  48.8562
2.03  49.062  0  40.208  20.5707  0  7.24777  49.062
2.04  49.2676  0  40.28  20.5466  0  7.14135  49.2676
2.05  49.4729  0  40.3508  20.5227  0  7.03508  49.4729
2.06  49.6781  0  40.4207  20.4988  0  6.92895  49.6781
2.07  49.8829  0  40.4894  20.475  0  6.82297  49.8829
2.08  50.0876  0  40.5571  20.4513  0  6.71713  50.0876
2.09  50.2919  0  40.6238  20.4277  0  6.61143  50.2919
2.1  50.4961  0  40.6893  20.4042  0  6.50588  50.4961
2.11  50.7  0  40.7539  20.3808  0  6.40046  50.7
2.12  50.9037  0  40.8174  20.3574  0  6.29519  50.9037
2.13  51.1072  0  40.8798  20.3342  0  6.19005  51.1072
2.14  51.3104  0  40.9412  20.311  0  6.08505  51.3104
2.15  51.5134  0  41.0015  20.2879  0  5.98019  51.5134
2.16  51.7162  0  41.0608  20.2649  0  5.87546  51.7162
2.17  51.9187  0  41.119  20.2419  0  5.77087  51.9187
2.18  52.121  0  41.1762  20.2191  0  5.66641  52.121
2.19  52.3231  0  41.2323  20.1963  0  5.56208  52.3231
2.2  52.5249  0  41.2874  20.1736  0  5.45789  52.5249
2.21  52.7266  0  41.3415  20.151  0  5.35383  52.7266
2.22  52.928  0  41.3945  20.1285  0  5.2499  52.928
2.23  53.1291  0  41.4465  20.1061  0  5.1461  53.1291
2.24  53.3301  0  41.4974  20.0837  0  5.04242  53.3301
2.25  53.5308  0  41.5473  20.0614  0  4.93888  53.5308
2.26  53.7313  0  41.5962  20.0391  0  4.83546  53.7313
2.27  53.9316  0  41.644  20.017  0  4.73217  53.9316
2.28  54.1316  0  41.6908  19.9949  0  4.629  54.1316
2.29  54.3315  0  41.7366  19.9729  0  4.52596  54.3315
2.3  54.5311  0  41.7814  19.951  0  4.42305  54.5311
2.31  54.7305  0  41.8251  19.9291  0  4.32025  54.7305
2.32  54.9297  0  41.8678  19.9073  0  4.21758  54.9297
2.33  55.1286  0  41.9094  19.8856  0  4.11503  55.1286
2.34  55.3274  0  41.9501  19.8639  0  4.0126  55.3274
2.35  55.5259  0  41.9897  19.8423  0  3.9103  55.5259
2.36  55.7242  0  42.0283  19.8208  0  3.80811  55.7242
2.37  55.9223  0  42.0658  19.7994  0  3.70604  55.9223
2.38  56.1202  0  42.1024  19.778  0  3.60409  56.1202
2.39  56.3179  0  42.1379  19.7566  0  3.50226  56.3179
2.4  56.5154  0  42.1724  19.7354  0  3.40054  56.5154
2.41  56.7126  0  42.2059  19.7142  0  3.29894  56.7126
2.42  56.9096  0  42.2384  19.6931  0  3.19746  56.9096
2.43  57.1065  0  42.2699  19.672  0  3.09609  57.1065
2.44  57.3031  0  42.3003  19.651  0  2.99483  57.3031
2.45  57.4995  0  42.3298  19.63  0  2.89369  57.4995
2.46  57.6957  0  42.3582  19.6091  0  2.79266  57.6957
2.47  57.8917  0  42.3856  19.5883  0  2.69175  57.8917
2.48  58.0875  0  42.412  19.5675  0  2.59095  58.0875
2.49  58.283  0  42.4375  19.5468  0  2.49025  58.283
2.5  58.4784  0  42.4619  19.5261  0  2.38967  58.4784
2.51  58.6735  0  42.4852  19.5055  0  2.2892  58.6735
2.52  58.8685  0  42.5076  19.485  0  2.18884  58.8685
2.53  59.0632  0  42.529  19.4645  0  2.08859  59.0632
2.54  59.2578  0  42.5494  19.4441  0  1.98845  59.2578
2.55  59.4521  0  42.5688  19.4237  0  1.88842  59.4521
2.56  59.6463  0  42.5872  19.4033  0  1.78849  59.6463
2.57  59.8402  0  42.6046  19.3831  0  1.68868  59.8402
2.58  60.0339  0  42.621  19.3628  0  1.58896  60.0339
2.59  60.2275  0  42.6363  19.3427  0  1.48936  60.2275
2.6  60.4208  0  42.6507  19.3225  0  1.38986  60.4208
2.61  60.6139  0  42.6641  19.3024  0  1.29047  60.6139
2.62  60.8068  0  42.6766  19.2824  0  1.19118  60.8068
2.63  60.9996  0  42.688  19.2624  0  1.09199  60.9996
2.64  61.1921  0  42.6984  19.2425  0  0.992915  61.1921
2.65  61.3844  0  42.7078  19.2226  0  0.893939  61.3844
2.66  61.5765  0  42.7163  19.2028  0  0.795067  61.5765
2.67  61.7685  0  42.7237  19.183  0  0.696298  61.7685
2.68  61.9602  0  42.7302  19.1632  0  0.597631  61.9602
2.69  62.1517  0  42.7357  19.1435  0  0.499067  62.1517
2.7  62.3431  0  42.7402  19.1238  0  0.400604  62.3431
2.71  62.5342  0  42.7437  19.1042  0  0.302243  62.5342
2.72  62.7251  0  42.7462  19.0846  0  0.203984  62.7251
2.73  62.9159  0  42.7478  19.0651  0  0.105825  62.9159
2.74  63.1064  0  42.7483  19.0456  0  0.00776706  63.1064
2.75  63.2968  0  42.7479  19.0261  0  -0.0901908  63.2968
2.76  63.487  0  42.7465  19.0067  0  -0.188049  63.487
2.77  63.6769  0  42.7442  18.9873  0  -0.285807  63.6769
2.78  63.8667  0  42.7408  18.968  0  -0.383466  63.8667
2.79  64.0563  0  42.7365  18.9486  0  -0.481026  64.0563
2.8  64.2457  0  42.7312  18.9294  0  -0.578486  64.2457
2.81  64.4349  0  42.7249  18.9101  0  -0.675849  64.4349
2.82  64.6239  0  42.7177  18.8909  0  -0.773113  64.6239
2.83  64.8127  0  42.7095  18.8718  0  -0.870279  64.8127
2.84  65.0013  0  42.7003  18.8526  0  -0.967347  65.0013
2.85  65.1898  0  42.6901  18.8335  0  -1.06432  65.1898
2.86  65.378  0  42.679  18.8145  0  -1.16119  65.378
2.87  65.566  0  42.6669  18.7954  0  -1.25797  65.566
2.88  65.7539  0  42.6538  18.7764  0  -1.35464  65.7539
2.89  65.9416  0  42.6398  18.7575  0  -1.45123  65.9416
2.9  66.1291  0  42.6248  18.7385  0  -1.54771  66.1291
2.91  66.3163  0  42.6089  18.7196  0  -1.6441  66.3163
2.92  66.5034  0  42.5919  18.7007  0  -1.74039  66.5034
2.93  66.6904  0  42.574  18.6819  0  -1.83659  66.6904
2.94  66.8771  0  42.5552  18.6631  0  -1.93269  66.8771
2.95  67.0636  0  42.5354  18.6443  0  -2.02869  67.0636
2.96  67.25  0  42.5146  18.6255  0  -2.1246  67.25
2.97  67.4361  0  42.4929  18.6068  0  -2.22042  67.4361
2.98  67.6221  0  42.4702  18.5881  0  -2.31613  67.6221
2.99  67.8079  0  42.4466  18.5694  0  -2.41176  67.8079
3  67.9935  0  42.422  18.5507  0  -2.50728  67.9935
3.01  68.1789  0  42.3964  18.5321  0  -2.60271  68.1789
3.02  68.3641  0  42.3699  18.5134  0  -2.69805  68.3641
3.03  68.5492  0  42.3425  18.4949  0  -2.79329  68.5492
3.04  68.734  0  42.3141  18.4763  0  -2.88844  68.734
3.05  68.9187  0  42.2847  18.4577  0  -2.98349  68.9187
3.06  69.1032  0  42.2544  18.4392  0  -3.07844  69.1032
3.07  69.2875  0  42.2231  18.4207  0  -3.17331  69.2875
3.08  69.4716  0  42.1909  18.4022  0  -3.26807  69.4716
3.09  69.6555  0  42.1578  18.3838  0  -3.36274  69.6555
3.1  69.8393  0  42.1237  18.3653  0  -3.45732  69.8393
3.11  70.0228  0  42.0886  18.3469  0  -3.5518  70.0228
3.12  70.2062  0  42.0526  18.3285  0  -3.64619  70.2062
3.13  70.3894  0  42.0157  18.3101  0  -3.74048  70.3894
3.14  70.5724  0  41.9778  18.2917  0  -3.83468  70.5724
3.15  70.7552  0  41.939  18.2734  0  -3.92878  70.7552
3.16  70.9379  0  41.8993  18.255  0  -4.02279  70.9379
3.17  71.1203  0  41.8586  18.2367  0  -4.11671  71.1203
3.18  71.3026  0  41.8169  18.2184  0  -4.21052  71.3026
3.19  71.4847  0  41.7743  18.2001  0  -4.30425  71.4847
3.2  71.6666  0  41.7308  18.1818  0  -4.39788  71.6666
3.21  71.8483  0  41.6864  18.1636  0  -4.49141  71.8483
3.22  72.0299  0  41.641  18.1453  0  -4.58485  72.0299
3.23  72.2113  0  41.5947  18.1271  0  -4.67819  72.2113
3.24  72.3924  0  41.5474  18.1089  0  -4.77144  72.3924
3.25  72.5734  0  41.4993  18.0907  0  -4.86459  72.5734
3.26  72.7542  0  41.4501  18.0725  0  -4.95765  72.7542
3.27  72.9349  0  41.4001  18.0543  0  -5.05061  72.9349
3.28  73.1153  0  41.3491  18.0361  0  -5.14348  73.1153
3.29  73.2956  0  41.2972  18.0179  0  -5.23625  73.2956
3.3  73.4757  0  41.2444  17.9998  0  -5.32892  73.4757
3.31  73.6556  0  41.1907  17.9816  0  -5.4215  73.6556
3.32  73.8353  0  41.136  17.9635  0  -5.51398  73.8353
3.33  74.0149  0  41.0804  17.9454  0  -5.60637  74.0149
3.34  74.1942  0  41.0239  17.9272  0  -5.69866  74.1942
3.35  74.3734  0  40.9664  17.9091  0  -5.79085  74.3734
3.36  74.5524  0  40.908  17.891  0  -5.88295  74.5524
3.37  74.7312  0  40.8488  17.8729  0  -5.97494  74.7312
3.38  74.9099  0  40.7885  17.8548  0  -6.06685  74.9099
3.39  75.0883  0  40.7274  17.8367  0  -6.15865  75.0883
3.4  75.2666  0  40.6654  17.8187  0  -6.25036  75.2666
3.41  75.4447  0  40.6024  17.8006  0  -6.34197  75.4447
3.42  75.6226  0  40.5385  17.7825  0  -6.43348  75.6226
3.43  75.8003  0  40.4737  17.7645  0  -6.5249  75.8003
3.44  75.9779  0  40.408  17.7464  0  -6.61622  75.9779
3.45  76.1553  0  40.3414  17.7283  0  -6.70743  76.1553
3.46  76.3325  0  40.2739  17.7103  0  -6.79855  76.3325
3.47  76.5095  0  40.2054  17.6922  0  -6.88958  76.5095
3.48  76.6863  0  40.1361  17.6742  0  -6.9805  76.6863
3.49  76.863  0  40.0658  17.6562  0  -7.07132  76.863
3.5  77.0394  0  39.9947  17.6381  0  -7.16205  77.0394
3.51  77.2157  0  39.9226  17.6201  0  -7.25267  77.2157
3.52  77.3918  0  39.8496  17.602  0  -7.3432  77.3918
3.53  77.5678  0  39.7757  17.584  0  -7.43362  77.5678
3.54  77.7435  0  39.7009  17.566  0  -7.52395  77.7435
3.55  77.9191  0  39.6252  17.5479  0  -7.61417  77.9191
3.56  78.0945  0  39.5487  17.5299  0  -7.7043  78.0945
3.57  78.2697  0  39.4712  17.5119  0  -7.79432  78.2697
3.58  78.4447  0  39.3928  17.4938  0  -7.88424  78.4447
3.59  78.6196  0  39.3135  17.4758  0  -7.97406  78.6196
3.6  78.7942  0  39.2333  17.4577  0  -8.06378  78.7942
3.61  78.9687  0  39.1522  17.4397  0  -8.1534  78.9687
3.62  79.143  0  39.0702  17.4217  0  -8.24291  79.143
3.63  79.3172  0  38.9873  17.4036  0  -8.33232  79.3172
3.64  79.4911  0  38.9036  17.3856  0  -8.42163  79.4911
3.65  79.6649  0  38.8189  17.3675  0  -8.51084  79.6649
3.66  79.8384  0  38.7334  17.3495  0  -8.59994  79.8384
3.67  80.0119  0  38.6469  17.3314  0  -8.68894  80.0119
3.68  80.1851  0  38.5596  17.3134  0  -8.77784  80.1851
3.69  80.3581  0  38.4714  17.2953  0  -8.86663  80.3581
3.7  80.531  0  38.3822  17.2772  0  -8.95532  80.531
3.71  80.7037  0  38.2923  17.2592  0  -9.0439  80.7037
3.72  80.8762  0  38.2014  17.2411  0  -9.13238  80.8762
3.73  81.0485  0  38.1096  17.223  0  -9.22075  81.0485
3.74  81.2206  0  38.017  17.2049  0  -9.30902  81.2206
3.75  81.3926  0  37.9234  17.1868  0  -9.39718  81.3926
3.76  81.5644  0  37.829  17.1688  0  -9.48523  81.5644
3.77  81.736  0  37.7337  17.1506  0  -9.57318  81.736
3.78  81.9074  0  37.6376  17.1325  0  -9.66102  81.9074
3.79  82.0786  0  37.5405  17.1144  0  -9.74876  82.0786
3.8  82.2497  0  37.4426  17.0963  0  -9.83638  82.2497
3.81  82.4205  0  37.3438  17.0782  0  -9.9239  82.4205
3.82  82.5912  0  37.2441  17.0601  0  -10.0113  82.5912
3.83  82.7617  0  37.1435  17.0419  0  -10.0986  82.7617
3.84  82.9321  0  37.0421  17.0238  0  -10.1858  82.9321
3.85  83.1022  0  36.9398  17.0056  0  -10.2729  83.1022
3.86  83.2722  0  36.8367  16.9874  0  -10.3599  83.2722
3.87  83.442  0  36.7326  16.9693  0  -10.4467  83.442
3.88  83.6116  0  36.6277  16.9511  0  -10.5335  83.6116
3.89  83.781  0  36.522  16.9329  0  -10.6201  83.781
3.9  83.9502  0  36.4153  16.9147  0  -10.7067  83.9502
3.91  84.1193  0  36.3078  16.8965  0  -10.7931  84.1193
3.92  84.2882  0  36.1995  16.8783  0  -10.8794  84.2882
3.93  84.4568  0  36.0902  16.8601  0  -10.9656  84.4568
3.94  84.6254  0  35.9802  16.8418  0  -11.0517  84.6254
3.95  84.7937  0  35.8692  16.8236  0  -11.1377  84.7937
3.96  84.9618  0  35.7574  16.8053  0  -11.2235  84.9618
3.97  85.1298  0  35.6447  16.7871  0  -11.3093  85.1298
3.98  85.2976  0  35.5312  16.7688  0  -11.3949  85.2976
3.99  85.4652  0  35.4168  16.7505  0  -11.4805  85.4652
4  85.6326  0  35.3016  16.7322  0  -11.5659  85.6326
4.01  85.7998  0  35.1855  16.7139  0  -11.6512  85.7998
4.02  85.9669  0  35.0686  16.6956  0  -11.7363  85.9669
4.03  86.1337  0  34.9508  16.6773  0  -11.8214  86.1337
4.04  86.3004  0  34.8322  16.659  0  -11.9064  86.3004
4.05  86.4669  0  34.7127  16.6406  0  -11.9912  86.4669
4.06  86.6332  0  34.5923  16.6223  0  -12.0759  86.6332
4.07  86.7993  0  34.4712  16.6039  0  -12.1605  86.7993
4.08  86.9653  0  34.3491  16.5855  0  -12.245  86.9653
4.09  87.1311  0  34.2263  16.5671  0  -12.3294  87.1311
4.1  87.2966  0  34.1025  16.5487  0  -12.4136  87.2966
4.11  87.462  0  33.978  16.5303  0  -12.4978  87.462
4.12  87.6272  0  33.8526  16.5119  0  -12.5818  87.6272
4.13  87.7923  0  33.7263  16.4935  0  -12.6657  87.7923
4.14  87.9571  0  33.5993  16.475  0  -12.7495  87.9571
4.15  88.1218  0  33.4714  16.4566  0  -12.8331  88.1218
4.16  88.2862  0  33.3426  16.4381  0  -12.9167  88.2862
4.17  88.4505  0  33.213  16.4196  0  -13.0001  88.4505
4.18  88.6146  0  33.0826  16.4011  0  -13.0834  88.6146
4.19  88.7786  0  32.9514  16.3826  0  -13.1666  88.7786
4.2  88.9423  0  32.8193  16.3641  0  -13.2496  88.9423
4.21  89.1058  0  32.6864  16.3455  0  -13.3325  89.1058
4.22  89.2692  0  32.5526  16.327  0  -13.4154  89.2692
4.23  89.4324  0  32.4181  16.3084  0  -13.4981  89.4324
4.24  89.5954  0  32.2827  16.2899  0  -13.5806  89.5954
4.25  89.7582  0  32.1464  16.2713  0  -13.6631  89.7582
4.26  89.9208  0  32.0094  16.2527  0  -13.7454  89.9208
4.27  90.0832  0  31.8715  16.2341  0  -13.8276  90.0832
4.28  90.2455  0  31.7329  16.2154  0  -13.9097  90.2455
4.29  90.4075  0  31.5933  16.1968  0  -13.9916  90.4075
4.3  90.5694  0  31.453  16.1782  0  -14.0735  90.5694
4.31  90.7311  0  31.3119  16.1595  0  -14.1552  90.7311
4.32  90.8926  0  31.1699  16.1408  0  -14.2368  90.8926
4.33  91.0539  0  31.0271  16.1221  0  -14.3182  91.0539
4.34  91.215  0  30.8836  16.1034  0  -14.3996  91.215
4.35  91.376  0  30.7392  16.0847  0  -14.4808  91.376
4.36  91.5367  0  30.5939  16.066  0  -14.5618  91.5367
4.37  91.6973  0  30.4479  16.0472  0  -14.6428  91.6973
4.38  91.8577  0  30.3011  16.0285  0  -14.7236  91.8577
4.39  92.0179  0  30.1534  16.0097  0  -14.8043  92.0179
4.4  92.1779  0  30.005  15.9909  0  -14.8849  92.1779
4.41  92.3377  0  29.8557  15.9721  0  -14.9653  92.3377
4.42  92.4973  0  29.7057  15.9533  0  -15.0457  92.4973
4.43  92.6568  0  29.5548  15.9345  0  -15.1258  92.6568
4.44  92.816  0  29.4032  15.9156  0  -15.2059  92.816
4.45  92.9751  0  29.2507  15.8968  0  -15.2858  92.9751
4.46  93.1339  0  29.0975  15.8779  0  -15.3656  93.1339
4.47  93.2926  0  28.9434  15.859  0  -15.4453  93.2926
4.48  93.4511  0  28.7886  15.8401  0  -15.5248  93.4511
4.49  93.6094  0  28.6329  15.8212  0  -15.6043  93.6094
4.5  93.7676  0  28.4765  15.8023  0  -15.6835  93.7676
4.51  93.9255  0  28.3192  15.7834  0  -15.7627  93.9255
4.52  94.0832  0  28.1612  15.7644  0  -15.8417  94.0832
4.53  94.2408  0  28.0024  15.7455  0  -15.9206  94.2408
4.54  94.3981  0  27.8428  15.7265  0  -15.9993  94.3981
4.55  94.5553  0  27.6824  15.7075  0  -16.078  94.5553
4.56  94.7123  0  27.5212  15.6885  0  -16.1564  94.7123
4.57  94.8691  0  27.3593  15.6695  0  -16.2348  94.8691
4.58  95.0257  0  27.1965  15.6504  0  -16.313  95.0257
4.59  95.1821  0  27.033  15.6314  0  -16.3911  95.1821
4.6  95.3383  0  26.8687  15.6123  0  -16.4691  95.3383
4.61  95.4943  0  26.7036  15.5933  0  -16.5469  95.4943
4.62  95.6502  0  26.5378  15.5742  0  -16.6246  95.6502
4.63  95.8058  0  26.3712  15.5551  0  -16.7021  95.8058
4.64  95.9613  0  26.2037  15.536  0  -16.7795  95.9613
4.65  96.1165  0  26.0356  15.5168  0  -16.8568  96.1165
4.66  96.2716  0  25.8666  15.4977  0  -16.934  96.2716
4.67  96.4265  0  25.6969  15.4786  0  -17.011  96.4265
4.68  96.5812  0  25.5264  15.4594  0  -17.0879  96.5812
4.69  96.7357  0  25.3551  15.4402  0  -17.1646  96.7357
4.7  96.89  0  25.1831  15.421  0  -17.2412  96.89
4.71  97.0441  0  25.0103  15.4018  0  -17.3177  97.0441
4.72  97.198  0  24.8367  15.3826  0  -17.394  97.198
4.73  97.3517  0  24.6624  15.3634  0  -17.4702  97.3517
4.74  97.5053  0  24.4873  15.3441  0  -17.5462  97.5053
4.75  97.6586  0  24.3115  15.3249  0  -17.6222  97.6586
4.76  97.8118  0  24.1349  15.3056  0  -17.6979  97.8118
4.77  97.9647  0  23.9575  15.2863  0  -17.7736  97.9647
4.78  98.1175  0  23.7794  15.267  0  -17.8491  98.1175
4.79  98.2701  0  23.6006  15.2477  0  -17.9244  98.2701
4.8  98.4225  0  23.4209  15.2284  0  -17.9997  98.4225
4.81  98.5746  0  23.2406  15.209  0  -18.0748  98.5746
4.82  98.7266  0  23.0594  15.1897  0  -18.1497  98.7266
4.83  98.8784  0  22.8776  15.1703  0  -18.2245  98.8784
4.84  99.03  0  22.695  15.151  0  -18.2992  99.03
4.85  99.1815  0  22.5116  15.1316  0  -18.3737  99.1815
4.86  99.3327  0  22.3275  15.1122  0  -18.4481  99.3327
4.87  99.4837  0  22.1426  15.0928  0  -18.5223  99.4837
4.88  99.6345  0  21.957  15.0733  0  -18.5964  99.6345
4.89  99.7852  0  21.7707  15.0539  0  -18.6704  99.7852
4.9  99.9356  0  21.5836  15.0345  0  -18.7442  99.9356
4.91  100.086  0  21.3958  15.015  0  -18.8179  100.086
4.92  100.236  0  21.2073  14.9955  0  -18.8914  100.236
4.93  100.386  0  21.018  14.976  0  -18.9648  100.386
4.94  100.535  0  20.828  14.9566  0  -19.038  100.535
4.95  100.685  0  20.6372  14.937  0  -19.1112  100.685
4.96  100.834  0  20.4458  14.9175  0  -19.1841  100.834
4.97  100.983  0  20.2536  14.898  0  -19.2569  100.983
4.98  101.132  0  20.0606  14.8785  0  -19.3296  101.132
4.99  101.281  0  19.867  14.8589  0  -19.4022  101.281
5  101.429  0  19.6726  14.8393  0  -19.4745  101.429
5.01  101.578  0  19.4775  14.8198  0  -19.5468  101.578
5.02  101.726  0  19.2816  14.8002  0  -19.6189  101.726
5.03  101.874  0  19.0851  14.7806  0  -19.6909  101.874
5.04  102.021  0  18.8878  14.761  0  -19.7627  102.021
5.05  102.169  0  18.6898  14.7414  0  -19.8343  102.169
5.06  102.316  0  18.4911  14.7217  0  -19.9059  102.316
5.07  102.463  0  18.2917  14.7021  0  -19.9772  102.463
5.08  102.61  0  18.0916  14.6825  0  -20.0485  102.61
5.09  102.757  0  17.8908  14.6628  0  -20.1196  102.757
5.1  102.903  0  17.6892  14.6431  0  -20.1905  102.903
5.11  103.05  0  17.4869  14.6234  0  -20.2613  103.05
5.12  103.196  0  17.284  14.6038  0  -20.332  103.196
5.13  103.342  0  17.0803  14.5841  0  -20.4025  103.342
5.14  103.488  0  16.8759  14.5643  0  -20.4728  103.488
5.15  103.633  0  16.6708  14.5446  0  -20.543  103.633
5.16  103.778  0  16.4651  14.5249  0  -20.6131  103.778
5.17  103.924  0  16.2586  14.5052  0  -20.683  103.924
5.18  104.069  0  16.0514  14.4854  0  -20.7528  104.069
5.19  104.213  0  15.8435  14.4656  0  -20.8224  104.213
5.2  104.358  0  15.635  14.4459  0  -20.8919  104.358
5.21  104.502  0  15.4257  14.4261  0  -20.9612  104.502
5.22  104.646  0  15.2157  14.4063  0  -21.0304  104.646
5.23  104.79  0  15.0051  14.3865  0  -21.0995  104.79
5.24  104.934  0  14.7937  14.3667  0  -21.1684  104.934
5.25  105.078  0  14.5817  14.3469  0  -21.2371  105.078
5.26  105.221  0  14.369  14.3271  0  -21.3057  105.221
5.27  105.364  0  14.1556  14.3073  0  -21.3741  105.364
5.28  105.507  0  13.9415  14.2874  0  -21.4424  105.507
5.29  105.65  0  13.7268  14.2676  0  -21.5106  105.65
5.3  105.793  0  13.5113  14.2477  0  -21.5786  105.793
5.31  105.935  0  13.2952  14.2279  0  -21.6464  105.935
5.32  106.077  0  13.0784  14.208  0  -21.7141  106.077
5.33  106.219  0  12.8609  14.1881  0  -21.7817  106.219
5.34  106.361  0  12.6427  14.1682  0  -21.8491  106.361
5.35  106.502  0  12.4239  14.1483  0  -21.9163  106.502
5.36  106.644  0  12.2044  14.1284  0  -21.9835  106.644
5.37  106.785  0  11.9843  14.1085  0  -22.0504  106.785
5.38  106.926  0  11.7634  14.0886  0  -22.1172  106.926
5.39  107.067  0  11.5419  14.0687  0  -22.1839  107.067
5.4  107.207  0  11.3197  14.0488  0  -22.2504  107.207
5.41  107.348  0  11.0969  14.0288  0  -22.3167  107.348
5.42  107.488  0  10.8734  14.0089  0  -22.383  107.488
5.43  107.628  0  10.6492  13.989  0  -22.449  107.628
5.44  107.768  0  10.4244  13.969  0  -22.5149  107.768
5.45  107.907  0  10.1989  13.949  0  -22.5807  107.907
5.46  108.047  0  9.97281  13.9291  0  -22.6463  108.047
5.47  108.186  0  9.74602  13.9091  0  -22.7117  108.186
5.48  108.325  0  9.51858  13.8891  0  -22.7771  108.325
5.49  108.464  0  9.29048  13.8691  0  -22.8422  108.464
5.5  108.602  0  9.06173  13.8492  0  -22.9072  108.602
5.51  108.741  0  8.83234  13.8292  0  -22.9721  108.741
5.52  108.879  0  8.60229  13.8092  0  -23.0368  108.879
5.53  109.017  0  8.3716  13.7892  0  -23.1013  109.017
5.54  109.155  0  8.14027  13.7691  0  -23.1657  109.155
5.55  109.292  0  7.90829  13.7491  0  -23.23  109.292
5.56  109.43  0  7.67567  13.7291  0  -23.2941  109.43
5.57  109.567  0  7.4424  13.7091  0  -23.3581  109.567
5.58  109.704  0  7.20851  13.6891  0  -23.4219  109.704
5.59  109.841  0  6.97397  13.669  0  -23.4855  109.841
5.6  109.977  0  6.7388  13.649  0  -23.549  109.977
5.61  110.114  0  6.50299  13.6289  0  -23.6124  110.114
5.62  110.25  0  6.26655  13.6089  0  -23.6756  110.25
5.63  110.386  0  6.02948  13.5888  0  -23.7386  110.386
5.64  110.522  0  5.79178  13.5688  0  -23.8015  110.522
5.65  110.657  0  5.55345  13.5487  0  -23.8642  110.657
5.66  110.793  0  5.31449  13.5287  0  -23.9268  110.793
5.67  110.928  0  5.07491  13.5086  0  -23.9893  110.928
5.68  111.063  0  4.83471  13.4885  0  -24.0516  111.063
5.69  111.198  0  4.59388  13.4685  0  -24.1137  111.198
5.7  111.332  0  4.35243  13.4484  0  -24.1757  111.332
5.71  111.466  0  4.11037  13.4283  0  -24.2375  111.466
5.72  111.601  0  3.86768  13.4082  0  -24.2992  111.601
5.73  111.735  0  3.62438  13.3882  0  -24.3608  111.735
5.74  111.868  0  3.38047  13.3681  0  -24.4221  111.868
5.75  112.002  0  3.13594  13.348  0  -24.4834  112.002
5.76  112.135  0  2.8908  13.3279  0  -24.5444  112.135
5.77  112.269  0  2.64505  13.3078  0  -24.6054  112.269
5.78  112.402  0  2.3987  13.2877  0  -24.6662  112.402
5.79  112.534  0  2.15173  13.2676  0  -24.7268  112.534
5.8  112.667  0  1.90416  13.2475  0  -24.7873  112.667
5.81  112.799  0  1.65599  13.2274  0  -24.8476  112.799
5.82  112.931  0  1.40721  13.2073  0  -24.9077  112.931
5.83  113.063  0  1.15783  13.1872  0  -24.9678  113.063
5.84  113.195  0  0.907855  13.1671  0  -25.0276  113.195
5.85  113.327  0  0.65728  13.147  0  -25.0874  113.327
5.86  113.458  0  0.406108  13.1269  0  -25.1469  113.458
5.87  113.589  0  0.154342  13.1068  0  -25.2063  113.589
5.88  113.72  0  -0.098018  13.0867  0  -25.2656  113.72
