t  x  y  z  vx  vy  vz
0  0  0  0  6.12323e-16  0  10
0  6.12323e-18  0  0.09951  6.12323e-16  0  9.902
0.01  1.22465e-17  0  0.19804  6.12323e-16  0  9.804
0.02  1.83697e-17  0  0.29559  6.12323e-16  0  9.706
0.03  2.44929e-17  0  0.39216  6.12323e-16  0  9.608
0.04  3.06162e-17  0  0.48775  6.12323e-16  0  9.51
0.05  3.67394e-17  0  0.58236  6.12323e-16  0  9.412
0.06  4.28626e-17  0  0.67599  6.12323e-16  0  9.314
0.07  4.89859e-17  0  0.76864  6.12323e-16  0  9.216
0.08  5.51091e-17  0  0.86031  6.12323e-16  0  9.118
0.09  6.12323e-17  0  0.951  6.12323e-16  0  9.02
0.1  6.73556e-17  0  1.04071  6.12323e-16  0  8.922
0.11  7.34788e-17  0  1.12944  6.12323e-16  0  8.824
0.12  7.9602e-17  0  1.21719  6.12323e-16  0  8.726
0.13  8.57253e-17  0  1.30396  6.12323e-16  0  8.628
0.14  9.18485e-17  0  1.38975  6.12323e-16  0  8.53
0.15  9.79717e-17  0  1.47456  6.12323e-16  0  8.432
0.16  1.04095e-16  0  1.55839  6.12323e-16  0  8.334
0.17  1.10218e-16  0  1.64124  6.12323e-16  0  8.236
0.18  1.16341e-16  0  1.72311  6.12323e-16  0  8.138
0.19  1.22465e-16  0  1.804  6.12323e-16  0  8.04
0.2  1.28588e-16  0  1.88391  6.12323e-16  0  7.942
0.21  1.34711e-16  0  1.96284  6.12323e-16  0  7.844
0.22  1.40834e-16  0  2.04079  6.12323e-16  0  7.746
0.23  1.46958e-16  0  2.11776  6.12323e-16  0  7.648
0.24  1.53081e-16  0  2.19375  6.12323e-16  0  7.55
0.25  1.59204e-16  0  2.26876  6.12323e-16  0  7.452
0.26  1.65327e-16  0  2.34279  6.12323e-16  0  7.354
0.27  1.71451e-16  0  2.41584  6.12323e-16  0  7.256
0.28  1.77574e-16  0  2.48791  6.12323e-16  0  7.158
0.29  1.83697e-16  0  2.559  6.12323e-16  0  7.06
0.3  1.8982e-16  0  2.62911  6.12323e-16  0  6.962
0.31  1.95943e-16  0  2.69824  6.12323e-16  0  6.864
0.32  2.02067e-16  0  2.76639  6.12323e-16  0  6.766
0.33  2.0819e-16  0  2.83356  6.12323e-16  0  6.668
0.34  2.14313e-16  0  2.89975  6.12323e-16  0  6.57
0.35  2.20436e-16  0  2.96496  6.12323e-16  0  6.472
0.36  2.2656e-16  0  3.02919  6.12323e-16  0  6.374
0.37  2.32683e-16  0  3.09244  6.12323e-16  0  6.276
0.38  2.38806e-16  0  3.15471  6.12323e-16  0  6.178
0.39  2.44929e-16  0  3.216  6.12323e-16  0  6.08
0.4  2.51053e-16  0  3.27631  6.12323e-16  0  5.982
0.41  2.57176e-16  0  3.33564  6.12323e-16  0  5.884
0.42  2.63299e-16  0  3.39399  6.12323e-16  0  5.786
0.43  2.69422e-16  0  3.45136  6.12323e-16  0  5.688
0.44  2.75546e-16  0  3.50775  6.12323e-16  0  5.59
0.45  2.81669e-16  0  3.56316  6.12323e-16  0  5.492
0.46  2.87792e-16  0  3.61759  6.12323e-16  0  5.394
0.47  2.93915e-16  0  3.67104  6.12323e-16  0  5.296
0.48  3.00038e-16  0  3.72351  6.12323e-16  0  5.198
0.49  3.06162e-16  0  3.775  6.12323e-16  0  5.1
0.5  3.12285e-16  0  3.82551  6.12323e-16  0  5.002
0.51  3.18408e-16  0  3.87504  6.12323e-16  0  4.904
0.52  3.24531e-16  0  3.92359  6.12323e-16  0  4.806
0.53  3.30655e-16  0  3.97116  6.12323e-16  0  4.708
0.54  3.36778e-16  0  4.01775  6.12323e-16  0  4.61
0.55  3.42901e-16  0  4.06336  6.12323e-16  0  4.512
0.56  3.49024e-16  0  4.10799  6.12323e-16  0  4.414
0.57  3.55148e-16  0  4.15164  6.12323e-16  0  4.316
0.58  3.61271e-16  0  4.19431  6.12323e-16  0  4.218
0.59  3.67394e-16  0  4.236  6.12323e-16  0  4.12
0.6  3.73517e-16  0  4.27671  6.12323e-16  0  4.022
0.61  3.79641e-16  0  4.31644  6.12323e-16  0  3.924
0.62  3.85764e-16  0  4.35519  6.12323e-16  0  3.826
0.63  3.91887e-16  0  4.39296  6.12323e-16  0  3.728
0.64  3.9801e-16  0  4.42975  6.12323e-16  0  3.63
0.65  4.04133e-16  0  4.46556  6.12323e-16  0  3.532
0.66  4.10257e-16  0  4.50039  6.12323e-16  0  3.434
0.67  4.1638e-16  0  4.53424  6.12323e-16  0  3.336
0.68  4.22503e-16  0  4.56711  6.12323e-16  0  3.238
0.69  4.28626e-16  0  4.599  6.12323e-16  0  3.14
0.7  4.3475e-16  0  4.62991  6.12323e-16  0  3.042
0.71  4.40873e-16  0  4.65984  6.12323e-16  0  2.944
0.72  4.46996e-16  0  4.68879  6.12323e-16  0  2.846
0.73  4.53119e-16  0  4.71676  6.12323e-16  0  2.748
0.74  4.59243e-16  0  4.74375  6.12323e-16  0  2.65
0.75  4.65366e-16  0  4.76976  6.12323e-16  0  2.552
0.76  4.71489e-16  0  4.79479  6.12323e-16  0  2.454
0.77  4.77612e-16  0  4.81884  6.12323e-16  0  2.356
0.78  4.83735e-16  0  4.84191  6.12323e-16  0  2.258
0.79  4.89859e-16  0  4.864  6.12323e-16  0  2.16
0.8  4.95982e-16  0  4.88511  6.12323e-16  0  2.062
0.81  5.02105e-16  0  4.90524  6.12323e-16  0  1.964
0.82  5.08228e-16  0  4.92439  6.12323e-16  0  1.866
0.83  5.14352e-16  0  4.94256  6.12323e-16  0  1.768
0.84  5.20475e-16  0  4.95975  6.12323e-16  0  1.67
0.85  5.26598e-16  0  4.97596  6.12323e-16  0  1.572
0.86  5.32721e-16  0  4.99119  6.12323e-16  0  1.474
0.87  5.38845e-16  0  5.00544  6.12323e-16  0  1.376
0.88  5.44968e-16  0  5.01871  6.12323e-16  0  1.278
0.89  5.51091e-16  0  5.031  6.12323e-16  0  1.18
0.9  5.57214e-16  0  5.04231  6.12323e-16  0  1.082
0.91  5.63338e-16  0  5.05264  6.12323e-16  0  0.984
0.92  5.69461e-16  0  5.06199  6.12323e-16  0  0.886
0.93  5.75584e-16  0  5.07036  6.12323e-16  0  0.788
0.94  5.81707e-16  0  5.07775  6.12323e-16  0  0.69
0.95  5.8783e-16  0  5.08416  6.12323e-16  0  0.592
0.96  5.93954e-16  0  5.08959  6.12323e-16  0  0.494
0.97  6.00077e-16  0  5.09404  6.12323e-16  0  0.396
0.98  6.062e-16  0  5.09751  6.12323e-16  0  0.298
0.99  6.12323e-16  0  5.1  6.12323e-16  0  0.2
1  6.18447e-16  0  5.10151  6.12323e-16  0  0.102
1.01  6.2457e-16  0  5.10204  6.12323e-16  0  0.004
1.02  6.30693e-16  0  5.10159  6.12323e-16  0  -0.094
1.03  6.36816e-16  0  5.10016  6.12323e-16  0  -0.192
1.04  6.4294e-16  0  5.09775  6.12323e-16  0  -0.29
1.05  6.49063e-16  0  5.09436  6.12323e-16  0  -0.388
1.06  6.55186e-16  0  5.08999  6.12323e-16  0  -0.486
1.07  6.61309e-16  0  5.08464  6.12323e-16  0  -0.584
1.08  6.67433e-16  0  5.07831  6.12323e-16  0  -0.682
1.09  6.73556e-16  0  5.071  6.12323e-16  0  -0.78
1.1  6.79679e-16  0  5.06271  6.12323e-16  0  -0.878
1.11  6.85802e-16  0  5.05344  6.12323e-16  0  -0.976
1.12  6.91925e-16  0  5.04319  6.12323e-16  0  -1.074
1.13  6.98049e-16  0  5.03196  6.12323e-16  0  -1.172
1.14  7.04172e-16  0  5.01975  6.12323e-16  0  -1.27
1.15  7.10295e-16  0  5.00656  6.12323e-16  0  -1.368
1.16  7.16418e-16  0  4.99239  6.12323e-16  0  -1.466
1.17  7.22542e-16  0  4.97724  6.12323e-16  0  -1.564
1.18  7.28665e-16  0  4.96111  6.12323e-16  0  -1.662
1.19  7.34788e-16  0  4.944  6.12323e-16  0  -1.76
1.2  7.40911e-16  0  4.92591  6.12323e-16  0  -1.858
1.21  7.47035e-16  0  4.90684  6.12323e-16  0  -1.956
1.22  7.53158e-16  0  4.88679  6.12323e-16  0  -2.054
1.23  7.59281e-16  0  4.86576  6.12323e-16  0  -2.152
1.24  7.65404e-16  0  4.84375  6.12323e-16  0  -2.25
1.25  7.71527e-16  0  4.82076  6.12323e-16  0  -2.348
1.26  7.77651e-16  0  4.79679  6.12323e-16  0  -2.446
1.27  7.83774e-16  0  4.77184  6.12323e-16  0  -2.544
1.28  7.89897e-16  0  4.74591  6.12323e-16  0  -2.642
1.29  7.9602e-16  0  4.719  6.12323e-16  0  -2.74
1.3  8.02144e-16  0  4.69111  6.12323e-16  0  -2.838
1.31  8.08267e-16  0  4.66224  6.12323e-16  0  -2.936
1.32  8.1439e-16  0  4.63239  6.12323e-16  0  -3.034
1.33  8.20513e-16  0  4.60156  6.12323e-16  0  -3.132
1.34  8.26637e-16  0  4.56975  6.12323e-16  0  -3.23
1.35  8.3276e-16  0  4.53696  6.12323e-16  0  -3.328
1.36  8.38883e-16  0  4.50319  6.12323e-16  0  -3.426
1.37  8.45006e-16  0  4.46844  6.12323e-16  0  -3.524
1.38  8.5113e-16  0  4.43271  6.12323e-16  0  -3.622
1.39  8.57253e-16  0  4.396  6.12323e-16  0  -3.72
1.4  8.63376e-16  0  4.35831  6.12323e-16  0  -3.818
1.41  8.69499e-16  0  4.31964  6.12323e-16  0  -3.916
1.42  8.75622e-16  0  4.27999  6.12323e-16  0  -4.014
1.43  8.81746e-16  0  4.23936  6.12323e-16  0  -4.112
1.44  8.87869e-16  0  4.19775  6.12323e-16  0  -4.21
1.45  8.93992e-16  0  4.15516  6.12323e-16  0  -4.308
1.46  9.00115e-16  0  4.11159  6.12323e-16  0  -4.406
1.47  9.06239e-16  0  4.06704  6.12323e-16  0  -4.504
1.48  9.12362e-16  0  4.02151  6.12323e-16  0  -4.602
1.49  9.18485e-16  0  3.975  6.12323e-16  0  -4.7
1.5  9.24608e-16  0  3.92751  6.12323e-16  0  -4.798
1.51  9.30732e-16  0  3.87904  6.12323e-16  0  -4.896
1.52  9.36855e-16  0  3.82959  6.12323e-16  0  -4.994
1.53  9.42978e-16  0  3.77916  6.12323e-16  0  -5.092
1.54  9.49101e-16  0  3.72775  6.12323e-16  0  -5.19
1.55  9.55225e-16  0  3.67536  6.12323e-16  0  -5.288
1.56  9.61348e-16  0  3.62199  6.12323e-16  0  -5.386
1.57  9.67471e-16  0  3.56764  6.12323e-16  0  -5.484
1.58  9.73594e-16  0  3.51231  6.12323e-16  0  -5.582
1.59  9.79717e-16  0  3.456  6.12323e-16  0  -5.68
1.6  9.85841e-16  0  3.39871  6.12323e-16  0  -5.778
1.61  9.91964e-16  0  3.34044  6.12323e-16  0  -5.876
1.62  9.98087e-16  0  3.28119  6.12323e-16  0  -5.974
1.63  1.00421e-15  0  3.22096  6.12323e-16  0  -6.072
1.64  1.01033e-15  0  3.15975  6.12323e-16  0  -6.17
1.65  1.01646e-15  0  3.09756  6.12323e-16  0  -6.268
1.66  1.02258e-15  0  3.03439  6.12323e-16  0  -6.366
1.67  1.0287e-15  0  2.97024  6.12323e-16  0  -6.464
1.68  1.03483e-15  0  2.90511  6.12323e-16  0  -6.562
1.69  1.04095e-15  0  2.839  6.12323e-16  0  -6.66
1.7  1.04707e-15  0  2.77191  6.12323e-16  0  -6.758
1.71  1.0532e-15  0  2.70384  6.12323e-16  0  -6.856
1.72  1.05932e-15  0  2.63479  6.12323e-16  0  -6.954
1.73  1.06544e-15  0  2.56476  6.12323e-16  0  -7.052
1.74  1.07157e-15  0  2.49375  6.12323e-16  0  -7.15
1.75  1.07769e-15  0  2.42176  6.12323e-16  0  -7.248
1.76  1.08381e-15  0  2.34879  6.12323e-16  0  -7.346
1.77  1.08994e-15  0  2.27484  6.12323e-16  0  -7.444
1.78  1.09606e-15  0  2.19991  6.12323e-16  0  -7.542
1.79  1.10218e-15  0  2.124  6.12323e-16  0  -7.64
1.8  1.10831e-15  0  2.04711  6.12323e-16  0  -7.738
1.81  1.11443e-15  0  1.96924  6.12323e-16  0  -7.836
1.82  1.12055e-15  0  1.89039  6.12323e-16  0  -7.934
1.83  1.12668e-15  0  1.81056  6.12323e-16  0  -8.032
1.84  1.1328e-15  0  1.72975  6.12323e-16  0  -8.13
1.85  1.13892e-15  0  1.64796  6.12323e-16  0  -8.228
1.86  1.14504e-15  0  1.56519  6.12323e-16  0  -8.326
1.87  1.15117e-15  0  1.48144  6.12323e-16  0  -8.424
1.88  1.15729e-15  0  1.39671  6.12323e-16  0  -8.522
1.89  1.16341e-15  0  1.311  6.12323e-16  0  -8.62
1.9  1.16954e-15  0  1.22431  6.12323e-16  0  -8.718
1.91  1.17566e-15  0  1.13664  6.12323e-16  0  -8.816
1.92  1.18178e-15  0  1.04799  6.12323e-16  0  -8.914
1.93  1.18791e-15  0  0.95836  6.12323e-16  0  -9.012
1.94  1.19403e-15  0  0.86775  6.12323e-16  0  -9.11
1.95  1.20015e-15  0  0.77616  6.12323e-16  0  -9.208
1.96  1.20628e-15  0  0.68359  6.12323e-16  0  -9.306
1.97  1.2124e-15  0  0.59004  6.12323e-16  0  -9.404
1.98  1.21852e-15  0  0.49551  6.12323e-16  0  -9.502
1.99  1.22465e-15  0  0.4  6.12323e-16  0  -9.6
2  1.23077e-15  0  0.30351  6.12323e-16  0  -9.698
2.01  1.23689e-15  0  0.20604  6.12323e-16  0  -9.796
2.02  1.24302e-15  0  0.10759  6.12323e-16  0  -9.894
2.03  1.24914e-15  0  0.00816  6.12323e-16  0  -9.992
2.04  1.25526e-15  0  -0.09225  6.12323e-16  0  -10.09
