t  x  y  z  vx  vy  vz  range
0  0  0  0  25.9257  0  37.0257  0
0  0.258941  0  0.369316  25.8626  0  36.8377  0.258941
0.01  0.517253  0  0.736758  25.8  0  36.6507  0.517253
0.02  0.774942  0  1.10233  25.7378  0  36.4644  0.774942
0.03  1.03201  0  1.46605  25.676  0  36.2789  1.03201
0.04  1.28846  0  1.82791  25.6146  0  36.0943  1.28846
0.05  1.5443  0  2.18794  25.5536  0  35.9105  1.5443
0.06  1.79953  0  2.54613  25.493  0  35.7275  1.79953
0.07  2.05416  0  2.90249  25.4328  0  35.5452  2.05416
0.08  2.30819  0  3.25703  25.373  0  35.3638  2.30819
0.09  2.56162  0  3.60977  25.3136  0  35.1831  2.56162
0.1  2.81447  0  3.9607  25.2546  0  35.0032  2.81447
0.11  3.06672  0  4.30983  25.196  0  34.824  3.06672
0.12  3.31839  0  4.65718  25.1377  0  34.6457  3.31839
0.13  3.56947  0  5.00275  25.0798  0  34.468  3.56947
0.14  3.81998  0  5.34654  25.0223  0  34.2911  3.81998
0.15  4.06992  0  5.68857  24.9652  0  34.1149  4.06992
0.16  4.31929  0  6.02885  24.9085  0  33.9395  4.31929
0.17  4.56809  0  6.36737  24.8521  0  33.7648  4.56809
0.18  4.81633  0  6.70414  24.7961  0  33.5908  4.81633
0.19  5.06401  0  7.03918  24.7404  0  33.4175  5.06401
0.2  5.31114  0  7.3725  24.6851  0  33.2449  5.31114
0.21  5.55772  0  7.70408  24.6301  0  33.073  5.55772
0.22  5.80375  0  8.03396  24.5755  0  32.9017  5.80375
0.23  6.04923  0  8.36212  24.5213  0  32.7312  6.04923
0.24  6.29417  0  8.68858  24.4673  0  32.5614  6.29417
0.25  6.53858  0  9.01335  24.4138  0  32.3922  6.53858
0.26  6.78245  0  9.33643  24.3605  0  32.2236  6.78245
0.27  7.02579  0  9.65783  24.3076  0  32.0558  7.02579
0.28  7.2686  0  9.97755  24.2551  0  31.8886  7.2686
0.29  7.51089  0  10.2956  24.2028  0  31.722  7.51089
0.3  7.75266  0  10.612  24.1509  0  31.5561  7.75266
0.31  7.99391  0  10.9267  24.0993  0  31.3908  7.99391
0.32  8.23465  0  11.2398  24.0481  0  31.2261  8.23465
0.33  8.47487  0  11.5512  23.9971  0  31.0621  8.47487
0.34  8.71459  0  11.861  23.9465  0  30.8986  8.71459
0.35  8.95381  0  12.1692  23.8962  0  30.7358  8.95381
0.36  9.19252  0  12.4758  23.8462  0  30.5736  9.19252
0.37  9.43073  0  12.7807  23.7965  0  30.412  9.43073
0.38  9.66845  0  13.084  23.7472  0  30.251  9.66845
0.39  9.90568  0  13.3857  23.6981  0  30.0906  9.90568
0.4  10.1424  0  13.6858  23.6493  0  29.9308  10.1424
0.41  10.3787  0  13.9843  23.6008  0  29.7715  10.3787
0.42  10.6144  0  14.2813  23.5527  0  29.6129  10.6144
0.43  10.8497  0  14.5766  23.5048  0  29.4548  10.8497
0.44  11.0845  0  14.8704  23.4572  0  29.2972  11.0845
0.45  11.3189  0  15.1625  23.4099  0  29.1402  11.3189
0.46  11.5527  0  15.4532  23.3629  0  28.9838  11.5527
0.47  11.7861  0  15.7422  23.3162  0  28.828  11.7861
0.48  12.019  0  16.0297  23.2697  0  28.6726  12.019
0.49  12.2515  0  16.3157  23.2236  0  28.5178  12.2515
0.5  12.4835  0  16.6001  23.1777  0  28.3636  12.4835
0.51  12.7151  0  16.8829  23.1321  0  28.2099  12.7151
0.52  12.9462  0  17.1643  23.0867  0  28.0567  12.9462
0.53  13.1768  0  17.4441  23.0417  0  27.9041  13.1768
0.54  13.407  0  17.7224  22.9969  0  27.7519  13.407
0.55  13.6367  0  17.9991  22.9524  0  27.6003  13.6367
0.56  13.866  0  18.2744  22.9081  0  27.4492  13.866
0.57  14.0949  0  18.5481  22.8641  0  27.2986  14.0949
0.58  14.3233  0  18.8203  22.8204  0  27.1484  14.3233
0.59  14.5513  0  19.0911  22.777  0  26.9988  14.5513
0.6  14.7789  0  19.3603  22.7337  0  26.8497  14.7789
0.61  15.006  0  19.6281  22.6908  0  26.7011  15.006
0.62  15.2327  0  19.8943  22.6481  0  26.5529  15.2327
0.63  15.459  0  20.1591  22.6057  0  26.4052  15.459
0.64  15.6848  0  20.4224  22.5635  0  26.2581  15.6848
0.65  15.9102  0  20.6843  22.5215  0  26.1113  15.9102
0.66  16.1352  0  20.9447  22.4798  0  25.9651  16.1352
0.67  16.3598  0  21.2036  22.4384  0  25.8193  16.3598
0.68  16.584  0  21.4611  22.3972  0  25.674  16.584
0.69  16.8078  0  21.7171  22.3562  0  25.5291  16.8078
0.7  17.0311  0  21.9716  22.3155  0  25.3847  17.0311
0.71  17.2541  0  22.2248  22.275  0  25.2407  17.2541
0.72  17.4766  0  22.4765  22.2347  0  25.0972  17.4766
0.73  17.6988  0  22.7267  22.1947  0  24.9541  17.6988
0.74  17.9205  0  22.9755  22.1549  0  24.8114  17.9205
0.75  18.1419  0  23.2229  22.1153  0  24.6692  18.1419
0.76  18.3628  0  23.4689  22.076  0  24.5274  18.3628
0.77  18.5834  0  23.7135  22.0369  0  24.3861  18.5834
0.78  18.8036  0  23.9567  21.998  0  24.2451  18.8036
0.79  19.0234  0  24.1984  21.9594  0  24.1046  19.0234
0.8  19.2428  0  24.4387  21.9209  0  23.9645  19.2428
0.81  19.4618  0  24.6777  21.8827  0  23.8248  19.4618
0.82  19.6804  0  24.9152  21.8447  0  23.6855  19.6804
0.83  19.8987  0  25.1514  21.8069  0  23.5467  19.8987
0.84  20.1165  0  25.3862  21.7694  0  23.4082  20.1165
0.85  20.3341  0  25.6196  21.732  0  23.2701  20.3341
0.86  20.5512  0  25.8516  21.6949  0  23.1324  20.5512
0.87  20.768  0  26.0822  21.658  0  22.9951  20.768
0.88  20.9843  0  26.3115  21.6213  0  22.8582  20.9843
0.89  21.2004  0  26.5394  21.5848  0  22.7217  21.2004
0.9  21.416  0  26.7659  21.5485  0  22.5856  21.416
0.91  21.6313  0  26.9911  21.5124  0  22.4499  21.6313
0.92  21.8463  0  27.2149  21.4765  0  22.3145  21.8463
0.93  22.0609  0  27.4374  21.4408  0  22.1795  22.0609
0.94  22.2751  0  27.6585  21.4053  0  22.0448  22.2751
0.95  22.489  0  27.8783  21.37  0  21.9106  22.489
0.96  22.7025  0  28.0967  21.3349  0  21.7767  22.7025
0.97  22.9157  0  28.3138  21.3  0  21.6431  22.9157
0.98  23.1285  0  28.5296  21.2653  0  21.51  23.1285
0.99  23.341  0  28.744  21.2308  0  21.3771  23.341
1  23.5531  0  28.9571  21.1965  0  21.2447  23.5531
1.01  23.7649  0  29.1689  21.1624  0  21.1125  23.7649
1.02  23.9764  0  29.3794  21.1284  0  20.9808  23.9764
1.03  24.1875  0  29.5885  21.0947  0  20.8493  24.1875
1.04  24.3983  0  29.7964  21.0611  0  20.7182  24.3983
1.05  24.6087  0  30.0029  21.0277  0  20.5875  24.6087
1.06  24.8188  0  30.2081  20.9945  0  20.457  24.8188
1.07  25.0286  0  30.412  20.9615  0  20.327  25.0286
1.08  25.2381  0  30.6147  20.9287  0  20.1972  25.2381
1.09  25.4472  0  30.816  20.896  0  20.0678  25.4472
1.1  25.656  0  31.016  20.8636  0  19.9386  25.656
1.11  25.8644  0  31.2148  20.8313  0  19.8099  25.8644
1.12  26.0726  0  31.4122  20.7991  0  19.6814  26.0726
1.13  26.2804  0  31.6084  20.7672  0  19.5532  26.2804
1.14  26.4879  0  31.8033  20.7354  0  19.4254  26.4879
1.15  26.6951  0  31.9969  20.7038  0  19.2979  26.6951
1.16  26.902  0  32.1892  20.6724  0  19.1707  26.902
1.17  27.1086  0  32.3803  20.6411  0  19.0437  27.1086
1.18  27.3148  0  32.5701  20.6101  0  18.9171  27.3148
1.19  27.5208  0  32.7587  20.5791  0  18.7908  27.5208
1.2  27.7264  0  32.9459  20.5484  0  18.6648  27.7264
1.21  27.9318  0  33.132  20.5178  0  18.5391  27.9318
1.22  28.1368  0  33.3167  20.4874  0  18.4137  28.1368
1.23  28.3415  0  33.5002  20.4571  0  18.2885  28.3415
1.24  28.5459  0  33.6825  20.427  0  18.1637  28.5459
1.25  28.75  0  33.8635  20.397  0  18.0392  28.75
1.26  28.9539  0  34.0433  20.3673  0  17.9149  28.9539
1.27  29.1574  0  34.2218  20.3376  0  17.7909  29.1574
1.28  29.3606  0  34.3991  20.3082  0  17.6672  29.3606
1.29  29.5636  0  34.5751  20.2789  0  17.5438  29.5636
1.3  29.7662  0  34.75  20.2497  0  17.4206  29.7662
1.31  29.9686  0  34.9236  20.2207  0  17.2977  29.9686
1.32  30.1706  0  35.0959  20.1919  0  17.1751  30.1706
1.33  30.3724  0  35.2671  20.1632  0  17.0528  30.3724
1.34  30.5739  0  35.437  20.1346  0  16.9307  30.5739
1.35  30.7751  0  35.6057  20.1062  0  16.8089  30.7751
1.36  30.976  0  35.7732  20.078  0  16.6873  30.976
1.37  31.1766  0  35.9394  20.0498  0  16.5661  31.1766
1.38  31.377  0  36.1045  20.0219  0  16.445  31.377
1.39  31.5771  0  36.2683  19.9941  0  16.3242  31.5771
1.4  31.7769  0  36.431  19.9664  0  16.2037  31.7769
1.41  31.9764  0  36.5924  19.9389  0  16.0835  31.9764
1.42  32.1757  0  36.7526  19.9115  0  15.9634  32.1757
1.43  32.3746  0  36.9117  19.8843  0  15.8437  32.3746
1.44  32.5733  0  37.0695  19.8572  0  15.7241  32.5733
1.45  32.7718  0  37.2262  19.8302  0  15.6048  32.7718
1.46  32.97  0  37.3816  19.8034  0  15.4858  32.97
1.47  33.1679  0  37.5359  19.7767  0  15.367  33.1679
1.48  33.3655  0  37.689  19.7501  0  15.2484  33.3655
1.49  33.5629  0  37.8408  19.7237  0  15.1301  33.5629
1.5  33.76  0  37.9916  19.6974  0  15.012  33.76
1.51  33.9568  0  38.1411  19.6713  0  14.8941  33.9568
1.52  34.1534  0  38.2894  19.6453  0  14.7765  34.1534
1.53  34.3497  0  38.4366  19.6194  0  14.6591  34.3497
1.54  34.5458  0  38.5826  19.5936  0  14.5419  34.5458
1.55  34.7416  0  38.7275  19.568  0  14.425  34.7416
1.56  34.9371  0  38.8711  19.5425  0  14.3082  34.9371
1.57  35.1324  0  39.0136  19.5171  0  14.1917  35.1324
1.58  35.3275  0  39.155  19.4919  0  14.0754  35.3275
1.59  35.5223  0  39.2951  19.4668  0  13.9594  35.5223
1.6  35.7168  0  39.4341  19.4418  0  13.8435  35.7168
1.61  35.9111  0  39.572  19.4169  0  13.7279  35.9111
1.62  36.1052  0  39.7087  19.3922  0  13.6124  36.1052
1.63  36.299  0  39.8442  19.3675  0  13.4972  36.299
1.64  36.4925  0  39.9786  19.343  0  13.3822  36.4925
1.65  36.6858  0  40.1119  19.3186  0  13.2674  36.6858
1.66  36.8789  0  40.244  19.2944  0  13.1528  36.8789
1.67  37.0717  0  40.3749  19.2702  0  13.0384  37.0717
1.68  37.2643  0  40.5048  19.2462  0  12.9242  37.2643
1.69  37.4566  0  40.6334  19.2223  0  12.8102  37.4566
1.7  37.6487  0  40.761  19.1985  0  12.6964  37.6487
1.71  37.8406  0  40.8874  19.1748  0  12.5828  37.8406
1.72  38.0322  0  41.0126  19.1512  0  12.4694  38.0322
1.73  38.2236  0  41.1368  19.1278  0  12.3562  38.2236
1.74  38.4148  0  41.2597  19.1044  0  12.2431  38.4148
1.75  38.6057  0  41.3816  19.0812  0  12.1303  38.6057
1.76  38.7964  0  41.5024  19.0581  0  12.0177  38.7964
1.77  38.9869  0  41.622  19.0351  0  11.9052  38.9869
1.78  39.1771  0  41.7405  19.0122  0  11.793  39.1771
1.79  39.3671  0  41.8578  18.9894  0  11.6809  39.3671
1.8  39.5569  0  41.9741  18.9667  0  11.569  39.5569
1.81  39.7464  0  42.0892  18.9441  0  11.4573  39.7464
1.82  39.9358  0  42.2032  18.9216  0  11.3457  39.9358
1.83  40.1249  0  42.3161  18.8993  0  11.2344  40.1249
1.84  40.3138  0  42.4279  18.877  0  11.1232  40.3138
1.85  40.5024  0  42.5386  18.8548  0  11.0122  40.5024
1.86  40.6909  0  42.6482  18.8328  0  10.9014  40.6909
1.87  40.8791  0  42.7566  18.8108  0  10.7907  40.8791
1.88  41.0671  0  42.864  18.789  0  10.6802  41.0671
1.89  41.2549  0  42.9702  18.7672  0  10.5699  41.2549
1.9  41.4424  0  43.0754  18.7455  0  10.4598  41.4424
1.91  41.6298  0  43.1794  18.724  0  10.3498  41.6298
1.92  41.8169  0  43.2824  18.7025  0  10.24  41.8169
1.93  42.0038  0  43.3842  18.6811  0  10.1303  42.0038
1.94  42.1905  0  43.485  18.6599  0  10.0209  42.1905
1.95  42.377  0  43.5846  18.6387  0  9.91155  42.377
1.96  42.5633  0  43.6832  18.6176  0  9.80239  42.5633
1.97  42.7494  0  43.7807  18.5966  0  9.6934  42.7494
1.98  42.9352  0  43.8771  18.5757  0  9.58456  42.9352
1.99  43.1209  0  43.9724  18.5549  0  9.47588  43.1209
2  43.3063  0  44.0666  18.5342  0  9.36735  43.3063
2.01  43.4916  0  44.1597  18.5136  0  9.25898  43.4916
2.02  43.6766  0  44.2518  18.493  0  9.15077  43.6766
2.03  43.8614  0  44.3427  18.4726  0  9.04271  43.8614
2.04  44.0461  0  44.4326  18.4522  0  8.93479  44.0461
2.05  44.2305  0  44.5214  18.432  0  8.82703  44.2305
2.06  44.4147  0  44.6092  18.4118  0  8.71942  44.4147
2.07  44.5987  0  44.6958  18.3917  0  8.61196  44.5987
2.08  44.7825  0  44.7814  18.3717  0  8.50464  44.7825
2.09  44.9661  0  44.8659  18.3517  0  8.39746  44.9661
2.1  45.1496  0  44.9494  18.3319  0  8.29044  45.1496
2.11  45.3328  0  45.0317  18.3121  0  8.18355  45.3328
2.12  45.5158  0  45.113  18.2925  0  8.07681  45.5158
2.13  45.6986  0  45.1933  18.2729  0  7.97021  45.6986
2.14  45.8813  0  45.2724  18.2533  0  7.86375  45.8813
2.15  46.0637  0  45.3505  18.2339  0  7.75742  46.0637
2.16  46.2459  0  45.4276  18.2145  0  7.65124  46.2459
2.17  46.428  0  45.5036  18.1953  0  7.54519  46.428
2.18  46.6098  0  45.5785  18.176  0  7.43928  46.6098
2.19  46.7915  0  45.6523  18.1569  0  7.3335  46.7915
2.2  46.973  0  45.7252  18.1379  0  7.22786  46.973
2.21  47.1543  0  45.7969  18.1189  0  7.12235  47.1543
2.22  47.3354  0  45.8676  18.1  0  7.01697  47.3354
2.23  47.5163  0  45.9372  18.0812  0  6.91172  47.5163
2.24  47.697  0  46.0058  18.0624  0  6.8066  47.697
2.25  47.8775  0  46.0734  18.0437  0  6.70161  47.8775
2.26  48.0579  0  46.1399  18.0251  0  6.59675  48.0579
2.27  48.238  0  46.2053  18.0066  0  6.49202  48.238
2.28  48.418  0  46.2697  17.9881  0  6.38741  48.418
2.29  48.5978  0  46.3331  17.9697  0  6.28292  48.5978
2.3  48.7774  0  46.3954  17.9514  0  6.17857  48.7774
2.31  48.9568  0  46.4566  17.9331  0  6.07433  48.9568
2.32  49.1361  0  46.5169  17.9149  0  5.97022  49.1361
2.33  49.3151  0  46.576  17.8968  0  5.86623  49.3151
2.34  49.494  0  46.6342  17.8787  0  5.76235  49.494
2.35  49.6727  0  46.6913  17.8607  0  5.6586  49.6727
2.36  49.8512  0  46.7474  17.8428  0  5.55497  49.8512
2.37  50.0295  0  46.8024  17.8249  0  5.45146  50.0295
2.38  50.2077  0  46.8564  17.8071  0  5.34806  50.2077
2.39  50.3857  0  46.9093  17.7894  0  5.24478  50.3857
2.4  50.5635  0  46.9613  17.7717  0  5.14162  50.5635
2.41  50.7411  0  47.0122  17.7541  0  5.03857  50.7411
2.42  50.9186  0  47.0621  17.7365  0  4.93563  50.9186
2.43  51.0958  0  47.1109  17.719  0  4.83281  51.0958
2.44  51.273  0  47.1587  17.7016  0  4.7301  51.273
2.45  51.4499  0  47.2055  17.6842  0  4.62751  51.4499
2.46  51.6266  0  47.2513  17.6669  0  4.52502  51.6266
2.47  51.8032  0  47.296  17.6496  0  4.42265  51.8032
2.48  51.9796  0  47.3397  17.6324  0  4.32038  51.9796
2.49  52.1559  0  47.3824  17.6152  0  4.21823  52.1559
2.5  52.3319  0  47.4241  17.5981  0  4.11618  52.3319
2.51  52.5078  0  47.4647  17.5811  0  4.01424  52.5078
2.52  52.6836  0  47.5044  17.5641  0  3.91241  52.6836
2.53  52.8591  0  47.543  17.5472  0  3.81068  52.8591
2.54  53.0345  0  47.5806  17.5303  0  3.70906  53.0345
2.55  53.2097  0  47.6172  17.5134  0  3.60755  53.2097
2.56  53.3848  0  47.6527  17.4967  0  3.50614  53.3848
2.57  53.5597  0  47.6873  17.4799  0  3.40483  53.5597
2.58  53.7344  0  47.7208  17.4632  0  3.30363  53.7344
2.59  53.9089  0  47.7534  17.4466  0  3.20253  53.9089
2.6  54.0833  0  47.7849  17.43  0  3.10153  54.0833
2.61  54.2575  0  47.8154  17.4135  0  3.00063  54.2575
2.62  54.4316  0  47.8449  17.397  0  2.89984  54.4316
2.63  54.6055  0  47.8734  17.3805  0  2.79914  54.6055
2.64  54.7792  0  47.9009  17.3641  0  2.69854  54.7792
2.65  54.9527  0  47.9274  17.3478  0  2.59805  54.9527
2.66  55.1261  0  47.9528  17.3315  0  2.49765  55.1261
2.67  55.2994  0  47.9773  17.3152  0  2.39735  55.2994
2.68  55.4724  0  48.0008  17.299  0  2.29715  55.4724
2.69  55.6454  0  48.0233  17.2828  0  2.19705  55.6454
2.7  55.8181  0  48.0447  17.2667  0  2.09704  55.8181
2.71  55.9907  0  48.0652  17.2506  0  1.99713  55.9907
2.72  56.1631  0  48.0847  17.2345  0  1.89732  56.1631
2.73  56.3354  0  48.1031  17.2185  0  1.7976  56.3354
2.74  56.5075  0  48.1206  17.2025  0  1.69798  56.5075
2.75  56.6794  0  48.1371  17.1866  0  1.59845  56.6794
2.76  56.8512  0  48.1526  17.1707  0  1.49902  56.8512
2.77  57.0228  0  48.1671  17.1548  0  1.39968  57.0228
2.78  57.1943  0  48.1806  17.139  0  1.30043  57.1943
2.79  57.3656  0  48.1931  17.1232  0  1.20128  57.3656
2.8  57.5368  0  48.2046  17.1074  0  1.10222  57.5368
2.81  57.7078  0  48.2151  17.0917  0  1.00325  57.7078
2.82  57.8786  0  48.2247  17.076  0  0.904374  57.8786
2.83  58.0493  0  48.2332  17.0603  0  0.80559  58.0493
2.84  58.2198  0  48.2408  17.0447  0  0.706897  58.2198
2.85  58.3902  0  48.2474  17.0291  0  0.608295  58.3902
2.86  58.5604  0  48.2529  17.0136  0  0.509784  58.5604
2.87  58.7305  0  48.2576  16.998  0  0.411364  58.7305
2.88  58.9004  0  48.2612  16.9825  0  0.313033  58.9004
2.89  59.0701  0  48.2638  16.9671  0  0.214793  59.0701
2.9  59.2397  0  48.2655  16.9516  0  0.116642  59.2397
2.91  59.4091  0  48.2661  16.9362  0  0.0185807  59.4091
2.92  59.5784  0  48.2658  16.9208  0  -0.0793917  59.5784
2.93  59.7476  0  48.2646  16.9055  0  -0.177275  59.7476
2.94  59.9165  0  48.2623  16.8902  0  -0.27507  59.9165
2.95  60.0854  0  48.2591  16.8749  0  -0.372776  60.0854
2.96  60.254  0  48.2548  16.8596  0  -0.470395  60.254
2.97  60.4225  0  48.2497  16.8443  0  -0.567925  60.4225
2.98  60.5909  0  48.2435  16.8291  0  -0.665367  60.5909
2.99  60.7591  0  48.2363  16.8139  0  -0.762722  60.7591
3  60.9272  0  48.2282  16.7987  0  -0.859989  60.9272
3.01  61.0951  0  48.2191  16.7836  0  -0.957169  61.0951
3.02  61.2629  0  48.2091  16.7684  0  -1.05426  61.2629
3.03  61.4305  0  48.1981  16.7533  0  -1.15127  61.4305
3.04  61.5979  0  48.1861  16.7382  0  -1.24819  61.5979
3.05  61.7652  0  48.1731  16.7232  0  -1.34502  61.7652
3.06  61.9324  0  48.1592  16.7081  0  -1.44176  61.9324
3.07  62.0994  0  48.1443  16.6931  0  -1.53842  62.0994
3.08  62.2663  0  48.1284  16.6781  0  -1.635  62.2663
3.09  62.433  0  48.1116  16.6631  0  -1.73148  62.433
3.1  62.5995  0  48.0938  16.6481  0  -1.82788  62.5995
3.11  62.7659  0  48.075  16.6332  0  -1.9242  62.7659
3.12  62.9322  0  48.0553  16.6182  0  -2.02042  62.9322
3.13  63.0983  0  48.0346  16.6033  0  -2.11656  63.0983
3.14  63.2642  0  48.013  16.5884  0  -2.21262  63.2642
3.15  63.4301  0  47.9903  16.5735  0  -2.30859  63.4301
3.16  63.5957  0  47.9668  16.5586  0  -2.40447  63.5957
3.17  63.7612  0  47.9423  16.5437  0  -2.50027  63.7612
3.18  63.9266  0  47.9168  16.5289  0  -2.59598  63.9266
3.19  64.0918  0  47.8903  16.5141  0  -2.69161  64.0918
3.2  64.2569  0  47.8629  16.4992  0  -2.78715  64.2569
3.21  64.4218  0  47.8346  16.4844  0  -2.8826  64.4218
3.22  64.5866  0  47.8053  16.4696  0  -2.97797  64.5866
3.23  64.7512  0  47.775  16.4548  0  -3.07325  64.7512
3.24  64.9157  0  47.7438  16.4401  0  -3.16845  64.9157
3.25  65.08  0  47.7117  16.4253  0  -3.26356  65.08
3.26  65.2442  0  47.6786  16.4105  0  -3.35858  65.2442
3.27  65.4082  0  47.6445  16.3958  0  -3.45352  65.4082
3.28  65.5721  0  47.6095  16.381  0  -3.54837  65.5721
3.29  65.7358  0  47.5735  16.3663  0  -3.64313  65.7358
3.3  65.8994  0  47.5366  16.3516  0  -3.73781  65.8994
3.31  66.0628  0  47.4988  16.3368  0  -3.8324  66.0628
3.32  66.2261  0  47.46  16.3221  0  -3.92691  66.2261
3.33  66.3893  0  47.4202  16.3074  0  -4.02132  66.3893
3.34  66.5523  0  47.3796  16.2927  0  -4.11565  66.5523
3.35  66.7151  0  47.3379  16.278  0  -4.2099  66.7151
3.36  66.8779  0  47.2954  16.2633  0  -4.30405  66.8779
3.37  67.0404  0  47.2518  16.2487  0  -4.39812  67.0404
3.38  67.2028  0  47.2074  16.234  0  -4.49211  67.2028
3.39  67.3651  0  47.162  16.2193  0  -4.586  67.3651
3.4  67.5272  0  47.1157  16.2046  0  -4.67981  67.5272
3.41  67.6892  0  47.0684  16.19  0  -4.77353  67.6892
3.42  67.851  0  47.0202  16.1753  0  -4.86716  67.851
3.43  68.0127  0  46.9711  16.1606  0  -4.9607  68.0127
3.44  68.1742  0  46.921  16.146  0  -5.05415  68.1742
3.45  68.3356  0  46.87  16.1313  0  -5.14752  68.3356
3.46  68.4968  0  46.818  16.1166  0  -5.24079  68.4968
3.47  68.6579  0  46.7652  16.102  0  -5.33398  68.6579
3.48  68.8189  0  46.7114  16.0873  0  -5.42708  68.8189
3.49  68.9797  0  46.6566  16.0726  0  -5.52009  68.9797
3.5  69.1403  0  46.601  16.058  0  -5.61301  69.1403
3.51  69.3008  0  46.5444  16.0433  0  -5.70584  69.3008
3.52  69.4612  0  46.4868  16.0287  0  -5.79858  69.4612
3.53  69.6214  0  46.4284  16.014  0  -5.89123  69.6214
3.54  69.7815  0  46.369  15.9993  0  -5.98378  69.7815
3.55  69.9414  0  46.3087  15.9846  0  -6.07625  69.9414
3.56  70.1012  0  46.2475  15.97  0  -6.16863  70.1012
3.57  70.2608  0  46.1853  15.9553  0  -6.26091  70.2608
3.58  70.4203  0  46.1223  15.9406  0  -6.3531  70.4203
3.59  70.5796  0  46.0583  15.9259  0  -6.44521  70.5796
3.6  70.7388  0  45.9934  15.9112  0  -6.53721  70.7388
3.61  70.8978  0  45.9275  15.8965  0  -6.62913  70.8978
3.62  71.0567  0  45.8608  15.8818  0  -6.72095  71.0567
3.63  71.2155  0  45.7931  15.8671  0  -6.81268  71.2155
3.64  71.3741  0  45.7245  15.8524  0  -6.90432  71.3741
3.65  71.5325  0  45.655  15.8377  0  -6.99587  71.5325
3.66  71.6908  0  45.5846  15.823  0  -7.08731  71.6908
3.67  71.849  0  45.5133  15.8082  0  -7.17867  71.849
3.68  72.007  0  45.441  15.7935  0  -7.26993  72.007
3.69  72.1649  0  45.3679  15.7787  0  -7.3611  72.1649
3.7  72.3226  0  45.2938  15.764  0  -7.45217  72.3226
3.71  72.4801  0  45.2188  15.7492  0  -7.54314  72.4801
3.72  72.6376  0  45.143  15.7344  0  -7.63402  72.6376
3.73  72.7948  0  45.0662  15.7197  0  -7.72481  72.7948
3.74  72.9519  0  44.9885  15.7049  0  -7.81549  72.9519
3.75  73.1089  0  44.9099  15.6901  0  -7.90608  73.1089
3.76  73.2657  0  44.8303  15.6753  0  -7.99658  73.2657
3.77  73.4224  0  44.7499  15.6605  0  -8.08697  73.4224
3.78  73.579  0  44.6686  15.6456  0  -8.17727  73.579
3.79  73.7353  0  44.5864  15.6308  0  -8.26747  73.7353
3.8  73.8916  0  44.5033  15.6159  0  -8.35757  73.8916
3.81  74.0477  0  44.4192  15.6011  0  -8.44757  74.0477
3.82  74.2036  0  44.3343  15.5862  0  -8.53747  74.2036
3.83  74.3594  0  44.2485  15.5713  0  -8.62728  74.3594
3.84  74.515  0  44.1618  15.5565  0  -8.71698  74.515
3.85  74.6705  0  44.0741  15.5416  0  -8.80658  74.6705
3.86  74.8259  0  43.9856  15.5266  0  -8.89608  74.8259
3.87  74.981  0  43.8962  15.5117  0  -8.98548  74.981
3.88  75.1361  0  43.8059  15.4968  0  -9.07478  75.1361
3.89  75.291  0  43.7147  15.4818  0  -9.16398  75.291
3.9  75.4457  0  43.6226  15.4669  0  -9.25307  75.4457
3.91  75.6003  0  43.5297  15.4519  0  -9.34207  75.6003
3.92  75.7548  0  43.4358  15.4369  0  -9.43096  75.7548
3.93  75.9091  0  43.341  15.4219  0  -9.51974  75.9091
3.94  76.0632  0  43.2454  15.4069  0  -9.60842  76.0632
3.95  76.2172  0  43.1489  15.3918  0  -9.697  76.2172
3.96  76.371  0  43.0515  15.3768  0  -9.78548  76.371
3.97  76.5247  0  42.9532  15.3617  0  -9.87384  76.5247
3.98  76.6783  0  42.854  15.3467  0  -9.96211  76.6783
3.99  76.8317  0  42.7539  15.3316  0  -10.0503  76.8317
4  76.9849  0  42.653  15.3165  0  -10.1383  76.9849
4.01  77.138  0  42.5512  15.3013  0  -10.2263  77.138
4.02  77.2909  0  42.4485  15.2862  0  -10.3141  77.2909
4.03  77.4437  0  42.3449  15.2711  0  -10.4018  77.4437
4.04  77.5963  0  42.2404  15.2559  0  -10.4895  77.5963
4.05  77.7488  0  42.1351  15.2407  0  -10.577  77.7488
4.06  77.9012  0  42.0289  15.2255  0  -10.6644  77.9012
4.07  78.0533  0  41.9218  15.2103  0  -10.7517  78.0533
4.08  78.2054  0  41.8138  15.1951  0  -10.8389  78.2054
4.09  78.3572  0  41.705  15.1799  0  -10.9259  78.3572
4.1  78.509  0  41.5953  15.1646  0  -11.0129  78.509
4.11  78.6605  0  41.4848  15.1493  0  -11.0998  78.6605
4.12  78.812  0  41.3733  15.134  0  -11.1865  78.812
4.13  78.9632  0  41.261  15.1187  0  -11.2731  78.9632
4.14  79.1143  0  41.1479  15.1034  0  -11.3597  79.1143
4.15  79.2653  0  41.0338  15.0881  0  -11.4461  79.2653
4.16  79.4161  0  40.919  15.0727  0  -11.5324  79.4161
4.17  79.5667  0  40.8032  15.0573  0  -11.6186  79.5667
4.18  79.7172  0  40.6866  15.0419  0  -11.7046  79.7172
4.19  79.8676  0  40.5691  15.0265  0  -11.7906  79.8676
4.2  80.0178  0  40.4508  15.0111  0  -11.8764  80.0178
4.21  80.1678  0  40.3316  14.9956  0  -11.9622  80.1678
4.22  80.3177  0  40.2115  14.9802  0  -12.0478  80.3177
4.23  80.4674  0  40.0906  14.9647  0  -12.1333  80.4674
4.24  80.617  0  39.9689  14.9492  0  -12.2187  80.617
4.25  80.7664  0  39.8462  14.9337  0  -12.3039  80.7664
4.26  80.9156  0  39.7228  14.9181  0  -12.3891  80.9156
4.27  81.0647  0  39.5985  14.9026  0  -12.4741  81.0647
4.28  81.2137  0  39.4733  14.887  0  -12.559  81.2137
4.29  81.3625  0  39.3473  14.8714  0  -12.6438  81.3625
4.3  81.5111  0  39.2204  14.8558  0  -12.7285  81.5111
4.31  81.6596  0  39.0927  14.8402  0  -12.8131  81.6596
4.32  81.8079  0  38.9642  14.8246  0  -12.8975  81.8079
4.33  81.9561  0  38.8348  14.8089  0  -12.9818  81.9561
4.34  82.1041  0  38.7045  14.7932  0  -13.066  82.1041
4.35  82.252  0  38.5734  14.7775  0  -13.1501  82.252
4.36  82.3997  0  38.4415  14.7618  0  -13.2341  82.3997
4.37  82.5472  0  38.3088  14.7461  0  -13.3179  82.5472
4.38  82.6946  0  38.1752  14.7303  0  -13.4016  82.6946
4.39  82.8418  0  38.0407  14.7145  0  -13.4852  82.8418
4.4  82.9889  0  37.9055  14.6987  0  -13.5687  82.9889
4.41  83.1358  0  37.7694  14.6829  0  -13.6521  83.1358
4.42  83.2825  0  37.6324  14.6671  0  -13.7353  83.2825
4.43  83.4291  0  37.4947  14.6513  0  -13.8184  83.4291
4.44  83.5756  0  37.3561  14.6354  0  -13.9014  83.5756
4.45  83.7218  0  37.2166  14.6195  0  -13.9842  83.7218
4.46  83.8679  0  37.0764  14.6036  0  -14.067  83.8679
4.47  84.0139  0  36.9353  14.5877  0  -14.1496  84.0139
4.48  84.1597  0  36.7934  14.5717  0  -14.2321  84.1597
4.49  84.3053  0  36.6506  14.5558  0  -14.3144  84.3053
4.5  84.4508  0  36.5071  14.5398  0  -14.3966  84.4508
4.51  84.5961  0  36.3627  14.5238  0  -14.4787  84.5961
4.52  84.7413  0  36.2175  14.5078  0  -14.5607  84.7413
4.53  84.8863  0  36.0715  14.4917  0  -14.6426  84.8863
4.54  85.0311  0  35.9247  14.4757  0  -14.7243  85.0311
4.55  85.1758  0  35.777  14.4596  0  -14.8059  85.1758
4.56  85.3203  0  35.6285  14.4435  0  -14.8873  85.3203
4.57  85.4647  0  35.4793  14.4274  0  -14.9687  85.4647
4.58  85.6089  0  35.3292  14.4113  0  -15.0499  85.6089
4.59  85.7529  0  35.1783  14.3951  0  -15.131  85.7529
4.6  85.8968  0  35.0266  14.3789  0  -15.2119  85.8968
4.61  86.0405  0  34.874  14.3627  0  -15.2927  86.0405
4.62  86.184  0  34.7207  14.3465  0  -15.3734  86.184
4.63  86.3274  0  34.5666  14.3303  0  -15.454  86.3274
4.64  86.4706  0  34.4116  14.3141  0  -15.5344  86.4706
4.65  86.6137  0  34.2559  14.2978  0  -15.6147  86.6137
4.66  86.7566  0  34.0993  14.2815  0  -15.6949  86.7566
4.67  86.8993  0  33.942  14.2652  0  -15.7749  86.8993
4.68  87.0419  0  33.7838  14.2489  0  -15.8548  87.0419
4.69  87.1843  0  33.6249  14.2325  0  -15.9345  87.1843
4.7  87.3265  0  33.4651  14.2162  0  -16.0142  87.3265
4.71  87.4686  0  33.3046  14.1998  0  -16.0937  87.4686
4.72  87.6105  0  33.1433  14.1834  0  -16.173  87.6105
4.73  87.7523  0  32.9811  14.167  0  -16.2522  87.7523
4.74  87.8939  0  32.8182  14.1506  0  -16.3313  87.8939
4.75  88.0353  0  32.6545  14.1341  0  -16.4103  88.0353
4.76  88.1766  0  32.49  14.1176  0  -16.4891  88.1766
4.77  88.3176  0  32.3247  14.1011  0  -16.5678  88.3176
4.78  88.4586  0  32.1587  14.0846  0  -16.6463  88.4586
4.79  88.5993  0  31.9918  14.0681  0  -16.7248  88.5993
4.8  88.7399  0  31.8242  14.0516  0  -16.803  88.7399
4.81  88.8804  0  31.6557  14.035  0  -16.8812  88.8804
4.82  89.0206  0  31.4865  14.0184  0  -16.9592  89.0206
4.83  89.1607  0  31.3166  14.0018  0  -17.037  89.1607
4.84  89.3007  0  31.1458  13.9852  0  -17.1147  89.3007
4.85  89.4404  0  30.9743  13.9686  0  -17.1923  89.4404
4.86  89.58  0  30.802  13.9519  0  -17.2698  89.58
4.87  89.7195  0  30.6289  13.9353  0  -17.3471  89.7195
4.88  89.8588  0  30.455  13.9186  0  -17.4243  89.8588
4.89  89.9979  0  30.2804  13.9019  0  -17.5013  89.9979
4.9  90.1368  0  30.105  13.8851  0  -17.5782  90.1368
4.91  90.2756  0  29.9288  13.8684  0  -17.6549  90.2756
4.92  90.4142  0  29.7519  13.8517  0  -17.7315  90.4142
4.93  90.5526  0  29.5742  13.8349  0  -17.808  90.5526
4.94  90.6909  0  29.3957  13.8181  0  -17.8843  90.6909
4.95  90.829  0  29.2165  13.8013  0  -17.9605  90.829
4.96  90.9669  0  29.0365  13.7844  0  -18.0366  90.9669
4.97  91.1046  0  28.8558  13.7676  0  -18.1125  91.1046
4.98  91.2422  0  28.6743  13.7507  0  -18.1882  91.2422
4.99  91.3797  0  28.492  13.7339  0  -18.2638  91.3797
5  91.5169  0  28.309  13.717  0  -18.3393  91.5169
5.01  91.654  0  28.1252  13.7001  0  -18.4146  91.654
5.02  91.7909  0  27.9407  13.6831  0  -18.4898  91.7909
5.03  91.9277  0  27.7554  13.6662  0  -18.5649  91.9277
5.04  92.0642  0  27.5694  13.6492  0  -18.6398  92.0642
5.05  92.2006  0  27.3826  13.6323  0  -18.7145  92.2006
5.06  92.3369  0  27.1951  13.6153  0  -18.7891  92.3369
5.07  92.4729  0  27.0069  13.5983  0  -18.8636  92.4729
5.08  92.6088  0  26.8179  13.5812  0  -18.9379  92.6088
5.09  92.7446  0  26.6281  13.5642  0  -19.0121  92.7446
5.1  92.8801  0  26.4376  13.5471  0  -19.0861  92.8801
5.11  93.0155  0  26.2464  13.5301  0  -19.16  93.0155
5.12  93.1507  0  26.0544  13.513  0  -19.2338  93.1507
5.13  93.2858  0  25.8617  13.4959  0  -19.3074  93.2858
5.14  93.4206  0  25.6683  13.4788  0  -19.3808  93.4206
5.15  93.5554  0  25.4741  13.4616  0  -19.4541  93.5554
5.16  93.6899  0  25.2792  13.4445  0  -19.5273  93.6899
5.17  93.8242  0  25.0835  13.4273  0  -19.6003  93.8242
5.18  93.9584  0  24.8872  13.4101  0  -19.6731  93.9584
5.19  94.0924  0  24.6901  13.393  0  -19.7459  94.0924
5.2  94.2263  0  24.4923  13.3757  0  -19.8184  94.2263
5.21  94.36  0  24.2937  13.3585  0  -19.8909  94.36
5.22  94.4935  0  24.0944  13.3413  0  -19.9631  94.4935
5.23  94.6268  0  23.8944  13.324  0  -20.0352  94.6268
5.24  94.7599  0  23.6937  13.3068  0  -20.1072  94.7599
5.25  94.8929  0  23.4923  13.2895  0  -20.179  94.8929
5.26  95.0257  0  23.2902  13.2722  0  -20.2507  95.0257
5.27  95.1584  0  23.0873  13.2549  0  -20.3223  95.1584
5.28  95.2908  0  22.8837  13.2376  0  -20.3936  95.2908
5.29  95.4231  0  22.6794  13.2202  0  -20.4649  95.4231
5.3  95.5552  0  22.4744  13.2029  0  -20.5359  95.5552
5.31  95.6872  0  22.2687  13.1855  0  -20.6069  95.6872
5.32  95.8189  0  22.0623  13.1682  0  -20.6777  95.8189
5.33  95.9505  0  21.8551  13.1508  0  -20.7483  95.9505
5.34  96.082  0  21.6473  13.1334  0  -20.8188  96.082
5.35  96.2132  0  21.4388  13.1159  0  -20.8891  96.2132
5.36  96.3443  0  21.2295  13.0985  0  -20.9593  96.3443
5.37  96.4752  0  21.0196  13.0811  0  -21.0293  96.4752
5.38  96.6059  0  20.8089  13.0636  0  -21.0992  96.6059
5.39  96.7364  0  20.5976  13.0462  0  -21.1689  96.7364
5.4  96.8668  0  20.3856  13.0287  0  -21.2385  96.8668
5.41  96.997  0  20.1728  13.0112  0  -21.3079  96.997
5.42  97.127  0  19.9594  12.9937  0  -21.3772  97.127
5.43  97.2569  0  19.7453  12.9762  0  -21.4463  97.2569
5.44  97.3866  0  19.5305  12.9587  0  -21.5153  97.3866
5.45  97.5161  0  19.315  12.9411  0  -21.5841  97.5161
5.46  97.6454  0  19.0988  12.9236  0  -21.6528  97.6454
5.47  97.7745  0  18.8819  12.906  0  -21.7213  97.7745
5.48  97.9035  0  18.6644  12.8885  0  -21.7897  97.9035
5.49  98.0323  0  18.4461  12.8709  0  -21.8579  98.0323
5.5  98.1609  0  18.2272  12.8533  0  -21.9259  98.1609
5.51  98.2894  0  18.0076  12.8357  0  -21.9938  98.2894
5.52  98.4176  0  17.7873  12.8181  0  -22.0616  98.4176
5.53  98.5457  0  17.5664  12.8004  0  -22.1292  98.5457
5.54  98.6737  0  17.3448  12.7828  0  -22.1966  98.6737
5.55  98.8014  0  17.1225  12.7652  0  -22.2639  98.8014
5.56  98.929  0  16.8995  12.7475  0  -22.3311  98.929
5.57  99.0563  0  16.6758  12.7298  0  -22.398  99.0563
5.58  99.1836  0  16.4515  12.7122  0  -22.4649  99.1836
5.59  99.3106  0  16.2265  12.6945  0  -22.5316  99.3106
5.6  99.4374  0  16.0009  12.6768  0  -22.5981  99.4374
5.61  99.5641  0  15.7746  12.6591  0  -22.6645  99.5641
5.62  99.6906  0  15.5476  12.6414  0  -22.7307  99.6906
5.63  99.8169  0  15.32  12.6237  0  -22.7967  99.8169
5.64  99.9431  0  15.0917  12.6059  0  -22.8627  99.9431
5.65  100.069  0  14.8627  12.5882  0  -22.9284  100.069
5.66  100.195  0  14.6331  12.5704  0  -22.994  100.195
5.67  100.32  0  14.4028  12.5527  0  -23.0595  100.32
5.68  100.446  0  14.1719  12.5349  0  -23.1248  100.446
5.69  100.571  0  13.9403  12.5171  0  -23.1899  100.571
5.7  100.696  0  13.7081  12.4994  0  -23.2549  100.696
5.71  100.821  0  13.4752  12.4816  0  -23.3197  100.821
5.72  100.946  0  13.2417  12.4638  0  -23.3844  100.946
5.73  101.07  0  13.0076  12.446  0  -23.4489  101.07
5.74  101.195  0  12.7727  12.4281  0  -23.5133  101.195
5.75  101.319  0  12.5373  12.4103  0  -23.5775  101.319
5.76  101.443  0  12.3012  12.3925  0  -23.6416  101.443
5.77  101.567  0  12.0645  12.3747  0  -23.7055  101.567
5.78  101.691  0  11.8271  12.3568  0  -23.7692  101.691
5.79  101.814  0  11.5891  12.339  0  -23.8328  101.814
5.8  101.937  0  11.3504  12.3211  0  -23.8963  101.937
5.81  102.06  0  11.1111  12.3033  0  -23.9595  102.06
5.82  102.183  0  10.8712  12.2854  0  -24.0227  102.183
5.83  102.306  0  10.6307  12.2675  0  -24.0856  102.306
5.84  102.429  0  10.3895  12.2496  0  -24.1485  102.429
5.85  102.551  0  10.1477  12.2317  0  -24.2111  102.551
5.86  102.673  0  9.9053  12.2138  0  -24.2736  102.673
5.87  102.795  0  9.66226  12.1959  0  -24.336  102.795
5.88  102.917  0  9.41858  12.178  0  -24.3982  102.917
5.89  103.039  0  9.17429  12.1601  0  -24.4602  103.039
5.9  103.16  0  8.92938  12.1422  0  -24.5221  103.16
5.91  103.282  0  8.68385  12.1243  0  -24.5839  103.282
5.92  103.403  0  8.4377  12.1064  0  -24.6454  103.403
5.93  103.524  0  8.19094  12.0884  0  -24.7069  103.524
5.94  103.645  0  7.94357  12.0705  0  -24.7681  103.645
5.95  103.765  0  7.69558  12.0526  0  -24.8293  103.765
5.96  103.886  0  7.44698  12.0346  0  -24.8902  103.886
5.97  104.006  0  7.19778  12.0167  0  -24.951  104.006
5.98  104.126  0  6.94796  11.9987  0  -25.0117  104.126
5.99  104.246  0  6.69754  11.9808  0  -25.0722  104.246
6  104.366  0  6.44652  11.9628  0  -25.1325  104.366
6.01  104.485  0  6.19489  11.9448  0  -25.1927  104.485
6.02  104.605  0  5.94267  11.9269  0  -25.2527  104.605
6.03  104.724  0  5.68984  11.9089  0  -25.3126  104.724
6.04  104.843  0  5.43641  11.8909  0  -25.3723  104.843
6.05  104.962  0  5.18239  11.8729  0  -25.4319  104.962
6.06  105.08  0  4.92778  11.855  0  -25.4913  105.08
6.07  105.199  0  4.67257  11.837  0  -25.5506  105.199
6.08  105.317  0  4.41677  11.819  0  -25.6097  105.317
6.09  105.435  0  4.16037  11.801  0  -25.6686  105.435
6.1  105.553  0  3.90339  11.783  0  -25.7274  105.553
6.11  105.671  0  3.64583  11.765  0  -25.786  105.671
6.12  105.788  0  3.38767  11.747  0  -25.8445  105.788
6.13  105.906  0  3.12894  11.729  0  -25.9029  105.906
6.14  106.023  0  2.86962  11.711  0  -25.961  106.023
6.15  106.14  0  2.60972  11.693  0  -26.019  106.14
6.16  106.257  0  2.34924  11.675  0  -26.0769  106.257
6.17  106.373  0  2.08818  11.657  0  -26.1346  106.373
6.18  106.49  0  1.82654  11.639  0  -26.1922  106.49
6.19  106.606  0  1.56434  11.621  0  -26.2496  106.606
6.2  106.722  0  1.30155  11.603  0  -26.3068  106.722
6.21  106.838  0  1.0382  11.585  0  -26.3639  106.838
6.22  106.954  0  0.774275  11.567  0  -26.4209  106.954
6.23  107.07  0  0.509783  11.549  0  -26.4777  107.07
6.24  107.185  0  0.244723  11.531  0  -26.5343  107.185
6.25  107.3  0  -0.0209029  11.513  0  -26.5908  107.3
