t  x  y  z  vx  vy  vz  range
0  0  0  0  37.0257  0  25.9257  0
0  0.370257  0  0.258767  37.0257  0  25.8277  0.370257
0.01  0.740513  0  0.516553  37.0257  0  25.7297  0.740513
0.02  1.11077  0  0.77336  37.0257  0  25.6317  1.11077
0.03  1.48103  0  1.02919  37.0257  0  25.5337  1.48103
0.04  1.85128  0  1.28403  37.0257  0  25.4357  1.85128
0.05  2.22154  0  1.5379  37.0257  0  25.3377  2.22154
0.06  2.5918  0  1.79079  37.0257  0  25.2397  2.5918
0.07  2.96205  0  2.04269  37.0257  0  25.1417  2.96205
0.08  3.33231  0  2.29362  37.0257  0  25.0437  3.33231
0.09  3.70257  0  2.54357  37.0257  0  24.9457  3.70257
0.1  4.07282  0  2.79253  37.0257  0  24.8477  4.07282
0.11  4.44308  0  3.04052  37.0257  0  24.7497  4.44308
0.12  4.81334  0  3.28753  37.0257  0  24.6517  4.81334
0.13  5.18359  0  3.53355  37.0257  0  24.5537  5.18359
0.14  5.55385  0  3.7786  37.0257  0  24.4557  5.55385
0.15  5.92411  0  4.02266  37.0257  0  24.3577  5.92411
0.16  6.29436  0  4.26575  37.0257  0  24.2597  6.29436
0.17  6.66462  0  4.50786  37.0257  0  24.1617  6.66462
0.18  7.03488  0  4.74898  37.0257  0  24.0637  7.03488
0.19  7.40513  0  4.98913  37.0257  0  23.9657  7.40513
0.2  7.77539  0  5.2283  37.0257  0  23.8677  7.77539
0.21  8.14565  0  5.46648  37.0257  0  23.7697  8.14565
0.22  8.5159  0  5.70369  37.0257  0  23.6717  8.5159
0.23  8.88616  0  5.93992  37.0257  0  23.5737  8.88616
0.24  9.25642  0  6.17516  37.0257  0  23.4757  9.25642
0.25  9.62667  0  6.40943  37.0257  0  23.3777  9.62667
0.26  9.99693  0  6.64272  37.0257  0  23.2797  9.99693
0.27  10.3672  0  6.87502  37.0257  0  23.1817  10.3672
0.28  10.7374  0  7.10635  37.0257  0  23.0837  10.7374
0.29  11.1077  0  7.3367  37.0257  0  22.9857  11.1077
0.3  11.478  0  7.56606  37.0257  0  22.8877  11.478
0.31  11.8482  0  7.79445  37.0257  0  22.7897  11.8482
0.32  12.2185  0  8.02186  37.0257  0  22.6917  12.2185
0.33  12.5887  0  8.24828  37.0257  0  22.5937  12.5887
0.34  12.959  0  8.47373  37.0257  0  22.4957  12.959
0.35  13.3292  0  8.6982  37.0257  0  22.3977  13.3292
0.36  13.6995  0  8.92168  37.0257  0  22.2997  13.6995
0.37  14.0698  0  9.14419  37.0257  0  22.2017  14.0698
0.38  14.44  0  9.36572  37.0257  0  22.1037  14.44
0.39  14.8103  0  9.58626  37.0257  0  22.0057  14.8103
0.4  15.1805  0  9.80583  37.0257  0  21.9077  15.1805
0.41  15.5508  0  10.0244  37.0257  0  21.8097  15.5508
0.42  15.921  0  10.242  37.0257  0  21.7117  15.921
0.43  16.2913  0  10.4586  37.0257  0  21.6137  16.2913
0.44  16.6616  0  10.6743  37.0257  0  21.5157  16.6616
0.45  17.0318  0  10.889  37.0257  0  21.4177  17.0318
0.46  17.4021  0  11.1026  37.0257  0  21.3197  17.4021
0.47  17.7723  0  11.3154  37.0257  0  21.2217  17.7723
0.48  18.1426  0  11.5271  37.0257  0  21.1237  18.1426
0.49  18.5128  0  11.7378  37.0257  0  21.0257  18.5128
0.5  18.8831  0  11.9476  37.0257  0  20.9277  18.8831
0.51  19.2533  0  12.1564  37.0257  0  20.8297  19.2533
0.52  19.6236  0  12.3642  37.0257  0  20.7317  19.6236
0.53  19.9939  0  12.571  37.0257  0  20.6337  19.9939
0.54  20.3641  0  12.7769  37.0257  0  20.5357  20.3641
0.55  20.7344  0  12.9817  37.0257  0  20.4377  20.7344
0.56  21.1046  0  13.1856  37.0257  0  20.3397  21.1046
0.57  21.4749  0  13.3885  37.0257  0  20.2417  21.4749
0.58  21.8451  0  13.5904  37.0257  0  20.1437  21.8451
0.59  22.2154  0  13.7914  37.0257  0  20.0457  22.2154
0.6  22.5857  0  13.9914  37.0257  0  19.9477  22.5857
0.61  22.9559  0  14.1903  37.0257  0  19.8497  22.9559
0.62  23.3262  0  14.3884  37.0257  0  19.7517  23.3262
0.63  23.6964  0  14.5854  37.0257  0  19.6537  23.6964
0.64  24.0667  0  14.7814  37.0257  0  19.5557  24.0667
0.65  24.4369  0  14.9765  37.0257  0  19.4577  24.4369
0.66  24.8072  0  15.1706  37.0257  0  19.3597  24.8072
0.67  25.1775  0  15.3637  37.0257  0  19.2617  25.1775
0.68  25.5477  0  15.5558  37.0257  0  19.1637  25.5477
0.69  25.918  0  15.747  37.0257  0  19.0657  25.918
0.7  26.2882  0  15.9371  37.0257  0  18.9677  26.2882
0.71  26.6585  0  16.1263  37.0257  0  18.8697  26.6585
0.72  27.0287  0  16.3145  37.0257  0  18.7717  27.0287
0.73  27.399  0  16.5017  37.0257  0  18.6737  27.399
0.74  27.7693  0  16.688  37.0257  0  18.5757  27.7693
0.75  28.1395  0  16.8733  37.0257  0  18.4777  28.1395
0.76  28.5098  0  17.0575  37.0257  0  18.3797  28.5098
0.77  28.88  0  17.2409  37.0257  0  18.2817  28.88
0.78  29.2503  0  17.4232  37.0257  0  18.1837  29.2503
0.79  29.6205  0  17.6045  37.0257  0  18.0857  29.6205
0.8  29.9908  0  17.7849  37.0257  0  17.9877  29.9908
0.81  30.3611  0  17.9643  37.0257  0  17.8897  30.3611
0.82  30.7313  0  18.1427  37.0257  0  17.7917  30.7313
0.83  31.1016  0  18.3201  37.0257  0  17.6937  31.1016
0.84  31.4718  0  18.4966  37.0257  0  17.5957  31.4718
0.85  31.8421  0  18.672  37.0257  0  17.4977  31.8421
0.86  32.2123  0  18.8465  37.0257  0  17.3997  32.2123
0.87  32.5826  0  19.02  37.0257  0  17.3017  32.5826
0.88  32.9528  0  19.1925  37.0257  0  17.2037  32.9528
0.89  33.3231  0  19.3641  37.0257  0  17.1057  33.3231
0.9  33.6934  0  19.5347  37.0257  0  17.0077  33.6934
0.91  34.0636  0  19.7042  37.0257  0  16.9097  34.0636
0.92  34.4339  0  19.8728  37.0257  0  16.8117  34.4339
0.93  34.8041  0  20.0405  37.0257  0  16.7137  34.8041
0.94  35.1744  0  20.2071  37.0257  0  16.6157  35.1744
0.95  35.5446  0  20.3728  37.0257  0  16.5177  35.5446
0.96  35.9149  0  20.5375  37.0257  0  16.4197  35.9149
0.97  36.2852  0  20.7012  37.0257  0  16.3217  36.2852
0.98  36.6554  0  20.8639  37.0257  0  16.2237  36.6554
0.99  37.0257  0  21.0257  37.0257  0  16.1257  37.0257
1  37.3959  0  21.1864  37.0257  0  16.0277  37.3959
1.01  37.7662  0  21.3462  37.0257  0  15.9297  37.7662
1.02  38.1364  0  21.505  37.0257  0  15.8317  38.1364
1.03  38.5067  0  21.6628  37.0257  0  15.7337  38.5067
1.04  38.877  0  21.8197  37.0257  0  15.6357  38.877
1.05  39.2472  0  21.9756  37.0257  0  15.5377  39.2472
1.06  39.6175  0  22.1304  37.0257  0  15.4397  39.6175
1.07  39.9877  0  22.2843  37.0257  0  15.3417  39.9877
1.08  40.358  0  22.4373  37.0257  0  15.2437  40.358
1.09  40.7282  0  22.5892  37.0257  0  15.1457  40.7282
1.1  41.0985  0  22.7402  37.0257  0  15.0477  41.0985
1.11  41.4688  0  22.8902  37.0257  0  14.9497  41.4688
1.12  41.839  0  23.0392  37.0257  0  14.8517  41.839
1.13  42.2093  0  23.1872  37.0257  0  14.7537  42.2093
1.14  42.5795  0  23.3343  37.0257  0  14.6557  42.5795
1.15  42.9498  0  23.4803  37.0257  0  14.5577  42.9498
1.16  43.32  0  23.6254  37.0257  0  14.4597  43.32
1.17  43.6903  0  23.7695  37.0257  0  14.3617  43.6903
1.18  44.0606  0  23.9126  37.0257  0  14.2637  44.0606
1.19  44.4308  0  24.0548  37.0257  0  14.1657  44.4308
1.2  44.8011  0  24.196  37.0257  0  14.0677  44.8011
1.21  45.1713  0  24.3361  37.0257  0  13.9697  45.1713
1.22  45.5416  0  24.4753  37.0257  0  13.8717  45.5416
1.23  45.9118  0  24.6136  37.0257  0  13.7737  45.9118
1.24  46.2821  0  24.7508  37.0257  0  13.6757  46.2821
1.25  46.6523  0  24.8871  37.0257  0  13.5777  46.6523
1.26  47.0226  0  25.0224  37.0257  0  13.4797  47.0226
1.27  47.3929  0  25.1567  37.0257  0  13.3817  47.3929
1.28  47.7631  0  25.29  37.0257  0  13.2837  47.7631
1.29  48.1334  0  25.4224  37.0257  0  13.1857  48.1334
1.3  48.5036  0  25.5537  37.0257  0  13.0877  48.5036
1.31  48.8739  0  25.6841  37.0257  0  12.9897  48.8739
1.32  49.2441  0  25.8135  37.0257  0  12.8917  49.2441
1.33  49.6144  0  25.9419  37.0257  0  12.7937  49.6144
1.34  49.9847  0  26.0694  37.0257  0  12.6957  49.9847
1.35  50.3549  0  26.1959  37.0257  0  12.5977  50.3549
1.36  50.7252  0  26.3213  37.0257  0  12.4997  50.7252
1.37  51.0954  0  26.4458  37.0257  0  12.4017  51.0954
1.38  51.4657  0  26.5694  37.0257  0  12.3037  51.4657
1.39  51.8359  0  26.6919  37.0257  0  12.2057  51.8359
1.4  52.2062  0  26.8135  37.0257  0  12.1077  52.2062
1.41  52.5765  0  26.9341  37.0257  0  12.0097  52.5765
1.42  52.9467  0  27.0537  37.0257  0  11.9117  52.9467
1.43  53.317  0  27.1723  37.0257  0  11.8137  53.317
1.44  53.6872  0  27.2899  37.0257  0  11.7157  53.6872
1.45  54.0575  0  27.4066  37.0257  0  11.6177  54.0575
1.46  54.4277  0  27.5223  37.0257  0  11.5197  54.4277
1.47  54.798  0  27.637  37.0257  0  11.4217  54.798
1.48  55.1683  0  27.7507  37.0257  0  11.3237  55.1683
1.49  55.5385  0  27.8635  37.0257  0  11.2257  55.5385
1.5  55.9088  0  27.9752  37.0257  0  11.1277  55.9088
1.51  56.279  0  28.086  37.0257  0  11.0297  56.279
1.52  56.6493  0  28.1958  37.0257  0  10.9317  56.6493
1.53  57.0195  0  28.3047  37.0257  0  10.8337  57.0195
1.54  57.3898  0  28.4125  37.0257  0  10.7357  57.3898
1.55  57.76  0  28.5194  37.0257  0  10.6377  57.76
1.56  58.1303  0  28.6253  37.0257  0  10.5397  58.1303
1.57  58.5006  0  28.7302  37.0257  0  10.4417  58.5006
1.58  58.8708  0  28.8341  37.0257  0  10.3437  58.8708
1.59  59.2411  0  28.937  37.0257  0  10.2457  59.2411
1.6  59.6113  0  29.039  37.0257  0  10.1477  59.6113
1.61  59.9816  0  29.14  37.0257  0  10.0497  59.9816
1.62  60.3518  0  29.24  37.0257  0  9.95165  60.3518
1.63  60.7221  0  29.339  37.0257  0  9.85365  60.7221
1.64  61.0924  0  29.4371  37.0257  0  9.75565  61.0924
1.65  61.4626  0  29.5341  37.0257  0  9.65765  61.4626
1.66  61.8329  0  29.6302  37.0257  0  9.55965  61.8329
1.67  62.2031  0  29.7253  37.0257  0  9.46165  62.2031
1.68  62.5734  0  29.8195  37.0257  0  9.36365  62.5734
1.69  62.9436  0  29.9126  37.0257  0  9.26565  62.9436
1.7  63.3139  0  30.0048  37.0257  0  9.16765  63.3139
1.71  63.6842  0  30.096  37.0257  0  9.06965  63.6842
1.72  64.0544  0  30.1862  37.0257  0  8.97165  64.0544
1.73  64.4247  0  30.2754  37.0257  0  8.87365  64.4247
1.74  64.7949  0  30.3636  37.0257  0  8.77565  64.7949
1.75  65.1652  0  30.4509  37.0257  0  8.67765  65.1652
1.76  65.5354  0  30.5372  37.0257  0  8.57965  65.5354
1.77  65.9057  0  30.6225  37.0257  0  8.48165  65.9057
1.78  66.276  0  30.7068  37.0257  0  8.38365  66.276
1.79  66.6462  0  30.7902  37.0257  0  8.28565  66.6462
1.8  67.0165  0  30.8725  37.0257  0  8.18765  67.0165
1.81  67.3867  0  30.9539  37.0257  0  8.08965  67.3867
1.82  67.757  0  31.0343  37.0257  0  7.99165  67.757
1.83  68.1272  0  31.1138  37.0257  0  7.89365  68.1272
1.84  68.4975  0  31.1922  37.0257  0  7.79565  68.4975
1.85  68.8678  0  31.2697  37.0257  0  7.69765  68.8678
1.86  69.238  0  31.3462  37.0257  0  7.59965  69.238
1.87  69.6083  0  31.4217  37.0257  0  7.50165  69.6083
1.88  69.9785  0  31.4962  37.0257  0  7.40365  69.9785
1.89  70.3488  0  31.5697  37.0257  0  7.30565  70.3488
1.9  70.719  0  31.6423  37.0257  0  7.20765  70.719
1.91  71.0893  0  31.7139  37.0257  0  7.10965  71.0893
1.92  71.4595  0  31.7845  37.0257  0  7.01165  71.4595
1.93  71.8298  0  31.8541  37.0257  0  6.91365  71.8298
1.94  72.2001  0  31.9228  37.0257  0  6.81565  72.2001
1.95  72.5703  0  31.9904  37.0257  0  6.71765  72.5703
1.96  72.9406  0  32.0571  37.0257  0  6.61965  72.9406
1.97  73.3108  0  32.1228  37.0257  0  6.52165  73.3108
1.98  73.6811  0  32.1876  37.0257  0  6.42365  73.6811
1.99  74.0513  0  32.2513  37.0257  0  6.32565  74.0513
2  74.4216  0  32.3141  37.0257  0  6.22765  74.4216
2.01  74.7919  0  32.3759  37.0257  0  6.12965  74.7919
2.02  75.1621  0  32.4367  37.0257  0  6.03165  75.1621
2.03  75.5324  0  32.4965  37.0257  0  5.93365  75.5324
2.04  75.9026  0  32.5553  37.0257  0  5.83565  75.9026
2.05  76.2729  0  32.6132  37.0257  0  5.73765  76.2729
2.06  76.6431  0  32.6701  37.0257  0  5.63965  76.6431
2.07  77.0134  0  32.726  37.0257  0  5.54165  77.0134
2.08  77.3837  0  32.7809  37.0257  0  5.44365  77.3837
2.09  77.7539  0  32.8349  37.0257  0  5.34565  77.7539
2.1  78.1242  0  32.8878  37.0257  0  5.24765  78.1242
2.11  78.4944  0  32.9398  37.0257  0  5.14965  78.4944
2.12  78.8647  0  32.9908  37.0257  0  5.05165  78.8647
2.13  79.2349  0  33.0409  37.0257  0  4.95365  79.2349
2.14  79.6052  0  33.0899  37.0257  0  4.85565  79.6052
2.15  79.9755  0  33.138  37.0257  0  4.75765  79.9755
2.16  80.3457  0  33.1851  37.0257  0  4.65965  80.3457
2.17  80.716  0  33.2312  37.0257  0  4.56165  80.716
2.18  81.0862  0  33.2763  37.0257  0  4.46365  81.0862
2.19  81.4565  0  33.3204  37.0257  0  4.36565  81.4565
2.2  81.8267  0  33.3636  37.0257  0  4.26765  81.8267
2.21  82.197  0  33.4058  37.0257  0  4.16965  82.197
2.22  82.5672  0  33.447  37.0257  0  4.07165  82.5672
2.23  82.9375  0  33.4872  37.0257  0  3.97365  82.9375
2.24  83.3078  0  33.5265  37.0257  0  3.87565  83.3078
2.25  83.678  0  33.5647  37.0257  0  3.77765  83.678
2.26  84.0483  0  33.602  37.0257  0  3.67965  84.0483
2.27  84.4185  0  33.6383  37.0257  0  3.58165  84.4185
2.28  84.7888  0  33.6737  37.0257  0  3.48365  84.7888
2.29  85.159  0  33.708  37.0257  0  3.38565  85.159
2.3  85.5293  0  33.7414  37.0257  0  3.28765  85.5293
2.31  85.8996  0  33.7738  37.0257  0  3.18965  85.8996
2.32  86.2698  0  33.8052  37.0257  0  3.09165  86.2698
2.33  86.6401  0  33.8356  37.0257  0  2.99365  86.6401
2.34  87.0103  0  33.865  37.0257  0  2.89565  87.0103
2.35  87.3806  0  33.8935  37.0257  0  2.79765  87.3806
2.36  87.7508  0  33.921  37.0257  0  2.69965  87.7508
2.37  88.1211  0  33.9475  37.0257  0  2.60165  88.1211
2.38  88.4914  0  33.973  37.0257  0  2.50365  88.4914
2.39  88.8616  0  33.9976  37.0257  0  2.40565  88.8616
2.4  89.2319  0  34.0211  37.0257  0  2.30765  89.2319
2.41  89.6021  0  34.0437  37.0257  0  2.20965  89.6021
2.42  89.9724  0  34.0653  37.0257  0  2.11165  89.9724
2.43  90.3426  0  34.086  37.0257  0  2.01365  90.3426
2.44  90.7129  0  34.1056  37.0257  0  1.91565  90.7129
2.45  91.0832  0  34.1243  37.0257  0  1.81765  91.0832
2.46  91.4534  0  34.142  37.0257  0  1.71965  91.4534
2.47  91.8237  0  34.1587  37.0257  0  1.62165  91.8237
2.48  92.1939  0  34.1744  37.0257  0  1.52365  92.1939
2.49  92.5642  0  34.1891  37.0257  0  1.42565  92.5642
2.5  92.9344  0  34.2029  37.0257  0  1.32765  92.9344
2.51  93.3047  0  34.2157  37.0257  0  1.22965  93.3047
2.52  93.675  0  34.2275  37.0257  0  1.13165  93.675
2.53  94.0452  0  34.2383  37.0257  0  1.03365  94.0452
2.54  94.4155  0  34.2482  37.0257  0  0.935655  94.4155
2.55  94.7857  0  34.257  37.0257  0  0.837655  94.7857
2.56  95.156  0  34.2649  37.0257  0  0.739655  95.156
2.57  95.5262  0  34.2718  37.0257  0  0.641655  95.5262
2.58  95.8965  0  34.2778  37.0257  0  0.543655  95.8965
2.59  96.2667  0  34.2827  37.0257  0  0.445655  96.2667
2.6  96.637  0  34.2867  37.0257  0  0.347655  96.637
2.61  97.0073  0  34.2897  37.0257  0  0.249655  97.0073
2.62  97.3775  0  34.2917  37.0257  0  0.151655  97.3775
2.63  97.7478  0  34.2927  37.0257  0  0.0536549  97.7478
2.64  98.118  0  34.2927  37.0257  0  -0.0443451  98.118
2.65  98.4883  0  34.2918  37.0257  0  -0.142345  98.4883
2.66  98.8585  0  34.2899  37.0257  0  -0.240345  98.8585
2.67  99.2288  0  34.287  37.0257  0  -0.338345  99.2288
2.68  99.5991  0  34.2831  37.0257  0  -0.436345  99.5991
2.69  99.9693  0  34.2783  37.0257  0  -0.534345  99.9693
2.7  100.34  0  34.2724  37.0257  0  -0.632345  100.34
2.71  100.71  0  34.2656  37.0257  0  -0.730345  100.71
2.72  101.08  0  34.2578  37.0257  0  -0.828345  101.08
2.73  101.45  0  34.2491  37.0257  0  -0.926345  101.45
2.74  101.821  0  34.2393  37.0257  0  -1.02435  101.821
2.75  102.191  0  34.2286  37.0257  0  -1.12235  102.191
2.76  102.561  0  34.2169  37.0257  0  -1.22035  102.561
2.77  102.931  0  34.2042  37.0257  0  -1.31835  102.931
2.78  103.302  0  34.1905  37.0257  0  -1.41635  103.302
2.79  103.672  0  34.1758  37.0257  0  -1.51435  103.672
2.8  104.042  0  34.1602  37.0257  0  -1.61235  104.042
2.81  104.412  0  34.1436  37.0257  0  -1.71035  104.412
2.82  104.783  0  34.126  37.0257  0  -1.80835  104.783
2.83  105.153  0  34.1074  37.0257  0  -1.90635  105.153
2.84  105.523  0  34.0879  37.0257  0  -2.00435  105.523
2.85  105.893  0  34.0673  37.0257  0  -2.10235  105.893
2.86  106.264  0  34.0458  37.0257  0  -2.20035  106.264
2.87  106.634  0  34.0233  37.0257  0  -2.29835  106.634
2.88  107.004  0  33.9999  37.0257  0  -2.39635  107.004
2.89  107.374  0  33.9754  37.0257  0  -2.49435  107.374
2.9  107.745  0  33.95  37.0257  0  -2.59235  107.745
2.91  108.115  0  33.9236  37.0257  0  -2.69035  108.115
2.92  108.485  0  33.8962  37.0257  0  -2.78835  108.485
2.93  108.855  0  33.8678  37.0257  0  -2.88635  108.855
2.94  109.226  0  33.8384  37.0257  0  -2.98435  109.226
2.95  109.596  0  33.8081  37.0257  0  -3.08235  109.596
2.96  109.966  0  33.7768  37.0257  0  -3.18035  109.966
2.97  110.337  0  33.7445  37.0257  0  -3.27835  110.337
2.98  110.707  0  33.7112  37.0257  0  -3.37635  110.707
2.99  111.077  0  33.677  37.0257  0  -3.47435  111.077
3  111.447  0  33.6417  37.0257  0  -3.57235  111.447
3.01  111.818  0  33.6055  37.0257  0  -3.67035  111.818
3.02  112.188  0  33.5683  37.0257  0  -3.76835  112.188
3.03  112.558  0  33.5302  37.0257  0  -3.86635  112.558
3.04  112.928  0  33.491  37.0257  0  -3.96435  112.928
3.05  113.299  0  33.4509  37.0257  0  -4.06235  113.299
3.06  113.669  0  33.4098  37.0257  0  -4.16035  113.669
3.07  114.039  0  33.3677  37.0257  0  -4.25835  114.039
3.08  114.409  0  33.3246  37.0257  0  -4.35635  114.409
3.09  114.78  0  33.2805  37.0257  0  -4.45435  114.78
3.1  115.15  0  33.2355  37.0257  0  -4.55235  115.15
3.11  115.52  0  33.1895  37.0257  0  -4.65035  115.52
3.12  115.89  0  33.1425  37.0257  0  -4.74835  115.89
3.13  116.261  0  33.0945  37.0257  0  -4.84635  116.261
3.14  116.631  0  33.0456  37.0257  0  -4.94435  116.631
3.15  117.001  0  32.9956  37.0257  0  -5.04235  117.001
3.16  117.371  0  32.9447  37.0257  0  -5.14035  117.371
3.17  117.742  0  32.8928  37.0257  0  -5.23835  117.742
3.18  118.112  0  32.8399  37.0257  0  -5.33635  118.112
3.19  118.482  0  32.7861  37.0257  0  -5.43435  118.482
3.2  118.852  0  32.7313  37.0257  0  -5.53235  118.852
3.21  119.223  0  32.6754  37.0257  0  -5.63035  119.223
3.22  119.593  0  32.6187  37.0257  0  -5.72835  119.593
3.23  119.963  0  32.5609  37.0257  0  -5.82635  119.963
3.24  120.333  0  32.5021  37.0257  0  -5.92435  120.333
3.25  120.704  0  32.4424  37.0257  0  -6.02235  120.704
3.26  121.074  0  32.3817  37.0257  0  -6.12035  121.074
3.27  121.444  0  32.32  37.0257  0  -6.21835  121.444
3.28  121.814  0  32.2573  37.0257  0  -6.31635  121.814
3.29  122.185  0  32.1937  37.0257  0  -6.41435  122.185
3.3  122.555  0  32.129  37.0257  0  -6.51235  122.555
3.31  122.925  0  32.0634  37.0257  0  -6.61035  122.925
3.32  123.295  0  31.9968  37.0257  0  -6.70835  123.295
3.33  123.666  0  31.9292  37.0257  0  -6.80635  123.666
3.34  124.036  0  31.8607  37.0257  0  -6.90435  124.036
3.35  124.406  0  31.7912  37.0257  0  -7.00235  124.406
3.36  124.777  0  31.7206  37.0257  0  -7.10035  124.777
3.37  125.147  0  31.6492  37.0257  0  -7.19835  125.147
3.38  125.517  0  31.5767  37.0257  0  -7.29635  125.517
3.39  125.887  0  31.5032  37.0257  0  -7.39435  125.887
3.4  126.258  0  31.4288  37.0257  0  -7.49235  126.258
3.41  126.628  0  31.3534  37.0257  0  -7.59035  126.628
3.42  126.998  0  31.277  37.0257  0  -7.68835  126.998
3.43  127.368  0  31.1996  37.0257  0  -7.78635  127.368
3.44  127.739  0  31.1213  37.0257  0  -7.88435  127.739
3.45  128.109  0  31.0419  37.0257  0  -7.98235  128.109
3.46  128.479  0  30.9616  37.0257  0  -8.08035  128.479
3.47  128.849  0  30.8803  37.0257  0  -8.17835  128.849
3.48  129.22  0  30.798  37.0257  0  -8.27635  129.22
3.49  129.59  0  30.7148  37.0257  0  -8.37435  129.59
3.5  129.96  0  30.6306  37.0257  0  -8.47235  129.96
3.51  130.33  0  30.5453  37.0257  0  -8.57035  130.33
3.52  130.701  0  30.4592  37.0257  0  -8.66835  130.701
3.53  131.071  0  30.372  37.0257  0  -8.76635  131.071
3.54  131.441  0  30.2838  37.0257  0  -8.86435  131.441
3.55  131.811  0  30.1947  37.0257  0  -8.96235  131.811
3.56  132.182  0  30.1046  37.0257  0  -9.06035  132.182
3.57  132.552  0  30.0135  37.0257  0  -9.15835  132.552
3.58  132.922  0  29.9214  37.0257  0  -9.25635  132.922
3.59  133.292  0  29.8284  37.0257  0  -9.35435  133.292
3.6  133.663  0  29.7343  37.0257  0  -9.45235  133.663
3.61  134.033  0  29.6393  37.0257  0  -9.55035  134.033
3.62  134.403  0  29.5433  37.0257  0  -9.64835  134.403
3.63  134.773  0  29.4463  37.0257  0  -9.74635  134.773
3.64  135.144  0  29.3484  37.0257  0  -9.84435  135.144
3.65  135.514  0  29.2495  37.0257  0  -9.94235  135.514
3.66  135.884  0  29.1495  37.0257  0  -10.0403  135.884
3.67  136.254  0  29.0487  37.0257  0  -10.1383  136.254
3.68  136.625  0  28.9468  37.0257  0  -10.2363  136.625
3.69  136.995  0  28.8439  37.0257  0  -10.3343  136.995
3.7  137.365  0  28.7401  37.0257  0  -10.4323  137.365
3.71  137.736  0  28.6353  37.0257  0  -10.5303  137.736
3.72  138.106  0  28.5295  37.0257  0  -10.6283  138.106
3.73  138.476  0  28.4227  37.0257  0  -10.7263  138.476
3.74  138.846  0  28.315  37.0257  0  -10.8243  138.846
3.75  139.217  0  28.2062  37.0257  0  -10.9223  139.217
3.76  139.587  0  28.0965  37.0257  0  -11.0203  139.587
3.77  139.957  0  27.9858  37.0257  0  -11.1183  139.957
3.78  140.327  0  27.8741  37.0257  0  -11.2163  140.327
3.79  140.698  0  27.7615  37.0257  0  -11.3143  140.698
3.8  141.068  0  27.6479  37.0257  0  -11.4123  141.068
3.81  141.438  0  27.5332  37.0257  0  -11.5103  141.438
3.82  141.808  0  27.4176  37.0257  0  -11.6083  141.808
3.83  142.179  0  27.3011  37.0257  0  -11.7063  142.179
3.84  142.549  0  27.1835  37.0257  0  -11.8043  142.549
3.85  142.919  0  27.065  37.0257  0  -11.9023  142.919
3.86  143.289  0  26.9455  37.0257  0  -12.0003  143.289
3.87  143.66  0  26.825  37.0257  0  -12.0983  143.66
3.88  144.03  0  26.7035  37.0257  0  -12.1963  144.03
3.89  144.4  0  26.5811  37.0257  0  -12.2943  144.4
3.9  144.77  0  26.4576  37.0257  0  -12.3923  144.77
3.91  145.141  0  26.3332  37.0257  0  -12.4903  145.141
3.92  145.511  0  26.2078  37.0257  0  -12.5883  145.511
3.93  145.881  0  26.0814  37.0257  0  -12.6863  145.881
3.94  146.251  0  25.9541  37.0257  0  -12.7843  146.251
3.95  146.622  0  25.8258  37.0257  0  -12.8823  146.622
3.96  146.992  0  25.6964  37.0257  0  -12.9803  146.992
3.97  147.362  0  25.5661  37.0257  0  -13.0783  147.362
3.98  147.732  0  25.4349  37.0257  0  -13.1763  147.732
3.99  148.103  0  25.3026  37.0257  0  -13.2743  148.103
4  148.473  0  25.1694  37.0257  0  -13.3723  148.473
4.01  148.843  0  25.0352  37.0257  0  -13.4703  148.843
4.02  149.213  0  24.9  37.0257  0  -13.5683  149.213
4.03  149.584  0  24.7638  37.0257  0  -13.6663  149.584
4.04  149.954  0  24.6267  37.0257  0  -13.7643  149.954
4.05  150.324  0  24.4885  37.0257  0  -13.8623  150.324
4.06  150.694  0  24.3494  37.0257  0  -13.9603  150.694
4.07  151.065  0  24.2093  37.0257  0  -14.0583  151.065
4.08  151.435  0  24.0682  37.0257  0  -14.1563  151.435
4.09  151.805  0  23.9262  37.0257  0  -14.2543  151.805
4.1  152.176  0  23.7832  37.0257  0  -14.3523  152.176
4.11  152.546  0  23.6391  37.0257  0  -14.4503  152.546
4.12  152.916  0  23.4941  37.0257  0  -14.5483  152.916
4.13  153.286  0  23.3482  37.0257  0  -14.6463  153.286
4.14  153.657  0  23.2012  37.0257  0  -14.7443  153.657
4.15  154.027  0  23.0533  37.0257  0  -14.8423  154.027
4.16  154.397  0  22.9044  37.0257  0  -14.9403  154.397
4.17  154.767  0  22.7545  37.0257  0  -15.0383  154.767
4.18  155.138  0  22.6036  37.0257  0  -15.1363  155.138
4.19  155.508  0  22.4518  37.0257  0  -15.2343  155.508
4.2  155.878  0  22.2989  37.0257  0  -15.3323  155.878
4.21  156.248  0  22.1451  37.0257  0  -15.4303  156.248
4.22  156.619  0  21.9903  37.0257  0  -15.5283  156.619
4.23  156.989  0  21.8345  37.0257  0  -15.6263  156.989
4.24  157.359  0  21.6778  37.0257  0  -15.7243  157.359
4.25  157.729  0  21.52  37.0257  0  -15.8223  157.729
4.26  158.1  0  21.3613  37.0257  0  -15.9203  158.1
4.27  158.47  0  21.2016  37.0257  0  -16.0183  158.47
4.28  158.84  0  21.041  37.0257  0  -16.1163  158.84
4.29  159.21  0  20.8793  37.0257  0  -16.2143  159.21
4.3  159.581  0  20.7167  37.0257  0  -16.3123  159.581
4.31  159.951  0  20.5531  37.0257  0  -16.4103  159.951
4.32  160.321  0  20.3885  37.0257  0  -16.5083  160.321
4.33  160.691  0  20.2229  37.0257  0  -16.6063  160.691
4.34  161.062  0  20.0563  37.0257  0  -16.7043  161.062
4.35  161.432  0  19.8888  37.0257  0  -16.8023  161.432
4.36  161.802  0  19.7203  37.0257  0  -16.9003  161.802
4.37  162.172  0  19.5508  37.0257  0  -16.9983  162.172
4.38  162.543  0  19.3803  37.0257  0  -17.0963  162.543
4.39  162.913  0  19.2089  37.0257  0  -17.1943  162.913
4.4  163.283  0  19.0364  37.0257  0  -17.2923  163.283
4.41  163.653  0  18.863  37.0257  0  -17.3903  163.653
4.42  164.024  0  18.6886  37.0257  0  -17.4883  164.024
4.43  164.394  0  18.5133  37.0257  0  -17.5863  164.394
4.44  164.764  0  18.3369  37.0257  0  -17.6843  164.764
4.45  165.134  0  18.1596  37.0257  0  -17.7823  165.134
4.46  165.505  0  17.9813  37.0257  0  -17.8803  165.505
4.47  165.875  0  17.802  37.0257  0  -17.9783  165.875
4.48  166.245  0  17.6217  37.0257  0  -18.0763  166.245
4.49  166.616  0  17.4404  37.0257  0  -18.1743  166.616
4.5  166.986  0  17.2582  37.0257  0  -18.2723  166.986
4.51  167.356  0  17.075  37.0257  0  -18.3703  167.356
4.52  167.726  0  16.8908  37.0257  0  -18.4683  167.726
4.53  168.097  0  16.7056  37.0257  0  -18.5663  168.097
4.54  168.467  0  16.5195  37.0257  0  -18.6643  168.467
4.55  168.837  0  16.3323  37.0257  0  -18.7623  168.837
4.56  169.207  0  16.1442  37.0257  0  -18.8603  169.207
4.57  169.578  0  15.9551  37.0257  0  -18.9583  169.578
4.58  169.948  0  15.7651  37.0257  0  -19.0563  169.948
4.59  170.318  0  15.574  37.0257  0  -19.1543  170.318
4.6  170.688  0  15.382  37.0257  0  -19.2523  170.688
4.61  171.059  0  15.189  37.0257  0  -19.3503  171.059
4.62  171.429  0  14.995  37.0257  0  -19.4483  171.429
4.63  171.799  0  14.8  37.0257  0  -19.5463  171.799
4.64  172.169  0  14.604  37.0257  0  -19.6443  172.169
4.65  172.54  0  14.4071  37.0257  0  -19.7423  172.54
4.66  172.91  0  14.2092  37.0257  0  -19.8403  172.91
4.67  173.28  0  14.0103  37.0257  0  -19.9383  173.28
4.68  173.65  0  13.8104  37.0257  0  -20.0363  173.65
4.69  174.021  0  13.6096  37.0257  0  -20.1343  174.021
4.7  174.391  0  13.4077  37.0257  0  -20.2323  174.391
4.71  174.761  0  13.2049  37.0257  0  -20.3303  174.761
4.72  175.131  0  13.0011  37.0257  0  -20.4283  175.131
4.73  175.502  0  12.7964  37.0257  0  -20.5263  175.502
4.74  175.872  0  12.5906  37.0257  0  -20.6243  175.872
4.75  176.242  0  12.3839  37.0257  0  -20.7223  176.242
4.76  176.612  0  12.1762  37.0257  0  -20.8203  176.612
4.77  176.983  0  11.9675  37.0257  0  -20.9183  176.983
4.78  177.353  0  11.7578  37.0257  0  -21.0163  177.353
4.79  177.723  0  11.5471  37.0257  0  -21.1143  177.723
4.8  178.093  0  11.3355  37.0257  0  -21.2123  178.093
4.81  178.464  0  11.1229  37.0257  0  -21.3103  178.464
4.82  178.834  0  10.9093  37.0257  0  -21.4083  178.834
4.83  179.204  0  10.6947  37.0257  0  -21.5063  179.204
4.84  179.575  0  10.4792  37.0257  0  -21.6043  179.575
4.85  179.945  0  10.2626  37.0257  0  -21.7023  179.945
4.86  180.315  0  10.0451  37.0257  0  -21.8003  180.315
4.87  180.685  0  9.82664  37.0257  0  -21.8983  180.685
4.88  181.056  0  9.60716  37.0257  0  -21.9963  181.056
4.89  181.426  0  9.38671  37.0257  0  -22.0943  181.426
4.9  181.796  0  9.16528  37.0257  0  -22.1923  181.796
4.91  182.166  0  8.94286  37.0257  0  -22.2903  182.166
4.92  182.537  0  8.71947  37.0257  0  -22.3883  182.537
4.93  182.907  0  8.4951  37.0257  0  -22.4863  182.907
4.94  183.277  0  8.26974  37.0257  0  -22.5843  183.277
4.95  183.647  0  8.04341  37.0257  0  -22.6823  183.647
4.96  184.018  0  7.81609  37.0257  0  -22.7803  184.018
4.97  184.388  0  7.5878  37.0257  0  -22.8783  184.388
4.98  184.758  0  7.35853  37.0257  0  -22.9763  184.758
4.99  185.128  0  7.12827  37.0257  0  -23.0743  185.128
5  185.499  0  6.89704  37.0257  0  -23.1723  185.499
5.01  185.869  0  6.66483  37.0257  0  -23.2703  185.869
5.02  186.239  0  6.43163  37.0257  0  -23.3683  186.239
5.03  186.609  0  6.19746  37.0257  0  -23.4663  186.609
5.04  186.98  0  5.96231  37.0257  0  -23.5643  186.98
5.05  187.35  0  5.72617  37.0257  0  -23.6623  187.35
5.06  187.72  0  5.48906  37.0257  0  -23.7603  187.72
5.07  188.09  0  5.25097  37.0257  0  -23.8583  188.09
5.08  188.461  0  5.01189  37.0257  0  -23.9563  188.461
5.09  188.831  0  4.77184  37.0257  0  -24.0543  188.831
5.1  189.201  0  4.53081  37.0257  0  -24.1523  189.201
5.11  189.571  0  4.28879  37.0257  0  -24.2503  189.571
5.12  189.942  0  4.0458  37.0257  0  -24.3483  189.942
5.13  190.312  0  3.80183  37.0257  0  -24.4463  190.312
5.14  190.682  0  3.55687  37.0257  0  -24.5443  190.682
5.15  191.052  0  3.31094  37.0257  0  -24.6423  191.052
5.16  191.423  0  3.06403  37.0257  0  -24.7403  191.423
5.17  191.793  0  2.81613  37.0257  0  -24.8383  191.793
5.18  192.163  0  2.56726  37.0257  0  -24.9363  192.163
5.19  192.533  0  2.31741  37.0257  0  -25.0343  192.533
5.2  192.904  0  2.06657  37.0257  0  -25.1323  192.904
5.21  193.274  0  1.81476  37.0257  0  -25.2303  193.274
5.22  193.644  0  1.56197  37.0257  0  -25.3283  193.644
5.23  194.015  0  1.30819  37.0257  0  -25.4263  194.015
5.24  194.385  0  1.05344  37.0257  0  -25.5243  194.385
5.25  194.755  0  0.797705  37.0257  0  -25.6223  194.755
5.26  195.125  0  0.540991  37.0257  0  -25.7203  195.125
5.27  195.496  0  0.283298  37.0257  0  -25.8183  195.496
5.28  195.866  0  0.0246245  37.0257  0  -25.9163  195.866
5.29  196.236  0  -0.235029  37.0257  0  -26.0143  196.236
