t  x  y  z  vx  vy  vz  range
0  0  0  0  34.6252  0  29.054  0
0  0.345696  0  0.289584  34.5142  0  28.863  0.345696
0.01  0.690286  0  0.577263  34.4038  0  28.6729  0.690286
0.02  1.03378  0  0.863045  34.2943  0  28.4837  1.03378
0.03  1.37617  0  1.14694  34.1854  0  28.2954  1.37617
0.04  1.71749  0  1.42896  34.0772  0  28.1081  1.71749
0.05  2.05772  0  1.7091  33.9698  0  27.9216  2.05772
0.06  2.39688  0  1.98739  33.8631  0  27.736  2.39688
0.07  2.73498  0  2.26383  33.757  0  27.5513  2.73498
0.08  3.07203  0  2.53842  33.6517  0  27.3675  3.07203
0.09  3.40802  0  2.81118  33.547  0  27.1845  3.40802
0.1  3.74297  0  3.08211  33.443  0  27.0024  3.74297
0.11  4.07688  0  3.35123  33.3396  0  26.8211  4.07688
0.12  4.40976  0  3.61854  33.237  0  26.6407  4.40976
0.13  4.74162  0  3.88405  33.1349  0  26.461  4.74162
0.14  5.07246  0  4.14776  33.0336  0  26.2822  5.07246
0.15  5.4023  0  4.40969  32.9328  0  26.1042  5.4023
0.16  5.73112  0  4.66985  32.8328  0  25.927  5.73112
0.17  6.05895  0  4.92824  32.7333  0  25.7507  6.05895
0.18  6.38579  0  5.18487  32.6345  0  25.575  6.38579
0.19  6.71164  0  5.43974  32.5362  0  25.4002  6.71164
0.2  7.03652  0  5.69287  32.4386  0  25.2262  7.03652
0.21  7.36042  0  5.94427  32.3416  0  25.0529  7.36042
0.22  7.68335  0  6.19393  32.2452  0  24.8804  7.68335
0.23  8.00533  0  6.44188  32.1494  0  24.7086  8.00533
0.24  8.32634  0  6.68811  32.0542  0  24.5376  8.32634
0.25  8.64641  0  6.93263  31.9596  0  24.3673  8.64641
0.26  8.96554  0  7.17546  31.8656  0  24.1977  8.96554
0.27  9.28373  0  7.41659  31.7721  0  24.0289  9.28373
0.28  9.60098  0  7.65604  31.6792  0  23.8608  9.60098
0.29  9.91731  0  7.89381  31.5869  0  23.6934  9.91731
0.3  10.2327  0  8.1299  31.4951  0  23.5267  10.2327
0.31  10.5472  0  8.36434  31.4039  0  23.3607  10.5472
0.32  10.8608  0  8.59712  31.3132  0  23.1953  10.8608
0.33  11.1735  0  8.82825  31.223  0  23.0307  11.1735
0.34  11.4853  0  9.05774  31.1335  0  22.8668  11.4853
0.35  11.7962  0  9.28559  31.0444  0  22.7035  11.7962
0.36  12.1062  0  9.51181  30.9559  0  22.5409  12.1062
0.37  12.4153  0  9.73641  30.8678  0  22.3789  12.4153
0.38  12.7235  0  9.95939  30.7804  0  22.2177  12.7235
0.39  13.0309  0  10.1808  30.6934  0  22.057  13.0309
0.4  13.3374  0  10.4005  30.6069  0  21.897  13.3374
0.41  13.643  0  10.6187  30.521  0  21.7377  13.643
0.42  13.9478  0  10.8353  30.4355  0  21.5789  13.9478
0.43  14.2517  0  11.0503  30.3505  0  21.4208  14.2517
0.44  14.5548  0  11.2637  30.2661  0  21.2634  14.5548
0.45  14.8571  0  11.4756  30.1821  0  21.1065  14.8571
0.46  15.1585  0  11.6858  30.0986  0  20.9502  15.1585
0.47  15.459  0  11.8946  30.0156  0  20.7946  15.459
0.48  15.7588  0  12.1017  29.933  0  20.6395  15.7588
0.49  16.0577  0  12.3074  29.851  0  20.4851  16.0577
0.5  16.3558  0  12.5114  29.7694  0  20.3312  16.3558
0.51  16.6531  0  12.714  29.6882  0  20.1779  16.6531
0.52  16.9496  0  12.915  29.6075  0  20.0252  16.9496
0.53  17.2452  0  13.1145  29.5273  0  19.8731  17.2452
0.54  17.5401  0  13.3125  29.4475  0  19.7215  17.5401
0.55  17.8342  0  13.5089  29.3682  0  19.5705  17.8342
0.56  18.1275  0  13.7039  29.2893  0  19.4201  18.1275
0.57  18.42  0  13.8973  29.2109  0  19.2702  18.42
0.58  18.7117  0  14.0893  29.1329  0  19.1209  18.7117
0.59  19.0026  0  14.2797  29.0553  0  18.9721  19.0026
0.6  19.2928  0  14.4687  28.9781  0  18.8238  19.2928
0.61  19.5822  0  14.6562  28.9014  0  18.6761  19.5822
0.62  19.8708  0  14.8422  28.8251  0  18.5289  19.8708
0.63  20.1587  0  15.0268  28.7492  0  18.3823  20.1587
0.64  20.4458  0  15.2099  28.6737  0  18.2362  20.4458
0.65  20.7322  0  15.3915  28.5986  0  18.0905  20.7322
0.66  21.0178  0  15.5717  28.524  0  17.9454  21.0178
0.67  21.3027  0  15.7504  28.4497  0  17.8009  21.3027
0.68  21.5868  0  15.9277  28.3759  0  17.6568  21.5868
0.69  21.8702  0  16.1036  28.3024  0  17.5132  21.8702
0.7  22.1528  0  16.278  28.2293  0  17.3701  22.1528
0.71  22.4348  0  16.451  28.1566  0  17.2275  22.4348
0.72  22.716  0  16.6225  28.0843  0  17.0854  22.716
0.73  22.9964  0  16.7927  28.0124  0  16.9438  22.9964
0.74  23.2762  0  16.9614  27.9409  0  16.8026  23.2762
0.75  23.5553  0  17.1287  27.8697  0  16.6619  23.5553
0.76  23.8336  0  17.2947  27.7989  0  16.5218  23.8336
0.77  24.1112  0  17.4592  27.7285  0  16.382  24.1112
0.78  24.3882  0  17.6223  27.6585  0  16.2428  24.3882
0.79  24.6644  0  17.784  27.5888  0  16.104  24.6644
0.8  24.94  0  17.9444  27.5195  0  15.9656  24.94
0.81  25.2148  0  18.1033  27.4505  0  15.8277  25.2148
0.82  25.489  0  18.2609  27.3819  0  15.6903  25.489
0.83  25.7624  0  18.4172  27.3136  0  15.5533  25.7624
0.84  26.0352  0  18.572  27.2457  0  15.4168  26.0352
0.85  26.3074  0  18.7255  27.1782  0  15.2807  26.3074
0.86  26.5788  0  18.8776  27.111  0  15.145  26.5788
0.87  26.8496  0  19.0284  27.0441  0  15.0097  26.8496
0.88  27.1197  0  19.1778  26.9775  0  14.8749  27.1197
0.89  27.3891  0  19.3259  26.9113  0  14.7406  27.3891
0.9  27.6579  0  19.4726  26.8455  0  14.6066  27.6579
0.91  27.926  0  19.618  26.7799  0  14.4731  27.926
0.92  28.1935  0  19.7621  26.7147  0  14.3399  28.1935
0.93  28.4603  0  19.9048  26.6498  0  14.2072  28.4603
0.94  28.7265  0  20.0462  26.5852  0  14.0749  28.7265
0.95  28.992  0  20.1863  26.521  0  13.943  28.992
0.96  29.2569  0  20.3251  26.457  0  13.8115  29.2569
0.97  29.5212  0  20.4626  26.3934  0  13.6804  29.5212
0.98  29.7848  0  20.5987  26.3301  0  13.5497  29.7848
0.99  30.0478  0  20.7336  26.2671  0  13.4194  30.0478
1  30.3101  0  20.8671  26.2044  0  13.2895  30.3101
1.01  30.5719  0  20.9993  26.142  0  13.16  30.5719
1.02  30.833  0  21.1303  26.0799  0  13.0308  30.833
1.03  31.0935  0  21.26  26.0181  0  12.9021  31.0935
1.04  31.3534  0  21.3883  25.9566  0  12.7737  31.3534
1.05  31.6126  0  21.5154  25.8954  0  12.6457  31.6126
1.06  31.8713  0  21.6413  25.8345  0  12.5181  31.8713
1.07  32.1293  0  21.7658  25.7739  0  12.3908  32.1293
1.08  32.3867  0  21.8891  25.7135  0  12.2639  32.3867
1.09  32.6436  0  22.0111  25.6535  0  12.1374  32.6436
1.1  32.8998  0  22.1318  25.5937  0  12.0112  32.8998
1.11  33.1555  0  22.2513  25.5342  0  11.8854  33.1555
1.12  33.4105  0  22.3695  25.475  0  11.7599  33.4105
1.13  33.665  0  22.4865  25.4161  0  11.6349  33.665
1.14  33.9188  0  22.6022  25.3574  0  11.5101  33.9188
1.15  34.1721  0  22.7167  25.299  0  11.3857  34.1721
1.16  34.4248  0  22.8299  25.2409  0  11.2617  34.4248
1.17  34.6769  0  22.9419  25.183  0  11.138  34.6769
1.18  34.9285  0  23.0527  25.1254  0  11.0146  34.9285
1.19  35.1794  0  23.1622  25.0681  0  10.8916  35.1794
1.2  35.4298  0  23.2705  25.011  0  10.7689  35.4298
1.21  35.6797  0  23.3776  24.9542  0  10.6465  35.6797
1.22  35.9289  0  23.4835  24.8976  0  10.5245  35.9289
1.23  36.1776  0  23.5881  24.8413  0  10.4028  36.1776
1.24  36.4257  0  23.6915  24.7853  0  10.2815  36.4257
1.25  36.6733  0  23.7937  24.7294  0  10.1604  36.6733
1.26  36.9203  0  23.8947  24.6739  0  10.0397  36.9203
1.27  37.1668  0  23.9945  24.6186  0  9.9193  37.1668
1.28  37.4127  0  24.0931  24.5635  0  9.79922  37.4127
1.29  37.6581  0  24.1905  24.5087  0  9.67946  37.6581
1.3  37.9029  0  24.2867  24.4541  0  9.56001  37.9029
1.31  38.1471  0  24.3817  24.3997  0  9.44087  38.1471
1.32  38.3909  0  24.4755  24.3456  0  9.32204  38.3909
1.33  38.6341  0  24.5682  24.2917  0  9.20352  38.6341
1.34  38.8767  0  24.6596  24.2381  0  9.0853  38.8767
1.35  39.1188  0  24.7499  24.1847  0  8.96738  39.1188
1.36  39.3604  0  24.839  24.1315  0  8.84977  39.3604
1.37  39.6014  0  24.9269  24.0785  0  8.73245  39.6014
1.38  39.842  0  25.0136  24.0258  0  8.61543  39.842
1.39  40.082  0  25.0992  23.9733  0  8.49871  40.082
1.4  40.3214  0  25.1836  23.921  0  8.38228  40.3214
1.41  40.5604  0  25.2668  23.8689  0  8.26613  40.5604
1.42  40.7988  0  25.3489  23.817  0  8.15028  40.7988
1.43  41.0367  0  25.4298  23.7654  0  8.03472  41.0367
1.44  41.2741  0  25.5096  23.714  0  7.91943  41.2741
1.45  41.511  0  25.5882  23.6627  0  7.80444  41.511
1.46  41.7474  0  25.6657  23.6117  0  7.68972  41.7474
1.47  41.9832  0  25.742  23.5609  0  7.57528  41.9832
1.48  42.2186  0  25.8172  23.5103  0  7.46112  42.2186
1.49  42.4534  0  25.8912  23.46  0  7.34724  42.4534
1.5  42.6878  0  25.9641  23.4098  0  7.23363  42.6878
1.51  42.9216  0  26.0359  23.3598  0  7.12029  42.9216
1.52  43.155  0  26.1065  23.31  0  7.00722  43.155
1.53  43.3878  0  26.1761  23.2605  0  6.89442  43.3878
1.54  43.6202  0  26.2444  23.2111  0  6.78189  43.6202
1.55  43.8521  0  26.3117  23.1619  0  6.66962  43.8521
1.56  44.0834  0  26.3778  23.1129  0  6.55762  44.0834
1.57  44.3143  0  26.4428  23.0641  0  6.44588  44.3143
1.58  44.5447  0  26.5067  23.0155  0  6.3344  44.5447
1.59  44.7746  0  26.5695  22.9671  0  6.22318  44.7746
1.6  45.0041  0  26.6312  22.9189  0  6.11221  45.0041
1.61  45.233  0  26.6918  22.8708  0  6.0015  45.233
1.62  45.4615  0  26.7512  22.823  0  5.89105  45.4615
1.63  45.6895  0  26.8096  22.7753  0  5.78085  45.6895
1.64  45.917  0  26.8669  22.7278  0  5.67089  45.917
1.65  46.144  0  26.923  22.6805  0  5.56119  46.144
1.66  46.3706  0  26.9781  22.6334  0  5.45174  46.3706
1.67  46.5967  0  27.0321  22.5864  0  5.34253  46.5967
1.68  46.8223  0  27.0849  22.5396  0  5.23357  46.8223
1.69  47.0475  0  27.1367  22.493  0  5.12485  47.0475
1.7  47.2722  0  27.1874  22.4466  0  5.01637  47.2722
1.71  47.4964  0  27.2371  22.4004  0  4.90813  47.4964
1.72  47.7202  0  27.2856  22.3543  0  4.80014  47.7202
1.73  47.9435  0  27.3331  22.3084  0  4.69238  47.9435
1.74  48.1664  0  27.3794  22.2626  0  4.58486  48.1664
1.75  48.3888  0  27.4248  22.217  0  4.47757  48.3888
1.76  48.6107  0  27.469  22.1716  0  4.37052  48.6107
1.77  48.8322  0  27.5122  22.1264  0  4.2637  48.8322
1.78  49.0532  0  27.5543  22.0813  0  4.15711  49.0532
1.79  49.2738  0  27.5953  22.0363  0  4.05075  49.2738
1.8  49.494  0  27.6353  21.9916  0  3.94462  49.494
1.81  49.7137  0  27.6742  21.947  0  3.83872  49.7137
1.82  49.9329  0  27.7121  21.9025  0  3.73304  49.9329
1.83  50.1517  0  27.7489  21.8582  0  3.62759  50.1517
1.84  50.3701  0  27.7846  21.8141  0  3.52236  50.3701
1.85  50.588  0  27.8193  21.7701  0  3.41736  50.588
1.86  50.8055  0  27.853  21.7262  0  3.31258  50.8055
1.87  51.0225  0  27.8856  21.6826  0  3.20802  51.0225
1.88  51.2391  0  27.9171  21.639  0  3.10367  51.2391
1.89  51.4553  0  27.9476  21.5956  0  2.99955  51.4553
1.9  51.671  0  27.9771  21.5524  0  2.89564  51.671
1.91  51.8863  0  28.0056  21.5093  0  2.79195  51.8863
1.92  52.1012  0  28.033  21.4664  0  2.68847  52.1012
1.93  52.3157  0  28.0593  21.4235  0  2.58521  52.3157
1.94  52.5297  0  28.0847  21.3809  0  2.48216  52.5297
1.95  52.7433  0  28.109  21.3384  0  2.37932  52.7433
1.96  52.9565  0  28.1322  21.296  0  2.27669  52.9565
1.97  53.1692  0  28.1545  21.2537  0  2.17427  53.1692
1.98  53.3815  0  28.1757  21.2116  0  2.07206  53.3815
1.99  53.5934  0  28.1959  21.1697  0  1.97006  53.5934
2  53.8049  0  28.2151  21.1278  0  1.86826  53.8049
2.01  54.016  0  28.2333  21.0861  0  1.76667  54.016
2.02  54.2267  0  28.2505  21.0446  0  1.66529  54.2267
2.03  54.4369  0  28.2666  21.0031  0  1.5641  54.4369
2.04  54.6467  0  28.2818  20.9618  0  1.46312  54.6467
2.05  54.8561  0  28.2959  20.9207  0  1.36235  54.8561
2.06  55.0651  0  28.309  20.8796  0  1.26177  55.0651
2.07  55.2737  0  28.3211  20.8387  0  1.16139  55.2737
2.08  55.4819  0  28.3322  20.7979  0  1.06122  55.4819
2.09  55.6897  0  28.3423  20.7572  0  0.961237  55.6897
2.1  55.897  0  28.3515  20.7167  0  0.861455  55.897
2.11  56.104  0  28.3596  20.6763  0  0.76187  56.104
2.12  56.3106  0  28.3667  20.636  0  0.662481  56.3106
2.13  56.5167  0  28.3728  20.5958  0  0.563287  56.5167
2.14  56.7225  0  28.378  20.5558  0  0.464287  56.7225
2.15  56.9278  0  28.3821  20.5159  0  0.36548  56.9278
2.16  57.1328  0  28.3853  20.476  0  0.266866  57.1328
2.17  57.3374  0  28.3874  20.4363  0  0.168444  57.3374
2.18  57.5415  0  28.3886  20.3968  0  0.0702123  57.5415
2.19  57.7453  0  28.3889  20.3573  0  -0.0278287  57.7453
2.2  57.9487  0  28.3881  20.318  0  -0.12568  57.9487
2.21  58.1517  0  28.3863  20.2787  0  -0.223343  58.1517
2.22  58.3543  0  28.3836  20.2396  0  -0.320817  58.3543
2.23  58.5565  0  28.3799  20.2006  0  -0.418105  58.5565
2.24  58.7583  0  28.3753  20.1617  0  -0.515205  58.7583
2.25  58.9597  0  28.3696  20.1229  0  -0.61212  58.9597
2.26  59.1607  0  28.363  20.0842  0  -0.708849  59.1607
2.27  59.3614  0  28.3554  20.0457  0  -0.805393  59.3614
2.28  59.5616  0  28.3469  20.0072  0  -0.901754  59.5616
2.29  59.7615  0  28.3374  19.9688  0  -0.997931  59.7615
2.3  59.961  0  28.3269  19.9306  0  -1.09393  59.961
2.31  60.1601  0  28.3155  19.8924  0  -1.18974  60.1601
2.32  60.3589  0  28.3032  19.8544  0  -1.28537  60.3589
2.33  60.5572  0  28.2898  19.8164  0  -1.38082  60.5572
2.34  60.7552  0  28.2755  19.7786  0  -1.47609  60.7552
2.35  60.9528  0  28.2603  19.7409  0  -1.57118  60.9528
2.36  61.15  0  28.2441  19.7032  0  -1.66609  61.15
2.37  61.3469  0  28.227  19.6657  0  -1.76082  61.3469
2.38  61.5433  0  28.2089  19.6282  0  -1.85538  61.5433
2.39  61.7394  0  28.1899  19.5909  0  -1.94975  61.7394
2.4  61.9351  0  28.1699  19.5536  0  -2.04395  61.9351
2.41  62.1305  0  28.149  19.5165  0  -2.13798  62.1305
2.42  62.3255  0  28.1271  19.4794  0  -2.23182  62.3255
2.43  62.5201  0  28.1044  19.4425  0  -2.3255  62.5201
2.44  62.7143  0  28.0806  19.4056  0  -2.41899  62.7143
2.45  62.9082  0  28.056  19.3688  0  -2.51232  62.9082
2.46  63.1017  0  28.0304  19.3322  0  -2.60546  63.1017
2.47  63.2948  0  28.0039  19.2956  0  -2.69844  63.2948
2.48  63.4876  0  27.9764  19.2591  0  -2.79124  63.4876
2.49  63.68  0  27.948  19.2226  0  -2.88387  63.68
2.5  63.8721  0  27.9187  19.1863  0  -2.97633  63.8721
2.51  64.0638  0  27.8885  19.1501  0  -3.06862  64.0638
2.52  64.2551  0  27.8574  19.1139  0  -3.16073  64.2551
2.53  64.446  0  27.8253  19.0779  0  -3.25268  64.446
2.54  64.6366  0  27.7923  19.0419  0  -3.34445  64.6366
2.55  64.8269  0  27.7584  19.006  0  -3.43606  64.8269
2.56  65.0167  0  27.7236  18.9702  0  -3.52749  65.0167
2.57  65.2063  0  27.6879  18.9345  0  -3.61876  65.2063
2.58  65.3954  0  27.6512  18.8989  0  -3.70985  65.3954
2.59  65.5842  0  27.6137  18.8633  0  -3.80078  65.5842
2.6  65.7727  0  27.5752  18.8278  0  -3.89154  65.7727
2.61  65.9608  0  27.5358  18.7924  0  -3.98213  65.9608
2.62  66.1486  0  27.4956  18.7571  0  -4.07256  66.1486
2.63  66.3359  0  27.4544  18.7219  0  -4.16282  66.3359
2.64  66.523  0  27.4123  18.6867  0  -4.25291  66.523
2.65  66.7097  0  27.3693  18.6517  0  -4.34283  66.7097
2.66  66.896  0  27.3255  18.6167  0  -4.43259  66.896
2.67  67.082  0  27.2807  18.5817  0  -4.52219  67.082
2.68  67.2677  0  27.235  18.5469  0  -4.61161  67.2677
2.69  67.453  0  27.1885  18.5121  0  -4.70088  67.453
2.7  67.6379  0  27.141  18.4774  0  -4.78998  67.6379
2.71  67.8225  0  27.0927  18.4428  0  -4.87891  67.8225
2.72  68.0068  0  27.0434  18.4083  0  -4.96768  68.0068
2.73  68.1907  0  26.9933  18.3738  0  -5.05628  68.1907
2.74  68.3742  0  26.9423  18.3394  0  -5.14473  68.3742
2.75  68.5575  0  26.8904  18.3051  0  -5.23301  68.5575
2.76  68.7403  0  26.8376  18.2708  0  -5.32112  68.7403
2.77  68.9229  0  26.784  18.2366  0  -5.40907  68.9229
2.78  69.1051  0  26.7295  18.2025  0  -5.49686  69.1051
2.79  69.2869  0  26.674  18.1685  0  -5.58449  69.2869
2.8  69.4684  0  26.6178  18.1345  0  -5.67196  69.4684
2.81  69.6496  0  26.5606  18.1006  0  -5.75926  69.6496
2.82  69.8305  0  26.5026  18.0668  0  -5.8464  69.8305
2.83  70.011  0  26.4437  18.033  0  -5.93338  70.011
2.84  70.1911  0  26.3839  17.9993  0  -6.0202  70.1911
2.85  70.3709  0  26.3233  17.9657  0  -6.10686  70.3709
2.86  70.5504  0  26.2618  17.9321  0  -6.19336  70.5504
2.87  70.7296  0  26.1994  17.8986  0  -6.27969  70.7296
2.88  70.9084  0  26.1362  17.8651  0  -6.36587  70.9084
2.89  71.0869  0  26.0721  17.8318  0  -6.45189  71.0869
2.9  71.265  0  26.0071  17.7984  0  -6.53774  71.265
2.91  71.4429  0  25.9413  17.7652  0  -6.62344  71.4429
2.92  71.6203  0  25.8747  17.732  0  -6.70897  71.6203
2.93  71.7975  0  25.8072  17.6989  0  -6.79435  71.7975
2.94  71.9743  0  25.7388  17.6658  0  -6.87957  71.9743
2.95  72.1508  0  25.6696  17.6328  0  -6.96462  72.1508
2.96  72.327  0  25.5995  17.5999  0  -7.04952  72.327
2.97  72.5028  0  25.5286  17.567  0  -7.13426  72.5028
2.98  72.6783  0  25.4568  17.5342  0  -7.21884  72.6783
2.99  72.8535  0  25.3842  17.5014  0  -7.30326  72.8535
3  73.0283  0  25.3107  17.4687  0  -7.38752  73.0283
3.01  73.2029  0  25.2365  17.4361  0  -7.47163  73.2029
3.02  73.3771  0  25.1613  17.4035  0  -7.55558  73.3771
3.03  73.5509  0  25.0853  17.371  0  -7.63936  73.5509
3.04  73.7245  0  25.0085  17.3385  0  -7.72299  73.7245
3.05  73.8977  0  24.9309  17.3061  0  -7.80646  73.8977
3.06  74.0706  0  24.8524  17.2737  0  -7.88978  74.0706
3.07  74.2432  0  24.7731  17.2414  0  -7.97293  74.2432
3.08  74.4154  0  24.6929  17.2092  0  -8.05593  74.4154
3.09  74.5874  0  24.612  17.177  0  -8.13877  74.5874
3.1  74.759  0  24.5302  17.1449  0  -8.22145  74.759
3.11  74.9303  0  24.4475  17.1128  0  -8.30398  74.9303
3.12  75.1012  0  24.3641  17.0808  0  -8.38635  75.1012
3.13  75.2719  0  24.2798  17.0488  0  -8.46856  75.2719
3.14  75.4422  0  24.1947  17.0169  0  -8.55061  75.4422
3.15  75.6122  0  24.1088  16.985  0  -8.63251  75.6122
3.16  75.7819  0  24.0221  16.9532  0  -8.71425  75.7819
3.17  75.9513  0  23.9345  16.9214  0  -8.79583  75.9513
3.18  76.1203  0  23.8462  16.8897  0  -8.87725  76.1203
3.19  76.2891  0  23.757  16.8581  0  -8.95852  76.2891
3.2  76.4575  0  23.667  16.8265  0  -9.03963  76.4575
3.21  76.6256  0  23.5762  16.7949  0  -9.12059  76.6256
3.22  76.7934  0  23.4846  16.7634  0  -9.20139  76.7934
3.23  76.9609  0  23.3922  16.7319  0  -9.28203  76.9609
3.24  77.128  0  23.2989  16.7005  0  -9.36251  77.128
3.25  77.2949  0  23.2049  16.6692  0  -9.44284  77.2949
3.26  77.4614  0  23.1101  16.6379  0  -9.52301  77.4614
3.27  77.6276  0  23.0144  16.6066  0  -9.60303  77.6276
3.28  77.7936  0  22.918  16.5754  0  -9.68289  77.7936
3.29  77.9592  0  22.8208  16.5442  0  -9.76259  77.9592
3.3  78.1244  0  22.7228  16.5131  0  -9.84213  78.1244
3.31  78.2894  0  22.6239  16.482  0  -9.92152  78.2894
3.32  78.4541  0  22.5243  16.451  0  -10.0008  78.4541
3.33  78.6184  0  22.4239  16.42  0  -10.0798  78.6184
3.34  78.7825  0  22.3227  16.3891  0  -10.1588  78.7825
3.35  78.9462  0  22.2208  16.3582  0  -10.2375  78.9462
3.36  79.1096  0  22.118  16.3274  0  -10.3161  79.1096
3.37  79.2728  0  22.0144  16.2966  0  -10.3946  79.2728
3.38  79.4356  0  21.9101  16.2659  0  -10.4729  79.4356
3.39  79.5981  0  21.805  16.2352  0  -10.551  79.5981
3.4  79.7603  0  21.6991  16.2045  0  -10.629  79.7603
3.41  79.9222  0  21.5924  16.1739  0  -10.7068  79.9222
3.42  80.0838  0  21.4849  16.1433  0  -10.7845  80.0838
3.43  80.245  0  21.3767  16.1128  0  -10.862  80.245
3.44  80.406  0  21.2677  16.0823  0  -10.9394  80.406
3.45  80.5667  0  21.1579  16.0519  0  -11.0166  80.5667
3.46  80.7271  0  21.0474  16.0215  0  -11.0936  80.7271
3.47  80.8871  0  20.9361  15.9911  0  -11.1705  80.8871
3.48  81.0469  0  20.824  15.9608  0  -11.2472  81.0469
3.49  81.2063  0  20.7111  15.9305  0  -11.3238  81.2063
3.5  81.3655  0  20.5975  15.9003  0  -11.4002  81.3655
3.51  81.5243  0  20.4831  15.8701  0  -11.4765  81.5243
3.52  81.6829  0  20.368  15.84  0  -11.5526  81.6829
3.53  81.8411  0  20.252  15.8099  0  -11.6286  81.8411
3.54  81.9991  0  20.1354  15.7798  0  -11.7044  81.9991
3.55  82.1567  0  20.018  15.7498  0  -11.78  82.1567
3.56  82.3141  0  19.8998  15.7198  0  -11.8555  82.3141
3.57  82.4711  0  19.7809  15.6899  0  -11.9308  82.4711
3.58  82.6279  0  19.6612  15.66  0  -12.006  82.6279
3.59  82.7843  0  19.5407  15.6301  0  -12.081  82.7843
3.6  82.9405  0  19.4195  15.6003  0  -12.1559  82.9405
3.61  83.0963  0  19.2976  15.5706  0  -12.2306  83.0963
3.62  83.2519  0  19.1749  15.5408  0  -12.3051  83.2519
3.63  83.4072  0  19.0515  15.5111  0  -12.3795  83.4072
3.64  83.5621  0  18.9273  15.4815  0  -12.4538  83.5621
3.65  83.7168  0  18.8024  15.4518  0  -12.5278  83.7168
3.66  83.8712  0  18.6768  15.4223  0  -12.6018  83.8712
3.67  84.0252  0  18.5504  15.3927  0  -12.6755  84.0252
3.68  84.179  0  18.4233  15.3632  0  -12.7491  84.179
3.69  84.3325  0  18.2954  15.3337  0  -12.8226  84.3325
3.7  84.4857  0  18.1668  15.3043  0  -12.8959  84.4857
3.71  84.6386  0  18.0375  15.2749  0  -12.969  84.6386
3.72  84.7912  0  17.9075  15.2456  0  -13.042  84.7912
3.73  84.9435  0  17.7767  15.2163  0  -13.1148  84.9435
3.74  85.0955  0  17.6452  15.187  0  -13.1875  85.0955
3.75  85.2472  0  17.5129  15.1578  0  -13.26  85.2472
3.76  85.3987  0  17.38  15.1285  0  -13.3324  85.3987
3.77  85.5498  0  17.2463  15.0994  0  -13.4046  85.5498
3.78  85.7006  0  17.1119  15.0703  0  -13.4766  85.7006
3.79  85.8512  0  16.9767  15.0412  0  -13.5485  85.8512
3.8  86.0015  0  16.8409  15.0121  0  -13.6203  86.0015
3.81  86.1514  0  16.7043  14.9831  0  -13.6918  86.1514
3.82  86.3011  0  16.5671  14.9541  0  -13.7633  86.3011
3.83  86.4505  0  16.4291  14.9252  0  -13.8345  86.4505
3.84  86.5996  0  16.2904  14.8963  0  -13.9056  86.5996
3.85  86.7485  0  16.151  14.8674  0  -13.9766  86.7485
3.86  86.897  0  16.0108  14.8385  0  -14.0474  86.897
3.87  87.0452  0  15.87  14.8097  0  -14.118  87.0452
3.88  87.1932  0  15.7285  14.781  0  -14.1885  87.1932
3.89  87.3408  0  15.5862  14.7523  0  -14.2588  87.3408
3.9  87.4882  0  15.4433  14.7236  0  -14.329  87.4882
3.91  87.6353  0  15.2997  14.6949  0  -14.399  87.6353
3.92  87.7821  0  15.1553  14.6663  0  -14.4689  87.7821
3.93  87.9286  0  15.0103  14.6377  0  -14.5386  87.9286
3.94  88.0749  0  14.8645  14.6091  0  -14.6081  88.0749
3.95  88.2208  0  14.7181  14.5806  0  -14.6775  88.2208
3.96  88.3665  0  14.571  14.5521  0  -14.7467  88.3665
3.97  88.5119  0  14.4232  14.5237  0  -14.8158  88.5119
3.98  88.657  0  14.2747  14.4953  0  -14.8847  88.657
3.99  88.8018  0  14.1255  14.4669  0  -14.9535  88.8018
4  88.9463  0  13.9756  14.4385  0  -15.0221  88.9463
4.01  89.0905  0  13.8251  14.4102  0  -15.0905  89.0905
4.02  89.2345  0  13.6738  14.3819  0  -15.1588  89.2345
4.03  89.3782  0  13.5219  14.3537  0  -15.227  89.3782
4.04  89.5216  0  13.3693  14.3255  0  -15.2949  89.5216
4.05  89.6647  0  13.216  14.2973  0  -15.3628  89.6647
4.06  89.8075  0  13.062  14.2692  0  -15.4304  89.8075
4.07  89.9501  0  12.9074  14.2411  0  -15.4979  89.9501
4.08  90.0923  0  12.7521  14.213  0  -15.5653  90.0923
4.09  90.2343  0  12.5961  14.1849  0  -15.6325  90.2343
4.1  90.376  0  12.4394  14.1569  0  -15.6995  90.376
4.11  90.5175  0  12.2821  14.129  0  -15.7664  90.5175
4.12  90.6586  0  12.1241  14.101  0  -15.8331  90.6586
4.13  90.7995  0  11.9654  14.0731  0  -15.8997  90.7995
4.14  90.9401  0  11.8061  14.0452  0  -15.9661  90.9401
4.15  91.0804  0  11.6461  14.0174  0  -16.0324  91.0804
4.16  91.2204  0  11.4854  13.9896  0  -16.0985  91.2204
4.17  91.3602  0  11.3241  13.9618  0  -16.1644  91.3602
4.18  91.4997  0  11.1621  13.9341  0  -16.2302  91.4997
4.19  91.6389  0  10.9995  13.9064  0  -16.2958  91.6389
4.2  91.7778  0  10.8362  13.8787  0  -16.3613  91.7778
4.21  91.9164  0  10.6723  13.8511  0  -16.4266  91.9164
4.22  92.0548  0  10.5077  13.8234  0  -16.4918  92.0548
4.23  92.1929  0  10.3425  13.7959  0  -16.5568  92.1929
4.24  92.3307  0  10.1766  13.7683  0  -16.6216  92.3307
4.25  92.4683  0  10.01  13.7408  0  -16.6863  92.4683
4.26  92.6056  0  9.84284  13.7133  0  -16.7508  92.6056
4.27  92.7426  0  9.67501  13.6859  0  -16.8152  92.7426
4.28  92.8793  0  9.50654  13.6585  0  -16.8794  92.8793
4.29  93.0157  0  9.33742  13.6311  0  -16.9435  93.0157
4.3  93.1519  0  9.16767  13.6038  0  -17.0074  93.1519
4.31  93.2878  0  8.99728  13.5764  0  -17.0712  93.2878
4.32  93.4234  0  8.82625  13.5492  0  -17.1348  93.4234
4.33  93.5588  0  8.65458  13.5219  0  -17.1982  93.5588
4.34  93.6939  0  8.48228  13.4947  0  -17.2615  93.6939
4.35  93.8287  0  8.30935  13.4675  0  -17.3246  93.8287
4.36  93.9632  0  8.13579  13.4404  0  -17.3876  93.9632
4.37  94.0975  0  7.9616  13.4132  0  -17.4504  94.0975
4.38  94.2315  0  7.78678  13.3862  0  -17.5131  94.2315
4.39  94.3652  0  7.61134  13.3591  0  -17.5756  94.3652
4.4  94.4987  0  7.43527  13.3321  0  -17.6379  94.4987
4.41  94.6318  0  7.25858  13.3051  0  -17.7001  94.6318
4.42  94.7648  0  7.08127  13.2781  0  -17.7622  94.7648
4.43  94.8974  0  6.90334  13.2512  0  -17.824  94.8974
4.44  95.0298  0  6.72479  13.2243  0  -17.8858  95.0298
4.45  95.1619  0  6.54562  13.1975  0  -17.9473  95.1619
4.46  95.2937  0  6.36584  13.1706  0  -18.0088  95.2937
4.47  95.4253  0  6.18545  13.1438  0  -18.07  95.4253
4.48  95.5566  0  6.00444  13.1171  0  -18.1311  95.5566
4.49  95.6877  0  5.82283  13.0903  0  -18.1921  95.6877
4.5  95.8184  0  5.6406  13.0636  0  -18.2529  95.8184
4.51  95.9489  0  5.45777  13.037  0  -18.3135  95.9489
4.52  96.0792  0  5.27433  13.0103  0  -18.374  96.0792
4.53  96.2091  0  5.09029  12.9837  0  -18.4343  96.2091
4.54  96.3388  0  4.90565  12.9572  0  -18.4945  96.3388
4.55  96.4683  0  4.7204  12.9306  0  -18.5545  96.4683
4.56  96.5974  0  4.53456  12.9041  0  -18.6144  96.5974
4.57  96.7264  0  4.34812  12.8776  0  -18.6741  96.7264
4.58  96.855  0  4.16108  12.8512  0  -18.7336  96.855
4.59  96.9834  0  3.97344  12.8248  0  -18.793  96.9834
4.6  97.1115  0  3.78522  12.7984  0  -18.8523  97.1115
4.61  97.2393  0  3.5964  12.7721  0  -18.9114  97.2393
4.62  97.3669  0  3.40699  12.7458  0  -18.9703  97.3669
4.63  97.4943  0  3.21699  12.7195  0  -19.0291  97.4943
4.64  97.6213  0  3.02641  12.6932  0  -19.0877  97.6213
4.65  97.7481  0  2.83524  12.667  0  -19.1462  97.7481
4.66  97.8747  0  2.64348  12.6408  0  -19.2045  97.8747
4.67  98.0009  0  2.45115  12.6147  0  -19.2627  98.0009
4.68  98.127  0  2.25823  12.5885  0  -19.3207  98.127
4.69  98.2527  0  2.06473  12.5625  0  -19.3786  98.2527
4.7  98.3782  0  1.87066  12.5364  0  -19.4363  98.3782
4.71  98.5034  0  1.67601  12.5104  0  -19.4938  98.5034
4.72  98.6284  0  1.48078  12.4844  0  -19.5512  98.6284
4.73  98.7531  0  1.28499  12.4584  0  -19.6085  98.7531
4.74  98.8776  0  1.08861  12.4325  0  -19.6656  98.8776
4.75  99.0018  0  0.891675  12.4066  0  -19.7225  99.0018
4.76  99.1257  0  0.694166  12.3807  0  -19.7793  99.1257
4.77  99.2494  0  0.49609  12.3549  0  -19.8359  99.2494
4.78  99.3728  0  0.297448  12.3291  0  -19.8924  99.3728
4.79  99.496  0  0.0982423  12.3033  0  -19.9487  99.496
4.8  99.6189  0  -0.101526  12.2776  0  -20.0049  99.6189
