t  x  y  z  vx  vy  vz  range
0  0  0  0  22.6  0  39.1443  0
0  0.225725  0  0.390477  22.545  0  38.9513  0.225725
0.01  0.450902  0  0.779028  22.4904  0  38.7591  0.450902
0.02  0.675535  0  1.16566  22.4362  0  38.5678  0.675535
0.03  0.899628  0  1.55039  22.3824  0  38.3773  0.899628
0.04  1.12318  0  1.93321  22.3289  0  38.1877  1.12318
0.05  1.34621  0  2.31414  22.2757  0  37.9989  1.34621
0.06  1.5687  0  2.69319  22.223  0  37.811  1.5687
0.07  1.79067  0  3.07037  22.1705  0  37.6239  1.79067
0.08  2.01211  0  3.44567  22.1185  0  37.4377  2.01211
0.09  2.23304  0  3.81912  22.0667  0  37.2522  2.23304
0.1  2.45345  0  4.19072  22.0154  0  37.0676  2.45345
0.11  2.67335  0  4.56048  21.9643  0  36.8838  2.67335
0.12  2.89274  0  4.9284  21.9136  0  36.7007  2.89274
0.13  3.11162  0  5.29449  21.8632  0  36.5185  3.11162
0.14  3.33  0  5.65877  21.8132  0  36.337  3.33
0.15  3.54788  0  6.02124  21.7635  0  36.1563  3.54788
0.16  3.76527  0  6.3819  21.7141  0  35.9764  3.76527
0.17  3.98217  0  6.74077  21.665  0  35.7972  3.98217
0.18  4.19857  0  7.09785  21.6163  0  35.6188  4.19857
0.19  4.41449  0  7.45315  21.5679  0  35.4411  4.41449
0.2  4.62993  0  7.80667  21.5198  0  35.2642  4.62993
0.21  4.84489  0  8.15843  21.472  0  35.0879  4.84489
0.22  5.05937  0  8.50843  21.4245  0  34.9125  5.05937
0.23  5.27338  0  8.85668  21.3773  0  34.7377  5.27338
0.24  5.48692  0  9.20319  21.3304  0  34.5636  5.48692
0.25  5.69999  0  9.54796  21.2839  0  34.3903  5.69999
0.26  5.9126  0  9.891  21.2376  0  34.2176  5.9126
0.27  6.12474  0  10.2323  21.1916  0  34.0457  6.12474
0.28  6.33643  0  10.5719  21.146  0  33.8744  6.33643
0.29  6.54766  0  10.9098  21.1006  0  33.7038  6.54766
0.3  6.75844  0  11.246  21.0555  0  33.5339  6.75844
0.31  6.96877  0  11.5805  21.0107  0  33.3646  6.96877
0.32  7.17866  0  11.9133  20.9662  0  33.196  7.17866
0.33  7.3881  0  12.2444  20.9219  0  33.0281  7.3881
0.34  7.5971  0  12.5738  20.878  0  32.8608  7.5971
0.35  7.80566  0  12.9016  20.8343  0  32.6942  7.80566
0.36  8.01378  0  13.2277  20.7909  0  32.5282  8.01378
0.37  8.22148  0  13.5522  20.7478  0  32.3628  8.22148
0.38  8.42874  0  13.875  20.7049  0  32.1981  8.42874
0.39  8.63558  0  14.1962  20.6623  0  32.0339  8.63558
0.4  8.84199  0  14.5157  20.62  0  31.8704  8.84199
0.41  9.04798  0  14.8336  20.578  0  31.7075  9.04798
0.42  9.25355  0  15.1498  20.5362  0  31.5452  9.25355
0.43  9.4587  0  15.4645  20.4946  0  31.3836  9.4587
0.44  9.66344  0  15.7775  20.4534  0  31.2225  9.66344
0.45  9.86777  0  16.0889  20.4124  0  31.062  9.86777
0.46  10.0717  0  16.3987  20.3716  0  30.902  10.0717
0.47  10.2752  0  16.707  20.3311  0  30.7427  10.2752
0.48  10.4783  0  17.0136  20.2909  0  30.5839  10.4783
0.49  10.681  0  17.3186  20.2509  0  30.4258  10.681
0.5  10.8833  0  17.6221  20.2111  0  30.2681  10.8833
0.51  11.0852  0  17.924  20.1716  0  30.1111  11.0852
0.52  11.2868  0  18.2243  20.1324  0  29.9545  11.2868
0.53  11.4879  0  18.5231  20.0933  0  29.7986  11.4879
0.54  11.6886  0  18.8203  20.0546  0  29.6432  11.6886
0.55  11.889  0  19.116  20.016  0  29.4883  11.889
0.56  12.089  0  19.4101  19.9777  0  29.334  12.089
0.57  12.2885  0  19.7026  19.9396  0  29.1801  12.2885
0.58  12.4877  0  19.9937  19.9018  0  29.0269  12.4877
0.59  12.6866  0  20.2832  19.8642  0  28.8741  12.6866
0.6  12.885  0  20.5712  19.8268  0  28.7219  12.885
0.61  13.0831  0  20.8576  19.7897  0  28.5701  13.0831
0.62  13.2808  0  21.1426  19.7527  0  28.4189  13.2808
0.63  13.4782  0  21.426  19.716  0  28.2682  13.4782
0.64  13.6751  0  21.7079  19.6796  0  28.118  13.6751
0.65  13.8718  0  21.9884  19.6433  0  27.9683  13.8718
0.66  14.068  0  22.2673  19.6073  0  27.8191  14.068
0.67  14.2639  0  22.5448  19.5714  0  27.6703  14.2639
0.68  14.4594  0  22.8207  19.5358  0  27.5221  14.4594
0.69  14.6546  0  23.0952  19.5004  0  27.3743  14.6546
0.7  14.8495  0  23.3682  19.4653  0  27.227  14.8495
0.71  15.0439  0  23.6397  19.4303  0  27.0802  15.0439
0.72  15.2381  0  23.9098  19.3955  0  26.9338  15.2381
0.73  15.4318  0  24.1784  19.361  0  26.7879  15.4318
0.74  15.6253  0  24.4456  19.3266  0  26.6425  15.6253
0.75  15.8184  0  24.7113  19.2925  0  26.4975  15.8184
0.76  16.0111  0  24.9755  19.2586  0  26.353  16.0111
0.77  16.2035  0  25.2383  19.2248  0  26.2089  16.2035
0.78  16.3956  0  25.4997  19.1913  0  26.0653  16.3956
0.79  16.5874  0  25.7596  19.158  0  25.9221  16.5874
0.8  16.7788  0  26.0181  19.1248  0  25.7794  16.7788
0.81  16.9699  0  26.2752  19.0919  0  25.6371  16.9699
0.82  17.1606  0  26.5309  19.0591  0  25.4952  17.1606
0.83  17.3511  0  26.7851  19.0266  0  25.3537  17.3511
0.84  17.5412  0  27.038  18.9942  0  25.2127  17.5412
0.85  17.7309  0  27.2894  18.9621  0  25.072  17.7309
0.86  17.9204  0  27.5394  18.9301  0  24.9318  17.9204
0.87  18.1095  0  27.788  18.8983  0  24.7921  18.1095
0.88  18.2984  0  28.0352  18.8667  0  24.6527  18.2984
0.89  18.4869  0  28.2811  18.8353  0  24.5137  18.4869
0.9  18.6751  0  28.5255  18.804  0  24.3751  18.6751
0.91  18.863  0  28.7686  18.773  0  24.237  18.863
0.92  19.0505  0  29.0103  18.7421  0  24.0992  19.0505
0.93  19.2378  0  29.2506  18.7114  0  23.9618  19.2378
0.94  19.4248  0  29.4895  18.6809  0  23.8248  19.4248
0.95  19.6114  0  29.7271  18.6506  0  23.6882  19.6114
0.96  19.7978  0  29.9633  18.6204  0  23.552  19.7978
0.97  19.9838  0  30.1981  18.5904  0  23.4161  19.9838
0.98  20.1696  0  30.4316  18.5606  0  23.2806  20.1696
0.99  20.355  0  30.6637  18.531  0  23.1455  20.355
1  20.5402  0  30.8945  18.5015  0  23.0108  20.5402
1.01  20.7251  0  31.1239  18.4722  0  22.8765  20.7251
1.02  20.9096  0  31.352  18.4431  0  22.7425  20.9096
1.03  21.0939  0  31.5788  18.4141  0  22.6088  21.0939
1.04  21.2779  0  31.8042  18.3853  0  22.4755  21.2779
1.05  21.4616  0  32.0283  18.3567  0  22.3426  21.4616
1.06  21.6451  0  32.2511  18.3282  0  22.2101  21.6451
1.07  21.8282  0  32.4725  18.2999  0  22.0778  21.8282
1.08  22.0111  0  32.6926  18.2718  0  21.946  22.0111
1.09  22.1936  0  32.9114  18.2438  0  21.8144  22.1936
1.1  22.3759  0  33.1289  18.216  0  21.6832  22.3759
1.11  22.558  0  33.3451  18.1883  0  21.5524  22.558
1.12  22.7397  0  33.56  18.1608  0  21.4219  22.7397
1.13  22.9212  0  33.7735  18.1335  0  21.2917  22.9212
1.14  23.1024  0  33.9858  18.1063  0  21.1618  23.1024
1.15  23.2833  0  34.1968  18.0793  0  21.0323  23.2833
1.16  23.464  0  34.4064  18.0524  0  20.9031  23.464
1.17  23.6443  0  34.6148  18.0256  0  20.7742  23.6443
1.18  23.8245  0  34.8219  17.9991  0  20.6457  23.8245
1.19  24.0043  0  35.0277  17.9726  0  20.5174  24.0043
1.2  24.1839  0  35.2323  17.9464  0  20.3895  24.1839
1.21  24.3633  0  35.4355  17.9202  0  20.2619  24.3633
1.22  24.5423  0  35.6375  17.8942  0  20.1346  24.5423
1.23  24.7211  0  35.8382  17.8684  0  20.0076  24.7211
1.24  24.8997  0  36.0377  17.8427  0  19.8809  24.8997
1.25  25.078  0  36.2358  17.8172  0  19.7545  25.078
1.26  25.256  0  36.4328  17.7918  0  19.6284  25.256
1.27  25.4338  0  36.6284  17.7665  0  19.5026  25.4338
1.28  25.6114  0  36.8228  17.7414  0  19.3771  25.6114
1.29  25.7887  0  37.016  17.7164  0  19.2519  25.7887
1.3  25.9657  0  37.2078  17.6915  0  19.1269  25.9657
1.31  26.1425  0  37.3985  17.6668  0  19.0023  26.1425
1.32  26.319  0  37.5879  17.6423  0  18.8779  26.319
1.33  26.4953  0  37.7761  17.6178  0  18.7539  26.4953
1.34  26.6714  0  37.963  17.5935  0  18.6301  26.6714
1.35  26.8472  0  38.1487  17.5694  0  18.5066  26.8472
1.36  27.0228  0  38.3331  17.5454  0  18.3833  27.0228
1.37  27.1981  0  38.5163  17.5215  0  18.2603  27.1981
1.38  27.3732  0  38.6983  17.4977  0  18.1376  27.3732
1.39  27.5481  0  38.8791  17.4741  0  18.0152  27.5481
1.4  27.7227  0  39.0586  17.4506  0  17.8931  27.7227
1.41  27.8971  0  39.2369  17.4272  0  17.7712  27.8971
1.42  28.0712  0  39.414  17.404  0  17.6495  28.0712
1.43  28.2452  0  39.5899  17.3808  0  17.5281  28.2452
1.44  28.4189  0  39.7646  17.3579  0  17.407  28.4189
1.45  28.5923  0  39.9381  17.335  0  17.2862  28.5923
1.46  28.7656  0  40.1103  17.3122  0  17.1656  28.7656
1.47  28.9386  0  40.2814  17.2896  0  17.0452  28.9386
1.48  29.1113  0  40.4512  17.2671  0  16.9251  29.1113
1.49  29.2839  0  40.6199  17.2448  0  16.8052  29.2839
1.5  29.4562  0  40.7873  17.2225  0  16.6856  29.4562
1.51  29.6284  0  40.9536  17.2004  0  16.5662  29.6284
1.52  29.8003  0  41.1187  17.1784  0  16.4471  29.8003
1.53  29.9719  0  41.2825  17.1565  0  16.3282  29.9719
1.54  30.1434  0  41.4452  17.1347  0  16.2095  30.1434
1.55  30.3146  0  41.6067  17.1131  0  16.0911  30.3146
1.56  30.4856  0  41.7671  17.0916  0  15.9729  30.4856
1.57  30.6565  0  41.9262  17.0701  0  15.855  30.6565
1.58  30.827  0  42.0842  17.0488  0  15.7373  30.827
1.59  30.9974  0  42.2409  17.0276  0  15.6198  30.9974
1.6  31.1676  0  42.3965  17.0066  0  15.5025  31.1676
1.61  31.3376  0  42.551  16.9856  0  15.3854  31.3376
1.62  31.5073  0  42.7043  16.9647  0  15.2686  31.5073
1.63  31.6769  0  42.8564  16.944  0  15.152  31.6769
1.64  31.8462  0  43.0073  16.9234  0  15.0356  31.8462
1.65  32.0153  0  43.1571  16.9029  0  14.9194  32.0153
1.66  32.1843  0  43.3057  16.8824  0  14.8035  32.1843
1.67  32.353  0  43.4531  16.8621  0  14.6877  32.353
1.68  32.5215  0  43.5994  16.8419  0  14.5722  32.5215
1.69  32.6898  0  43.7446  16.8218  0  14.4569  32.6898
1.7  32.8579  0  43.8886  16.8019  0  14.3418  32.8579
1.71  33.0259  0  44.0314  16.782  0  14.2269  33.0259
1.72  33.1936  0  44.1731  16.7622  0  14.1121  33.1936
1.73  33.3611  0  44.3137  16.7425  0  13.9976  33.3611
1.74  33.5284  0  44.4531  16.723  0  13.8833  33.5284
1.75  33.6956  0  44.5913  16.7035  0  13.7692  33.6956
1.76  33.8625  0  44.7285  16.6841  0  13.6553  33.8625
1.77  34.0292  0  44.8644  16.6649  0  13.5416  34.0292
1.78  34.1958  0  44.9993  16.6457  0  13.4281  34.1958
1.79  34.3622  0  45.133  16.6266  0  13.3148  34.3622
1.8  34.5283  0  45.2656  16.6077  0  13.2016  34.5283
1.81  34.6943  0  45.397  16.5888  0  13.0887  34.6943
1.82  34.8601  0  45.5274  16.57  0  12.9759  34.8601
1.83  35.0257  0  45.6566  16.5514  0  12.8634  35.0257
1.84  35.1911  0  45.7846  16.5328  0  12.751  35.1911
1.85  35.3564  0  45.9116  16.5143  0  12.6388  35.3564
1.86  35.5214  0  46.0374  16.4959  0  12.5268  35.5214
1.87  35.6863  0  46.1621  16.4776  0  12.4149  35.6863
1.88  35.851  0  46.2857  16.4594  0  12.3033  35.851
1.89  36.0155  0  46.4082  16.4413  0  12.1918  36.0155
1.9  36.1798  0  46.5295  16.4233  0  12.0805  36.1798
1.91  36.3439  0  46.6498  16.4053  0  11.9693  36.3439
1.92  36.5079  0  46.7689  16.3875  0  11.8584  36.5079
1.93  36.6717  0  46.887  16.3697  0  11.7476  36.6717
1.94  36.8353  0  47.0039  16.3521  0  11.637  36.8353
1.95  36.9987  0  47.1197  16.3345  0  11.5265  36.9987
1.96  37.162  0  47.2344  16.317  0  11.4162  37.162
1.97  37.3251  0  47.348  16.2996  0  11.3061  37.3251
1.98  37.488  0  47.4605  16.2823  0  11.1961  37.488
1.99  37.6507  0  47.5719  16.2651  0  11.0863  37.6507
2  37.8133  0  47.6823  16.2479  0  10.9767  37.8133
2.01  37.9757  0  47.7915  16.2309  0  10.8672  37.9757
2.02  38.1379  0  47.8996  16.2139  0  10.7579  38.1379
2.03  38.3  0  48.0066  16.197  0  10.6488  38.3
2.04  38.4618  0  48.1126  16.1802  0  10.5398  38.4618
2.05  38.6236  0  48.2174  16.1635  0  10.4309  38.6236
2.06  38.7851  0  48.3212  16.1468  0  10.3222  38.7851
2.07  38.9465  0  48.4239  16.1302  0  10.2137  38.9465
2.08  39.1077  0  48.5255  16.1138  0  10.1053  39.1077
2.09  39.2688  0  48.626  16.0973  0  9.99704  39.2688
2.1  39.4297  0  48.7254  16.081  0  9.88895  39.4297
2.11  39.5904  0  48.8238  16.0648  0  9.781  39.5904
2.12  39.751  0  48.921  16.0486  0  9.6732  39.751
2.13  39.9114  0  49.0172  16.0325  0  9.56555  39.9114
2.14  40.0716  0  49.1123  16.0165  0  9.45803  40.0716
2.15  40.2317  0  49.2064  16.0005  0  9.35066  40.2317
2.16  40.3916  0  49.2994  15.9846  0  9.24343  40.3916
2.17  40.5514  0  49.3913  15.9688  0  9.13634  40.5514
2.18  40.711  0  49.4821  15.9531  0  9.02939  40.711
2.19  40.8704  0  49.5718  15.9374  0  8.92258  40.8704
2.2  41.0297  0  49.6605  15.9218  0  8.8159  41.0297
2.21  41.1889  0  49.7482  15.9063  0  8.70936  41.1889
2.22  41.3479  0  49.8347  15.8909  0  8.60295  41.3479
2.23  41.5067  0  49.9202  15.8755  0  8.49667  41.5067
2.24  41.6654  0  50.0047  15.8602  0  8.39053  41.6654
2.25  41.8239  0  50.088  15.845  0  8.28451  41.8239
2.26  41.9823  0  50.1704  15.8298  0  8.17863  41.9823
2.27  42.1405  0  50.2516  15.8147  0  8.07287  42.1405
2.28  42.2986  0  50.3318  15.7997  0  7.96725  42.2986
2.29  42.4565  0  50.411  15.7847  0  7.86174  42.4565
2.3  42.6143  0  50.489  15.7698  0  7.75637  42.6143
2.31  42.7719  0  50.5661  15.755  0  7.65111  42.7719
2.32  42.9294  0  50.6421  15.7402  0  7.54599  42.9294
2.33  43.0867  0  50.717  15.7255  0  7.44098  43.0867
2.34  43.2439  0  50.7909  15.7108  0  7.33609  43.2439
2.35  43.4009  0  50.8637  15.6962  0  7.23133  43.4009
2.36  43.5578  0  50.9355  15.6817  0  7.12668  43.5578
2.37  43.7145  0  51.0063  15.6672  0  7.02215  43.7145
2.38  43.8711  0  51.076  15.6528  0  6.91774  43.8711
2.39  44.0276  0  51.1446  15.6385  0  6.81345  44.0276
2.4  44.1839  0  51.2122  15.6242  0  6.70927  44.1839
2.41  44.3401  0  51.2788  15.61  0  6.60521  44.3401
2.42  44.4961  0  51.3443  15.5958  0  6.50126  44.4961
2.43  44.652  0  51.4088  15.5817  0  6.39742  44.652
2.44  44.8078  0  51.4723  15.5677  0  6.29369  44.8078
2.45  44.9634  0  51.5347  15.5537  0  6.19008  44.9634
2.46  45.1188  0  51.5961  15.5397  0  6.08657  45.1188
2.47  45.2742  0  51.6564  15.5258  0  5.98318  45.2742
2.48  45.4293  0  51.7157  15.512  0  5.87989  45.4293
2.49  45.5844  0  51.774  15.4982  0  5.77671  45.5844
2.5  45.7393  0  51.8313  15.4845  0  5.67364  45.7393
2.51  45.8941  0  51.8875  15.4708  0  5.57067  45.8941
2.52  46.0487  0  51.9427  15.4572  0  5.46781  46.0487
2.53  46.2032  0  51.9969  15.4436  0  5.36505  46.2032
2.54  46.3576  0  52.05  15.4301  0  5.2624  46.3576
2.55  46.5118  0  52.1021  15.4166  0  5.15985  46.5118
2.56  46.6659  0  52.1532  15.4032  0  5.0574  46.6659
2.57  46.8199  0  52.2033  15.3898  0  4.95505  46.8199
2.58  46.9737  0  52.2523  15.3765  0  4.8528  46.9737
2.59  47.1274  0  52.3003  15.3632  0  4.75065  47.1274
2.6  47.281  0  52.3473  15.35  0  4.6486  47.281
2.61  47.4344  0  52.3933  15.3368  0  4.54665  47.4344
2.62  47.5877  0  52.4382  15.3237  0  4.4448  47.5877
2.63  47.7409  0  52.4822  15.3106  0  4.34304  47.7409
2.64  47.8939  0  52.5251  15.2975  0  4.24138  47.8939
2.65  48.0469  0  52.567  15.2845  0  4.13982  48.0469
2.66  48.1996  0  52.6079  15.2716  0  4.03835  48.1996
2.67  48.3523  0  52.6478  15.2587  0  3.93698  48.3523
2.68  48.5048  0  52.6866  15.2458  0  3.83569  48.5048
2.69  48.6572  0  52.7245  15.2329  0  3.73451  48.6572
2.7  48.8095  0  52.7613  15.2201  0  3.63341  48.8095
2.71  48.9616  0  52.7972  15.2074  0  3.53241  48.9616
2.72  49.1136  0  52.832  15.1947  0  3.43149  49.1136
2.73  49.2655  0  52.8658  15.182  0  3.33067  49.2655
2.74  49.4173  0  52.8986  15.1694  0  3.22994  49.4173
2.75  49.5689  0  52.9304  15.1568  0  3.1293  49.5689
2.76  49.7204  0  52.9612  15.1442  0  3.02874  49.7204
2.77  49.8718  0  52.991  15.1317  0  2.92828  49.8718
2.78  50.023  0  53.0197  15.1192  0  2.8279  50.023
2.79  50.1741  0  53.0475  15.1067  0  2.72761  50.1741
2.8  50.3252  0  53.0743  15.0943  0  2.62741  50.3252
2.81  50.476  0  53.1001  15.0819  0  2.52729  50.476
2.82  50.6268  0  53.1248  15.0695  0  2.42726  50.6268
2.83  50.7774  0  53.1486  15.0572  0  2.32732  50.7774
2.84  50.9279  0  53.1714  15.0449  0  2.22746  50.9279
2.85  51.0783  0  53.1932  15.0327  0  2.12768  51.0783
2.86  51.2286  0  53.2139  15.0204  0  2.02799  51.2286
2.87  51.3787  0  53.2337  15.0082  0  1.92838  51.3787
2.88  51.5288  0  53.2525  14.9961  0  1.82886  51.5288
2.89  51.6787  0  53.2703  14.9839  0  1.72942  51.6787
2.9  51.8284  0  53.2871  14.9718  0  1.63006  51.8284
2.91  51.9781  0  53.3029  14.9598  0  1.53079  51.9781
2.92  52.1276  0  53.3177  14.9477  0  1.43159  52.1276
2.93  52.277  0  53.3315  14.9357  0  1.33248  52.277
2.94  52.4263  0  53.3444  14.9237  0  1.23345  52.4263
2.95  52.5755  0  53.3562  14.9117  0  1.1345  52.5755
2.96  52.7246  0  53.3671  14.8997  0  1.03563  52.7246
2.97  52.8735  0  53.3769  14.8878  0  0.936838  52.8735
2.98  53.0223  0  53.3858  14.8759  0  0.838129  53.0223
2.99  53.171  0  53.3937  14.864  0  0.739499  53.171
3  53.3196  0  53.4006  14.8522  0  0.640948  53.3196
3.01  53.4681  0  53.4065  14.8404  0  0.542476  53.4681
3.02  53.6164  0  53.4114  14.8285  0  0.444083  53.6164
3.03  53.7646  0  53.4154  14.8168  0  0.345769  53.7646
3.04  53.9128  0  53.4184  14.805  0  0.247534  53.9128
3.05  54.0607  0  53.4203  14.7932  0  0.149376  54.0607
3.06  54.2086  0  53.4213  14.7815  0  0.0512965  54.2086
3.07  54.3564  0  53.4214  14.7698  0  -0.0467053  54.3564
3.08  54.504  0  53.4204  14.7581  0  -0.14463  54.504
3.09  54.6515  0  53.4185  14.7464  0  -0.242476  54.6515
3.1  54.7989  0  53.4156  14.7348  0  -0.340246  54.7989
3.11  54.9462  0  53.4117  14.7231  0  -0.437938  54.9462
3.12  55.0934  0  53.4068  14.7115  0  -0.535554  55.0934
3.13  55.2405  0  53.401  14.6999  0  -0.633093  55.2405
3.14  55.3874  0  53.3941  14.6883  0  -0.730555  55.3874
3.15  55.5342  0  53.3863  14.6767  0  -0.82794  55.5342
3.16  55.6809  0  53.3776  14.6652  0  -0.925249  55.6809
3.17  55.8275  0  53.3678  14.6536  0  -1.02248  55.8275
3.18  55.974  0  53.3571  14.6421  0  -1.11964  55.974
3.19  56.1204  0  53.3454  14.6305  0  -1.21672  56.1204
3.2  56.2666  0  53.3328  14.619  0  -1.31372  56.2666
3.21  56.4128  0  53.3192  14.6075  0  -1.41065  56.4128
3.22  56.5588  0  53.3046  14.596  0  -1.5075  56.5588
3.23  56.7047  0  53.289  14.5845  0  -1.60428  56.7047
3.24  56.8505  0  53.2725  14.5731  0  -1.70098  56.8505
3.25  56.9961  0  53.255  14.5616  0  -1.7976  56.9961
3.26  57.1417  0  53.2365  14.5501  0  -1.89415  57.1417
3.27  57.2871  0  53.2171  14.5387  0  -1.99062  57.2871
3.28  57.4325  0  53.1967  14.5273  0  -2.08701  57.4325
3.29  57.5777  0  53.1754  14.5158  0  -2.18333  57.5777
3.3  57.7228  0  53.1531  14.5044  0  -2.27957  57.7228
3.31  57.8678  0  53.1298  14.493  0  -2.37574  57.8678
3.32  58.0126  0  53.1056  14.4816  0  -2.47183  58.0126
3.33  58.1574  0  53.0804  14.4702  0  -2.56784  58.1574
3.34  58.3021  0  53.0542  14.4587  0  -2.66378  58.3021
3.35  58.4466  0  53.0271  14.4473  0  -2.75964  58.4466
3.36  58.591  0  52.999  14.4359  0  -2.85543  58.591
3.37  58.7353  0  52.97  14.4246  0  -2.95113  58.7353
3.38  58.8795  0  52.94  14.4132  0  -3.04676  58.8795
3.39  59.0236  0  52.909  14.4018  0  -3.14232  59.0236
3.4  59.1675  0  52.8771  14.3904  0  -3.2378  59.1675
3.41  59.3114  0  52.8443  14.379  0  -3.33319  59.3114
3.42  59.4551  0  52.8105  14.3676  0  -3.42852  59.4551
3.43  59.5987  0  52.7757  14.3562  0  -3.52376  59.5987
3.44  59.7422  0  52.74  14.3448  0  -3.61893  59.7422
3.45  59.8856  0  52.7033  14.3335  0  -3.71402  59.8856
3.46  60.0289  0  52.6657  14.3221  0  -3.80903  60.0289
3.47  60.1721  0  52.6271  14.3107  0  -3.90396  60.1721
3.48  60.3151  0  52.5876  14.2993  0  -3.99881  60.3151
3.49  60.458  0  52.5472  14.2879  0  -4.09359  60.458
3.5  60.6009  0  52.5058  14.2765  0  -4.18829  60.6009
3.51  60.7436  0  52.4634  14.2651  0  -4.2829  60.7436
3.52  60.8862  0  52.4201  14.2537  0  -4.37744  60.8862
3.53  61.0287  0  52.3759  14.2423  0  -4.4719  61.0287
3.54  61.171  0  52.3307  14.2309  0  -4.56628  61.171
3.55  61.3133  0  52.2845  14.2195  0  -4.66058  61.3133
3.56  61.4554  0  52.2375  14.2081  0  -4.7548  61.4554
3.57  61.5974  0  52.1894  14.1967  0  -4.84893  61.5974
3.58  61.7393  0  52.1405  14.1852  0  -4.94299  61.7393
3.59  61.8811  0  52.0906  14.1738  0  -5.03697  61.8811
3.6  62.0228  0  52.0397  14.1624  0  -5.13086  62.0228
3.61  62.1644  0  51.988  14.1509  0  -5.22467  62.1644
3.62  62.3058  0  51.9352  14.1394  0  -5.31841  62.3058
3.63  62.4472  0  51.8816  14.128  0  -5.41205  62.4472
3.64  62.5884  0  51.827  14.1165  0  -5.50562  62.5884
3.65  62.7295  0  51.7715  14.105  0  -5.5991  62.7295
3.66  62.8705  0  51.715  14.0935  0  -5.6925  62.8705
3.67  63.0114  0  51.6576  14.082  0  -5.78582  63.0114
3.68  63.1521  0  51.5993  14.0705  0  -5.87905  63.1521
3.69  63.2928  0  51.5401  14.059  0  -5.9722  63.2928
3.7  63.4333  0  51.4799  14.0475  0  -6.06526  63.4333
3.71  63.5737  0  51.4187  14.036  0  -6.15824  63.5737
3.72  63.714  0  51.3567  14.0244  0  -6.25113  63.714
3.73  63.8542  0  51.2937  14.0129  0  -6.34394  63.8542
3.74  63.9943  0  51.2298  14.0013  0  -6.43666  63.9943
3.75  64.1342  0  51.165  13.9897  0  -6.5293  64.1342
3.76  64.2741  0  51.0992  13.9781  0  -6.62184  64.2741
3.77  64.4138  0  51.0326  13.9665  0  -6.7143  64.4138
3.78  64.5534  0  50.9649  13.9549  0  -6.80668  64.5534
3.79  64.6929  0  50.8964  13.9432  0  -6.89896  64.6929
3.8  64.8323  0  50.827  13.9316  0  -6.99116  64.8323
3.81  64.9715  0  50.7566  13.9199  0  -7.08327  64.9715
3.82  65.1107  0  50.6853  13.9083  0  -7.17529  65.1107
3.83  65.2497  0  50.6131  13.8966  0  -7.26722  65.2497
3.84  65.3886  0  50.54  13.8849  0  -7.35906  65.3886
3.85  65.5274  0  50.4659  13.8732  0  -7.45081  65.5274
3.86  65.6661  0  50.3909  13.8614  0  -7.54247  65.6661
3.87  65.8046  0  50.3151  13.8497  0  -7.63403  65.8046
3.88  65.9431  0  50.2383  13.8379  0  -7.72551  65.9431
3.89  66.0814  0  50.1606  13.8262  0  -7.81689  66.0814
3.9  66.2196  0  50.0819  13.8144  0  -7.90818  66.2196
3.91  66.3577  0  50.0024  13.8026  0  -7.99938  66.3577
3.92  66.4956  0  49.9219  13.7907  0  -8.09049  66.4956
3.93  66.6335  0  49.8406  13.7789  0  -8.1815  66.6335
3.94  66.7712  0  49.7583  13.767  0  -8.27242  66.7712
3.95  66.9088  0  49.6751  13.7552  0  -8.36324  66.9088
3.96  67.0463  0  49.591  13.7433  0  -8.45397  67.0463
3.97  67.1837  0  49.5061  13.7314  0  -8.5446  67.1837
3.98  67.321  0  49.4202  13.7194  0  -8.63513  67.321
3.99  67.4581  0  49.3334  13.7075  0  -8.72557  67.4581
4  67.5951  0  49.2456  13.6955  0  -8.81592  67.5951
4.01  67.732  0  49.157  13.6835  0  -8.90616  67.732
4.02  67.8688  0  49.0675  13.6715  0  -8.99631  67.8688
4.03  68.0054  0  48.9771  13.6595  0  -9.08636  68.0054
4.04  68.142  0  48.8858  13.6475  0  -9.17631  68.142
4.05  68.2784  0  48.7936  13.6354  0  -9.26616  68.2784
4.06  68.4147  0  48.7005  13.6234  0  -9.35591  68.4147
4.07  68.5508  0  48.6065  13.6113  0  -9.44556  68.5508
4.08  68.6869  0  48.5116  13.5992  0  -9.53511  68.6869
4.09  68.8228  0  48.4158  13.587  0  -9.62456  68.8228
4.1  68.9586  0  48.3191  13.5749  0  -9.71391  68.9586
4.11  69.0943  0  48.2215  13.5627  0  -9.80316  69.0943
4.12  69.2299  0  48.123  13.5505  0  -9.8923  69.2299
4.13  69.3653  0  48.0236  13.5383  0  -9.98134  69.3653
4.14  69.5007  0  47.9234  13.5261  0  -10.0703  69.5007
4.15  69.6359  0  47.8222  13.5138  0  -10.1591  69.6359
4.16  69.7709  0  47.7202  13.5015  0  -10.2478  69.7709
4.17  69.9059  0  47.6173  13.4892  0  -10.3365  69.9059
4.18  70.0407  0  47.5135  13.4769  0  -10.425  70.0407
4.19  70.1754  0  47.4088  13.4646  0  -10.5134  70.1754
4.2  70.31  0  47.3032  13.4522  0  -10.6017  70.31
4.21  70.4445  0  47.1967  13.4398  0  -10.6899  70.4445
4.22  70.5788  0  47.0894  13.4274  0  -10.778  70.5788
4.23  70.713  0  46.9812  13.415  0  -10.866  70.713
4.24  70.8471  0  46.8721  13.4026  0  -10.9538  70.8471
4.25  70.9811  0  46.7621  13.3901  0  -11.0416  70.9811
4.26  71.1149  0  46.6513  13.3776  0  -11.1293  71.1149
4.27  71.2486  0  46.5395  13.3651  0  -11.2168  71.2486
4.28  71.3822  0  46.4269  13.3526  0  -11.3043  71.3822
4.29  71.5157  0  46.3134  13.34  0  -11.3916  71.5157
4.3  71.649  0  46.1991  13.3275  0  -11.4788  71.649
4.31  71.7822  0  46.0839  13.3149  0  -11.5659  71.7822
4.32  71.9153  0  45.9678  13.3023  0  -11.6529  71.9153
4.33  72.0483  0  45.8508  13.2896  0  -11.7398  72.0483
4.34  72.1811  0  45.733  13.2769  0  -11.8265  72.1811
4.35  72.3138  0  45.6143  13.2643  0  -11.9132  72.3138
4.36  72.4464  0  45.4947  13.2516  0  -11.9997  72.4464
4.37  72.5788  0  45.3743  13.2388  0  -12.0862  72.5788
4.38  72.7112  0  45.253  13.2261  0  -12.1725  72.7112
4.39  72.8434  0  45.1308  13.2133  0  -12.2587  72.8434
4.4  72.9754  0  45.0078  13.2005  0  -12.3447  72.9754
4.41  73.1074  0  44.8839  13.1877  0  -12.4307  73.1074
4.42  73.2392  0  44.7592  13.1748  0  -12.5166  73.2392
4.43  73.3709  0  44.6336  13.162  0  -12.6023  73.3709
4.44  73.5024  0  44.5072  13.1491  0  -12.6879  73.5024
4.45  73.6338  0  44.3798  13.1362  0  -12.7734  73.6338
4.46  73.7651  0  44.2517  13.1232  0  -12.8588  73.7651
4.47  73.8963  0  44.1227  13.1103  0  -12.944  73.8963
4.48  74.0274  0  43.9928  13.0973  0  -13.0291  74.0274
4.49  74.1583  0  43.8621  13.0843  0  -13.1142  74.1583
4.5  74.289  0  43.7305  13.0712  0  -13.199  74.289
4.51  74.4197  0  43.5981  13.0582  0  -13.2838  74.4197
4.52  74.5502  0  43.4648  13.0451  0  -13.3685  74.5502
4.53  74.6806  0  43.3307  13.032  0  -13.453  74.6806
4.54  74.8108  0  43.1958  13.0189  0  -13.5374  74.8108
4.55  74.941  0  43.06  13.0058  0  -13.6217  74.941
4.56  75.071  0  42.9234  12.9926  0  -13.7058  75.071
4.57  75.2008  0  42.7859  12.9794  0  -13.7899  75.2008
4.58  75.3305  0  42.6476  12.9662  0  -13.8738  75.3305
4.59  75.4601  0  42.5084  12.953  0  -13.9576  75.4601
4.6  75.5896  0  42.3684  12.9397  0  -14.0412  75.5896
4.61  75.7189  0  42.2276  12.9264  0  -14.1248  75.7189
4.62  75.8481  0  42.0859  12.9131  0  -14.2082  75.8481
4.63  75.9772  0  41.9434  12.8998  0  -14.2915  75.9772
4.64  76.1061  0  41.8001  12.8864  0  -14.3746  76.1061
4.65  76.2349  0  41.6559  12.8731  0  -14.4577  76.2349
4.66  76.3636  0  41.5109  12.8597  0  -14.5406  76.3636
4.67  76.4921  0  41.3651  12.8462  0  -14.6233  76.4921
4.68  76.6205  0  41.2185  12.8328  0  -14.706  76.6205
4.69  76.7488  0  41.071  12.8193  0  -14.7885  76.7488
4.7  76.8769  0  40.9227  12.8058  0  -14.8709  76.8769
4.71  77.0049  0  40.7736  12.7923  0  -14.9531  77.0049
4.72  77.1327  0  40.6236  12.7788  0  -15.0353  77.1327
4.73  77.2605  0  40.4729  12.7652  0  -15.1173  77.2605
4.74  77.388  0  40.3213  12.7517  0  -15.1991  77.388
4.75  77.5155  0  40.1689  12.738  0  -15.2809  77.5155
4.76  77.6428  0  40.0157  12.7244  0  -15.3625  77.6428
4.77  77.77  0  39.8616  12.7108  0  -15.4439  77.77
4.78  77.897  0  39.7068  12.6971  0  -15.5253  77.897
4.79  78.0239  0  39.5511  12.6834  0  -15.6065  78.0239
4.8  78.1507  0  39.3947  12.6697  0  -15.6876  78.1507
4.81  78.2773  0  39.2374  12.656  0  -15.7685  78.2773
4.82  78.4038  0  39.0793  12.6422  0  -15.8493  78.4038
4.83  78.5302  0  38.9204  12.6284  0  -15.93  78.5302
4.84  78.6564  0  38.7607  12.6146  0  -16.0105  78.6564
4.85  78.7825  0  38.6002  12.6008  0  -16.0909  78.7825
4.86  78.9084  0  38.4389  12.5869  0  -16.1711  78.9084
4.87  79.0342  0  38.2768  12.5731  0  -16.2513  79.0342
4.88  79.1599  0  38.1139  12.5592  0  -16.3313  79.1599
4.89  79.2854  0  37.9501  12.5452  0  -16.4111  79.2854
4.9  79.4108  0  37.7856  12.5313  0  -16.4908  79.4108
4.91  79.536  0  37.6203  12.5173  0  -16.5704  79.536
4.92  79.6611  0  37.4542  12.5034  0  -16.6498  79.6611
4.93  79.7861  0  37.2873  12.4894  0  -16.7291  79.7861
4.94  79.9109  0  37.1196  12.4753  0  -16.8083  79.9109
4.95  80.0356  0  36.9512  12.4613  0  -16.8873  80.0356
4.96  80.1601  0  36.7819  12.4472  0  -16.9662  80.1601
4.97  80.2845  0  36.6118  12.4331  0  -17.0449  80.2845
4.98  80.4088  0  36.441  12.419  0  -17.1235  80.4088
4.99  80.5329  0  36.2694  12.4049  0  -17.202  80.5329
5  80.6569  0  36.097  12.3907  0  -17.2803  80.6569
5.01  80.7807  0  35.9238  12.3766  0  -17.3585  80.7807
5.02  80.9044  0  35.7498  12.3624  0  -17.4365  80.9044
5.03  81.028  0  35.575  12.3482  0  -17.5144  81.028
5.04  81.1514  0  35.3995  12.3339  0  -17.5922  81.1514
5.05  81.2746  0  35.2232  12.3197  0  -17.6698  81.2746
5.06  81.3978  0  35.0461  12.3054  0  -17.7473  81.3978
5.07  81.5208  0  34.8682  12.2911  0  -17.8246  81.5208
5.08  81.6436  0  34.6896  12.2768  0  -17.9018  81.6436
5.09  81.7663  0  34.5102  12.2625  0  -17.9788  81.7663
5.1  81.8888  0  34.33  12.2481  0  -18.0557  81.8888
5.11  82.0113  0  34.1491  12.2337  0  -18.1324  82.0113
5.12  82.1335  0  33.9674  12.2193  0  -18.209  82.1335
5.13  82.2556  0  33.7849  12.2049  0  -18.2855  82.2556
5.14  82.3776  0  33.6017  12.1905  0  -18.3618  82.3776
5.15  82.4994  0  33.4177  12.176  0  -18.438  82.4994
5.16  82.6211  0  33.2329  12.1615  0  -18.514  82.6211
5.17  82.7427  0  33.0474  12.147  0  -18.5899  82.7427
5.18  82.8641  0  32.8611  12.1325  0  -18.6656  82.8641
5.19  82.9853  0  32.6741  12.118  0  -18.7412  82.9853
5.2  83.1064  0  32.4863  12.1034  0  -18.8166  83.1064
5.21  83.2274  0  32.2978  12.0889  0  -18.8919  83.2274
5.22  83.3482  0  32.1085  12.0743  0  -18.967  83.3482
5.23  83.4689  0  31.9184  12.0597  0  -19.042  83.4689
5.24  83.5894  0  31.7276  12.045  0  -19.1169  83.5894
5.25  83.7098  0  31.5361  12.0304  0  -19.1916  83.7098
5.26  83.83  0  31.3438  12.0157  0  -19.2661  83.83
5.27  83.9501  0  31.1508  12.001  0  -19.3405  83.9501
5.28  84.07  0  30.957  11.9863  0  -19.4148  84.07
5.29  84.1898  0  30.7625  11.9716  0  -19.4889  84.1898
5.3  84.3095  0  30.5672  11.9569  0  -19.5628  84.3095
5.31  84.429  0  30.3712  11.9421  0  -19.6366  84.429
5.32  84.5483  0  30.1745  11.9274  0  -19.7103  84.5483
5.33  84.6675  0  29.977  11.9126  0  -19.7838  84.6675
5.34  84.7866  0  29.7788  11.8978  0  -19.8571  84.7866
5.35  84.9055  0  29.5799  11.8829  0  -19.9303  84.9055
5.36  85.0242  0  29.3802  11.8681  0  -20.0034  85.0242
5.37  85.1428  0  29.1798  11.8532  0  -20.0763  85.1428
5.38  85.2613  0  28.9787  11.8384  0  -20.149  85.2613
5.39  85.3796  0  28.7768  11.8235  0  -20.2216  85.3796
5.4  85.4978  0  28.5742  11.8086  0  -20.294  85.4978
5.41  85.6158  0  28.3709  11.7936  0  -20.3663  85.6158
5.42  85.7336  0  28.1669  11.7787  0  -20.4385  85.7336
5.43  85.8513  0  27.9622  11.7637  0  -20.5104  85.8513
5.44  85.9689  0  27.7567  11.7488  0  -20.5823  85.9689
5.45  86.0863  0  27.5505  11.7338  0  -20.6539  86.0863
5.46  86.2036  0  27.3436  11.7188  0  -20.7255  86.2036
5.47  86.3207  0  27.136  11.7038  0  -20.7968  86.3207
5.48  86.4377  0  26.9277  11.6887  0  -20.8681  86.4377
5.49  86.5545  0  26.7187  11.6737  0  -20.9391  86.5545
5.5  86.6711  0  26.5089  11.6586  0  -21.01  86.6711
5.51  86.7876  0  26.2985  11.6435  0  -21.0808  86.7876
5.52  86.904  0  26.0873  11.6284  0  -21.1514  86.904
5.53  87.0202  0  25.8754  11.6133  0  -21.2218  87.0202
5.54  87.1363  0  25.6629  11.5982  0  -21.2921  87.1363
5.55  87.2522  0  25.4496  11.583  0  -21.3623  87.2522
5.56  87.3679  0  25.2356  11.5679  0  -21.4323  87.3679
5.57  87.4835  0  25.0209  11.5527  0  -21.5021  87.4835
5.58  87.599  0  24.8056  11.5375  0  -21.5718  87.599
5.59  87.7143  0  24.5895  11.5223  0  -21.6413  87.7143
5.6  87.8294  0  24.3727  11.5071  0  -21.7106  87.8294
5.61  87.9444  0  24.1553  11.4919  0  -21.7798  87.9444
5.62  88.0593  0  23.9371  11.4766  0  -21.8489  88.0593
5.63  88.1739  0  23.7183  11.4614  0  -21.9178  88.1739
5.64  88.2885  0  23.4988  11.4461  0  -21.9865  88.2885
5.65  88.4029  0  23.2786  11.4308  0  -22.0551  88.4029
5.66  88.5171  0  23.0577  11.4155  0  -22.1235  88.5171
5.67  88.6312  0  22.8361  11.4002  0  -22.1918  88.6312
5.68  88.7451  0  22.6139  11.3849  0  -22.2599  88.7451
5.69  88.8589  0  22.3909  11.3696  0  -22.3279  88.8589
5.7  88.9725  0  22.1673  11.3542  0  -22.3957  88.9725
5.71  89.086  0  21.943  11.3389  0  -22.4633  89.086
5.72  89.1993  0  21.718  11.3235  0  -22.5308  89.1993
5.73  89.3124  0  21.4924  11.3081  0  -22.5981  89.3124
5.74  89.4254  0  21.2661  11.2927  0  -22.6653  89.4254
5.75  89.5383  0  21.0391  11.2773  0  -22.7323  89.5383
5.76  89.651  0  20.8114  11.2619  0  -22.7992  89.651
5.77  89.7635  0  20.5831  11.2465  0  -22.8659  89.7635
5.78  89.8759  0  20.3541  11.2311  0  -22.9324  89.8759
5.79  89.9882  0  20.1244  11.2156  0  -22.9988  89.9882
5.8  90.1002  0  19.8941  11.2001  0  -23.065  90.1002
5.81  90.2122  0  19.6631  11.1847  0  -23.1311  90.2122
5.82  90.3239  0  19.4315  11.1692  0  -23.197  90.3239
5.83  90.4355  0  19.1992  11.1537  0  -23.2628  90.4355
5.84  90.547  0  18.9663  11.1382  0  -23.3284  90.547
5.85  90.6583  0  18.7326  11.1227  0  -23.3938  90.6583
5.86  90.7695  0  18.4984  11.1072  0  -23.4591  90.7695
5.87  90.8804  0  18.2635  11.0916  0  -23.5242  90.8804
5.88  90.9913  0  18.0279  11.0761  0  -23.5892  90.9913
5.89  91.102  0  17.7917  11.0605  0  -23.654  91.102
5.9  91.2125  0  17.5548  11.045  0  -23.7186  91.2125
5.91  91.3229  0  17.3173  11.0294  0  -23.7831  91.3229
5.92  91.4331  0  17.0792  11.0138  0  -23.8474  91.4331
5.93  91.5431  0  16.8404  10.9982  0  -23.9116  91.5431
5.94  91.653  0  16.6009  10.9826  0  -23.9756  91.653
5.95  91.7628  0  16.3608  10.967  0  -24.0395  91.7628
5.96  91.8724  0  16.1201  10.9514  0  -24.1032  91.8724
5.97  91.9818  0  15.8788  10.9358  0  -24.1667  91.9818
5.98  92.0911  0  15.6368  10.9201  0  -24.2301  92.0911
5.99  92.2002  0  15.3942  10.9045  0  -24.2933  92.2002
6  92.3092  0  15.1509  10.8888  0  -24.3564  92.3092
6.01  92.418  0  14.9071  10.8732  0  -24.4193  92.418
6.02  92.5267  0  14.6625  10.8575  0  -24.482  92.5267
6.03  92.6352  0  14.4174  10.8418  0  -24.5446  92.6352
6.04  92.7435  0  14.1717  10.8262  0  -24.607  92.7435
6.05  92.8517  0  13.9253  10.8105  0  -24.6693  92.8517
6.06  92.9597  0  13.6783  10.7948  0  -24.7314  92.9597
6.07  93.0676  0  13.4306  10.7791  0  -24.7934  93.0676
6.08  93.1753  0  13.1824  10.7634  0  -24.8552  93.1753
6.09  93.2828  0  12.9335  10.7476  0  -24.9168  93.2828
6.1  93.3902  0  12.6841  10.7319  0  -24.9783  93.3902
6.11  93.4975  0  12.434  10.7162  0  -25.0396  93.4975
6.12  93.6046  0  12.1833  10.7004  0  -25.1007  93.6046
6.13  93.7115  0  11.932  10.6847  0  -25.1617  93.7115
6.14  93.8183  0  11.68  10.669  0  -25.2226  93.8183
6.15  93.9249  0  11.4275  10.6532  0  -25.2833  93.9249
6.16  94.0313  0  11.1744  10.6374  0  -25.3438  94.0313
6.17  94.1376  0  10.9206  10.6217  0  -25.4042  94.1376
6.18  94.2437  0  10.6663  10.6059  0  -25.4644  94.2437
6.19  94.3497  0  10.4113  10.5901  0  -25.5244  94.3497
6.2  94.4556  0  10.1558  10.5743  0  -25.5843  94.4556
6.21  94.5612  0  9.89966  10.5586  0  -25.644  94.5612
6.22  94.6667  0  9.64293  10.5428  0  -25.7036  94.6667
6.23  94.7721  0  9.38559  10.527  0  -25.763  94.7721
6.24  94.8773  0  9.12767  10.5112  0  -25.8223  94.8773
6.25  94.9823  0  8.86915  10.4954  0  -25.8814  94.9823
6.26  95.0872  0  8.61004  10.4796  0  -25.9403  95.0872
6.27  95.1919  0  8.35034  10.4637  0  -25.9991  95.1919
6.28  95.2964  0  8.09006  10.4479  0  -26.0577  95.2964
6.29  95.4008  0  7.82919  10.4321  0  -26.1162  95.4008
6.3  95.5051  0  7.56774  10.4163  0  -26.1745  95.5051
6.31  95.6092  0  7.3057  10.4004  0  -26.2326  95.6092
6.32  95.7131  0  7.04308  10.3846  0  -26.2906  95.7131
6.33  95.8169  0  6.77989  10.3688  0  -26.3485  95.8169
6.34  95.9205  0  6.51611  10.3529  0  -26.4061  95.9205
6.35  96.0239  0  6.25176  10.3371  0  -26.4637  96.0239
6.36  96.1272  0  5.98684  10.3212  0  -26.521  96.1272
6.37  96.2303  0  5.72134  10.3054  0  -26.5782  96.2303
6.38  96.3333  0  5.45528  10.2896  0  -26.6353  96.3333
6.39  96.4361  0  5.18864  10.2737  0  -26.6922  96.4361
6.4  96.5388  0  4.92143  10.2578  0  -26.7489  96.5388
6.41  96.6413  0  4.65366  10.242  0  -26.8055  96.6413
6.42  96.7436  0  4.38533  10.2261  0  -26.8619  96.7436
6.43  96.8458  0  4.11643  10.2103  0  -26.9182  96.8458
6.44  96.9478  0  3.84696  10.1944  0  -26.9743  96.9478
6.45  97.0497  0  3.57694  10.1785  0  -27.0302  97.0497
6.46  97.1514  0  3.30636  10.1627  0  -27.086  97.1514
6.47  97.253  0  3.03522  10.1468  0  -27.1416  97.253
6.48  97.3543  0  2.76353  10.1309  0  -27.1971  97.3543
6.49  97.4556  0  2.49128  10.1151  0  -27.2524  97.4556
6.5  97.5566  0  2.21848  10.0992  0  -27.3076  97.5566
6.51  97.6576  0  1.94513  10.0833  0  -27.3626  97.6576
6.52  97.7583  0  1.67123  10.0675  0  -27.4175  97.7583
6.53  97.8589  0  1.39678  10.0516  0  -27.4722  97.8589
6.54  97.9593  0  1.12178  10.0357  0  -27.5267  97.9593
6.55  98.0596  0  0.846246  10.0198  0  -27.5811  98.0596
6.56  98.1597  0  0.570164  10.004  0  -27.6353  98.1597
6.57  98.2597  0  0.29354  9.9881  0  -27.6894  98.2597
6.58  98.3595  0  0.016376  9.97223  0  -27.7433  98.3595
6.59  98.4591  0  -0.261326  9.95636  0  -27.7971  98.4591
