5 703 9297 27.5283
15 593 8704 25.367
25 640 8064 26.313
35 501 7563 23.3998
45 517 7046 23.7541
55 474 6572 22.7888
65 444 6128 22.0891
75 364 5764 20.0984
85 367 5397 20.1768
95 377 5020 20.4358
105 374 4646 20.3585
115 308 4338 18.5713
125 269 4069 17.4241
135 268 3801 17.3936
145 211 3590 15.5516
155 229 3361 16.1575
165 223 3138 15.9583
175 204 2934 15.3091
185 212 2722 15.586
195 187 2535 14.7022
205 168 2367 13.9904
215 177 2190 14.3323
225 153 2037 13.3996
235 140 1897 12.8638
245 111 1786 11.5712
255 141 1645 12.9059
265 118 1527 11.8972
275 107 1420 11.3803
285 97 1323 10.8869
295 92 1231 10.6307
305 97 1134 10.8869
315 76 1058 9.76071
325 77 981 9.8176
335 77 904 9.8176
345 47 857 7.91014
355 51 806 8.19375
365 54 752 8.39932
375 55 697 8.46659
385 50 647 8.1239
395 26 621 6.17204
405 51 570 8.19375
415 39 531 7.30476
425 41 490 7.46142
435 32 458 6.72276
445 29 429 6.45436
455 33 396 6.80948
465 20 376 5.55522
475 16 360 5.09268
485 21 339 5.66369
495 26 313 6.17204
505 35 278 6.97913
515 18 260 5.33013
525 11 249 4.42783
535 17 232 5.21307
545 14 218 4.84057
555 11 207 4.42783
565 10 197 4.27872
575 7 190 3.78388
585 16 174 5.09268
595 12 162 4.57071
605 11 151 4.42783
615 10 141 4.27872
625 8 133 3.95804
635 10 123 4.27872
645 6 117 3.59808
655 7 110 3.78388
665 7 103 3.78388
675 6 97 3.59808
685 4 93 3.17945
695 2 91 2.65831
705 5 86 3.39792
715 5 81 3.39792
725 9 72 4.1225
735 6 66 3.59808
745 5 61 3.39792
755 7 54 3.78388
765 6 48 3.59808
775 7 41 3.78388
785 4 37 3.17945
795 4 33 3.17945
805 2 31 2.65831
815 0 31 1.86603
825 1 30 2.32288
835 0 30 1.86603
845 0 30 1.86603
855 2 28 2.65831
865 3 25 2.93649
875 1 24 2.32288
885 2 22 2.65831
895 4 18 3.17945
905 0 18 1.86603
915 1 17 2.32288
925 0 17 1.86603
935 0 17 1.86603
945 0 17 1.86603
955 2 15 2.65831
965 2 13 2.65831
975 2 11 2.65831
985 1 10 2.32288
995 1 9 2.32288
1005 0 9 1.86603
1015 0 9 1.86603
1025 0 9 1.86603
1035 2 7 2.65831
1045 0 7 1.86603
1055 1 6 2.32288
1065 0 6 1.86603
1075 0 6 1.86603
1085 0 6 1.86603
1095 1 5 2.32288
1105 0 5 1.86603
1115 1 4 2.32288
1125 0 4 1.86603
1135 2 2 2.65831
1145 0 2 1.86603
1155 0 2 1.86603
1165 0 2 1.86603
1175 0 2 1.86603
1185 0 2 1.86603
1195 0 2 1.86603
1205 0 2 1.86603
1215 0 2 1.86603
1225 0 2 1.86603
1235 1 1 2.32288
1245 0 1 1.86603
1255 0 1 1.86603
1265 0 1 1.86603
1275 0 1 1.86603
1285 0 1 1.86603
1295 0 1 1.86603
1305 0 1 1.86603
1315 0 1 1.86603
1325 0 1 1.86603
1335 0 1 1.86603
1345 0 1 1.86603
1355 0 1 1.86603
1365 0 1 1.86603
1375 1 0 2.32288
1385 0 0 1.86603
1395 0 0 1.86603
1405 0 0 1.86603
1415 0 0 1.86603
1425 0 0 1.86603
1435 0 0 1.86603
1445 0 0 1.86603
1455 0 0 1.86603
1465 0 0 1.86603
1475 0 0 1.86603
1485 0 0 1.86603
1495 0 0 1.86603
1505 0 0 1.86603
1515 0 0 1.86603
1525 0 0 1.86603
1535 0 0 1.86603
1545 0 0 1.86603
1555 0 0 1.86603
1565 0 0 1.86603
1575 0 0 1.86603
1585 0 0 1.86603
1595 0 0 1.86603
1605 0 0 1.86603
1615 0 0 1.86603
1625 0 0 1.86603
1635 0 0 1.86603
1645 0 0 1.86603
1655 0 0 1.86603
1665 0 0 1.86603
1675 0 0 1.86603
1685 0 0 1.86603
1695 0 0 1.86603
1705 0 0 1.86603
1715 0 0 1.86603
1725 0 0 1.86603
1735 0 0 1.86603
1745 0 0 1.86603
1755 0 0 1.86603
1765 0 0 1.86603
1775 0 0 1.86603
1785 0 0 1.86603
1795 0 0 1.86603
1805 0 0 1.86603
1815 0 0 1.86603
1825 0 0 1.86603
1835 0 0 1.86603
1845 0 0 1.86603
1855 0 0 1.86603
1865 0 0 1.86603
1875 0 0 1.86603
1885 0 0 1.86603
1895 0 0 1.86603
1905 0 0 1.86603
1915 0 0 1.86603
1925 0 0 1.86603
1935 0 0 1.86603
1945 0 0 1.86603
1955 0 0 1.86603
1965 0 0 1.86603
1975 0 0 1.86603
1985 0 0 1.86603
1995 0 0 1.86603
2005 0 0 1.86603
2015 0 0 1.86603
2025 0 0 1.86603
2035 0 0 1.86603
2045 0 0 1.86603
2055 0 0 1.86603
2065 0 0 1.86603
2075 0 0 1.86603
2085 0 0 1.86603
2095 0 0 1.86603
2105 0 0 1.86603
2115 0 0 1.86603
2125 0 0 1.86603
2135 0 0 1.86603
2145 0 0 1.86603
2155 0 0 1.86603
2165 0 0 1.86603
2175 0 0 1.86603
2185 0 0 1.86603
2195 0 0 1.86603
2205 0 0 1.86603
2215 0 0 1.86603
2225 0 0 1.86603
2235 0 0 1.86603
2245 0 0 1.86603
2255 0 0 1.86603
2265 0 0 1.86603
2275 0 0 1.86603
2285 0 0 1.86603
2295 0 0 1.86603
2305 0 0 1.86603
2315 0 0 1.86603
2325 0 0 1.86603
2335 0 0 1.86603
2345 0 0 1.86603
2355 0 0 1.86603
2365 0 0 1.86603
2375 0 0 1.86603
2385 0 0 1.86603
2395 0 0 1.86603
2405 0 0 1.86603
2415 0 0 1.86603
2425 0 0 1.86603
2435 0 0 1.86603
2445 0 0 1.86603
2455 0 0 1.86603
2465 0 0 1.86603
2475 0 0 1.86603
2485 0 0 1.86603
2495 0 0 1.86603
2505 0 0 1.86603
2515 0 0 1.86603
2525 0 0 1.86603
2535 0 0 1.86603
2545 0 0 1.86603
2555 0 0 1.86603
2565 0 0 1.86603
2575 0 0 1.86603
2585 0 0 1.86603
2595 0 0 1.86603
2605 0 0 1.86603
2615 0 0 1.86603
2625 0 0 1.86603
2635 0 0 1.86603
2645 0 0 1.86603
2655 0 0 1.86603
2665 0 0 1.86603
2675 0 0 1.86603
2685 0 0 1.86603
2695 0 0 1.86603
2705 0 0 1.86603
2715 0 0 1.86603
2725 0 0 1.86603
2735 0 0 1.86603
2745 0 0 1.86603
2755 0 0 1.86603
2765 0 0 1.86603
2775 0 0 1.86603
2785 0 0 1.86603
2795 0 0 1.86603
2805 0 0 1.86603
2815 0 0 1.86603
2825 0 0 1.86603
2835 0 0 1.86603
2845 0 0 1.86603
2855 0 0 1.86603
2865 0 0 1.86603
2875 0 0 1.86603
2885 0 0 1.86603
2895 0 0 1.86603
2905 0 0 1.86603
2915 0 0 1.86603
2925 0 0 1.86603
2935 0 0 1.86603
2945 0 0 1.86603
2955 0 0 1.86603
2965 0 0 1.86603
2975 0 0 1.86603
2985 0 0 1.86603
2995 0 0 1.86603
3005 0 0 1.86603
3015 0 0 1.86603
3025 0 0 1.86603
3035 0 0 1.86603
3045 0 0 1.86603
3055 0 0 1.86603
3065 0 0 1.86603
3075 0 0 1.86603
3085 0 0 1.86603
3095 0 0 1.86603
3105 0 0 1.86603
3115 0 0 1.86603
3125 0 0 1.86603
3135 0 0 1.86603
3145 0 0 1.86603
3155 0 0 1.86603
3165 0 0 1.86603
3175 0 0 1.86603
3185 0 0 1.86603
3195 0 0 1.86603
3205 0 0 1.86603
3215 0 0 1.86603
3225 0 0 1.86603
3235 0 0 1.86603
3245 0 0 1.86603
3255 0 0 1.86603
3265 0 0 1.86603
3275 0 0 1.86603
3285 0 0 1.86603
3295 0 0 1.86603
3305 0 0 1.86603
3315 0 0 1.86603
3325 0 0 1.86603
3335 0 0 1.86603
3345 0 0 1.86603
3355 0 0 1.86603
3365 0 0 1.86603
3375 0 0 1.86603
3385 0 0 1.86603
3395 0 0 1.86603
3405 0 0 1.86603
3415 0 0 1.86603
3425 0 0 1.86603
3435 0 0 1.86603
3445 0 0 1.86603
3455 0 0 1.86603
3465 0 0 1.86603
3475 0 0 1.86603
3485 0 0 1.86603
3495 0 0 1.86603
3505 0 0 1.86603
3515 0 0 1.86603
3525 0 0 1.86603
3535 0 0 1.86603
3545 0 0 1.86603
3555 0 0 1.86603
3565 0 0 1.86603
3575 0 0 1.86603
3585 0 0 1.86603
3595 0 0 1.86603
3605 0 0 1.86603
3615 0 0 1.86603
3625 0 0 1.86603
3635 0 0 1.86603
3645 0 0 1.86603
3655 0 0 1.86603
3665 0 0 1.86603
3675 0 0 1.86603
3685 0 0 1.86603
3695 0 0 1.86603
3705 0 0 1.86603
3715 0 0 1.86603
3725 0 0 1.86603
3735 0 0 1.86603
3745 0 0 1.86603
3755 0 0 1.86603
3765 0 0 1.86603
3775 0 0 1.86603
3785 0 0 1.86603
3795 0 0 1.86603
3805 0 0 1.86603
3815 0 0 1.86603
3825 0 0 1.86603
3835 0 0 1.86603
3845 0 0 1.86603
3855 0 0 1.86603
3865 0 0 1.86603
3875 0 0 1.86603
3885 0 0 1.86603
3895 0 0 1.86603
3905 0 0 1.86603
3915 0 0 1.86603
3925 0 0 1.86603
3935 0 0 1.86603
3945 0 0 1.86603
3955 0 0 1.86603
3965 0 0 1.86603
3975 0 0 1.86603
3985 0 0 1.86603
3995 0 0 1.86603
4005 0 0 1.86603
4015 0 0 1.86603
4025 0 0 1.86603
4035 0 0 1.86603
4045 0 0 1.86603
4055 0 0 1.86603
4065 0 0 1.86603
4075 0 0 1.86603
4085 0 0 1.86603
4095 0 0 1.86603
4105 0 0 1.86603
4115 0 0 1.86603
4125 0 0 1.86603
4135 0 0 1.86603
4145 0 0 1.86603
4155 0 0 1.86603
4165 0 0 1.86603
4175 0 0 1.86603
4185 0 0 1.86603
4195 0 0 1.86603
4205 0 0 1.86603
4215 0 0 1.86603
4225 0 0 1.86603
4235 0 0 1.86603
4245 0 0 1.86603
4255 0 0 1.86603
4265 0 0 1.86603
4275 0 0 1.86603
4285 0 0 1.86603
4295 0 0 1.86603
4305 0 0 1.86603
4315 0 0 1.86603
4325 0 0 1.86603
4335 0 0 1.86603
4345 0 0 1.86603
4355 0 0 1.86603
4365 0 0 1.86603
4375 0 0 1.86603
4385 0 0 1.86603
4395 0 0 1.86603
4405 0 0 1.86603
4415 0 0 1.86603
4425 0 0 1.86603
4435 0 0 1.86603
4445 0 0 1.86603
4455 0 0 1.86603
4465 0 0 1.86603
4475 0 0 1.86603
4485 0 0 1.86603
4495 0 0 1.86603
4505 0 0 1.86603
4515 0 0 1.86603
4525 0 0 1.86603
4535 0 0 1.86603
4545 0 0 1.86603
4555 0 0 1.86603
4565 0 0 1.86603
4575 0 0 1.86603
4585 0 0 1.86603
4595 0 0 1.86603
4605 0 0 1.86603
4615 0 0 1.86603
4625 0 0 1.86603
4635 0 0 1.86603
4645 0 0 1.86603
4655 0 0 1.86603
4665 0 0 1.86603
4675 0 0 1.86603
4685 0 0 1.86603
4695 0 0 1.86603
4705 0 0 1.86603
4715 0 0 1.86603
4725 0 0 1.86603
4735 0 0 1.86603
4745 0 0 1.86603
4755 0 0 1.86603
4765 0 0 1.86603
4775 0 0 1.86603
4785 0 0 1.86603
4795 0 0 1.86603
4805 0 0 1.86603
4815 0 0 1.86603
4825 0 0 1.86603
4835 0 0 1.86603
4845 0 0 1.86603
4855 0 0 1.86603
4865 0 0 1.86603
4875 0 0 1.86603
4885 0 0 1.86603
4895 0 0 1.86603
4905 0 0 1.86603
4915 0 0 1.86603
4925 0 0 1.86603
4935 0 0 1.86603
4945 0 0 1.86603
4955 0 0 1.86603
4965 0 0 1.86603
4975 0 0 1.86603
4985 0 0 1.86603
4995 0 0 1.86603
5005 0 0 1.86603
5015 0 0 1.86603
5025 0 0 1.86603
5035 0 0 1.86603
5045 0 0 1.86603
5055 0 0 1.86603
5065 0 0 1.86603
5075 0 0 1.86603
5085 0 0 1.86603
5095 0 0 1.86603
5105 0 0 1.86603
5115 0 0 1.86603
5125 0 0 1.86603
5135 0 0 1.86603
5145 0 0 1.86603
5155 0 0 1.86603
5165 0 0 1.86603
5175 0 0 1.86603
5185 0 0 1.86603
5195 0 0 1.86603
5205 0 0 1.86603
5215 0 0 1.86603
5225 0 0 1.86603
5235 0 0 1.86603
5245 0 0 1.86603
5255 0 0 1.86603
5265 0 0 1.86603
5275 0 0 1.86603
5285 0 0 1.86603
5295 0 0 1.86603
5305 0 0 1.86603
5315 0 0 1.86603
5325 0 0 1.86603
5335 0 0 1.86603
5345 0 0 1.86603
5355 0 0 1.86603
5365 0 0 1.86603
5375 0 0 1.86603
5385 0 0 1.86603
5395 0 0 1.86603
5405 0 0 1.86603
5415 0 0 1.86603
5425 0 0 1.86603
5435 0 0 1.86603
5445 0 0 1.86603
5455 0 0 1.86603
5465 0 0 1.86603
5475 0 0 1.86603
5485 0 0 1.86603
5495 0 0 1.86603
5505 0 0 1.86603
5515 0 0 1.86603
5525 0 0 1.86603
5535 0 0 1.86603
5545 0 0 1.86603
5555 0 0 1.86603
5565 0 0 1.86603
5575 0 0 1.86603
5585 0 0 1.86603
5595 0 0 1.86603
5605 0 0 1.86603
5615 0 0 1.86603
5625 0 0 1.86603
5635 0 0 1.86603
5645 0 0 1.86603
5655 0 0 1.86603
5665 0 0 1.86603
5675 0 0 1.86603
5685 0 0 1.86603
5695 0 0 1.86603
5705 0 0 1.86603
5715 0 0 1.86603
5725 0 0 1.86603
5735 0 0 1.86603
5745 0 0 1.86603
5755 0 0 1.86603
5765 0 0 1.86603
5775 0 0 1.86603
5785 0 0 1.86603
5795 0 0 1.86603
5805 0 0 1.86603
5815 0 0 1.86603
5825 0 0 1.86603
5835 0 0 1.86603
5845 0 0 1.86603
5855 0 0 1.86603
5865 0 0 1.86603
5875 0 0 1.86603
5885 0 0 1.86603
5895 0 0 1.86603
5905 0 0 1.86603
5915 0 0 1.86603
5925 0 0 1.86603
5935 0 0 1.86603
5945 0 0 1.86603
5955 0 0 1.86603
5965 0 0 1.86603
5975 0 0 1.86603
5985 0 0 1.86603
5995 0 0 1.86603
6005 0 0 1.86603
6015 0 0 1.86603
6025 0 0 1.86603
6035 0 0 1.86603
6045 0 0 1.86603
6055 0 0 1.86603
6065 0 0 1.86603
6075 0 0 1.86603
6085 0 0 1.86603
6095 0 0 1.86603
6105 0 0 1.86603
6115 0 0 1.86603
6125 0 0 1.86603
6135 0 0 1.86603
6145 0 0 1.86603
6155 0 0 1.86603
6165 0 0 1.86603
6175 0 0 1.86603
6185 0 0 1.86603
6195 0 0 1.86603
6205 0 0 1.86603
6215 0 0 1.86603
6225 0 0 1.86603
6235 0 0 1.86603
6245 0 0 1.86603
6255 0 0 1.86603
6265 0 0 1.86603
6275 0 0 1.86603
6285 0 0 1.86603
6295 0 0 1.86603
6305 0 0 1.86603
6315 0 0 1.86603
6325 0 0 1.86603
6335 0 0 1.86603
6345 0 0 1.86603
6355 0 0 1.86603
6365 0 0 1.86603
6375 0 0 1.86603
6385 0 0 1.86603
6395 0 0 1.86603
6405 0 0 1.86603
6415 0 0 1.86603
6425 0 0 1.86603
6435 0 0 1.86603
6445 0 0 1.86603
6455 0 0 1.86603
6465 0 0 1.86603
6475 0 0 1.86603
6485 0 0 1.86603
6495 0 0 1.86603
6505 0 0 1.86603
6515 0 0 1.86603
6525 0 0 1.86603
6535 0 0 1.86603
6545 0 0 1.86603
6555 0 0 1.86603
6565 0 0 1.86603
6575 0 0 1.86603
6585 0 0 1.86603
6595 0 0 1.86603
6605 0 0 1.86603
6615 0 0 1.86603
6625 0 0 1.86603
6635 0 0 1.86603
6645 0 0 1.86603
6655 0 0 1.86603
6665 0 0 1.86603
6675 0 0 1.86603
6685 0 0 1.86603
6695 0 0 1.86603
6705 0 0 1.86603
6715 0 0 1.86603
6725 0 0 1.86603
6735 0 0 1.86603
6745 0 0 1.86603
6755 0 0 1.86603
6765 0 0 1.86603
6775 0 0 1.86603
6785 0 0 1.86603
6795 0 0 1.86603
6805 0 0 1.86603
6815 0 0 1.86603
6825 0 0 1.86603
6835 0 0 1.86603
6845 0 0 1.86603
6855 0 0 1.86603
6865 0 0 1.86603
6875 0 0 1.86603
6885 0 0 1.86603
6895 0 0 1.86603
6905 0 0 1.86603
6915 0 0 1.86603
6925 0 0 1.86603
6935 0 0 1.86603
6945 0 0 1.86603
6955 0 0 1.86603
6965 0 0 1.86603
6975 0 0 1.86603
6985 0 0 1.86603
6995 0 0 1.86603
7005 0 0 1.86603
7015 0 0 1.86603
7025 0 0 1.86603
7035 0 0 1.86603
7045 0 0 1.86603
7055 0 0 1.86603
7065 0 0 1.86603
7075 0 0 1.86603
7085 0 0 1.86603
7095 0 0 1.86603
7105 0 0 1.86603
7115 0 0 1.86603
7125 0 0 1.86603
7135 0 0 1.86603
7145 0 0 1.86603
7155 0 0 1.86603
7165 0 0 1.86603
7175 0 0 1.86603
7185 0 0 1.86603
7195 0 0 1.86603
7205 0 0 1.86603
7215 0 0 1.86603
7225 0 0 1.86603
7235 0 0 1.86603
7245 0 0 1.86603
7255 0 0 1.86603
7265 0 0 1.86603
7275 0 0 1.86603
7285 0 0 1.86603
7295 0 0 1.86603
7305 0 0 1.86603
7315 0 0 1.86603
7325 0 0 1.86603
7335 0 0 1.86603
7345 0 0 1.86603
7355 0 0 1.86603
7365 0 0 1.86603
7375 0 0 1.86603
7385 0 0 1.86603
7395 0 0 1.86603
7405 0 0 1.86603
7415 0 0 1.86603
7425 0 0 1.86603
7435 0 0 1.86603
7445 0 0 1.86603
7455 0 0 1.86603
7465 0 0 1.86603
7475 0 0 1.86603
7485 0 0 1.86603
7495 0 0 1.86603
7505 0 0 1.86603
7515 0 0 1.86603
7525 0 0 1.86603
7535 0 0 1.86603
7545 0 0 1.86603
7555 0 0 1.86603
7565 0 0 1.86603
7575 0 0 1.86603
7585 0 0 1.86603
7595 0 0 1.86603
7605 0 0 1.86603
7615 0 0 1.86603
7625 0 0 1.86603
7635 0 0 1.86603
7645 0 0 1.86603
7655 0 0 1.86603
7665 0 0 1.86603
7675 0 0 1.86603
7685 0 0 1.86603
7695 0 0 1.86603
7705 0 0 1.86603
7715 0 0 1.86603
7725 0 0 1.86603
7735 0 0 1.86603
7745 0 0 1.86603
7755 0 0 1.86603
7765 0 0 1.86603
7775 0 0 1.86603
7785 0 0 1.86603
7795 0 0 1.86603
7805 0 0 1.86603
7815 0 0 1.86603
7825 0 0 1.86603
7835 0 0 1.86603
7845 0 0 1.86603
7855 0 0 1.86603
7865 0 0 1.86603
7875 0 0 1.86603
7885 0 0 1.86603
7895 0 0 1.86603
7905 0 0 1.86603
7915 0 0 1.86603
7925 0 0 1.86603
7935 0 0 1.86603
7945 0 0 1.86603
7955 0 0 1.86603
7965 0 0 1.86603
7975 0 0 1.86603
7985 0 0 1.86603
7995 0 0 1.86603
8005 0 0 1.86603
8015 0 0 1.86603
8025 0 0 1.86603
8035 0 0 1.86603
8045 0 0 1.86603
8055 0 0 1.86603
8065 0 0 1.86603
8075 0 0 1.86603
8085 0 0 1.86603
8095 0 0 1.86603
8105 0 0 1.86603
8115 0 0 1.86603
8125 0 0 1.86603
8135 0 0 1.86603
8145 0 0 1.86603
8155 0 0 1.86603
8165 0 0 1.86603
8175 0 0 1.86603
8185 0 0 1.86603
8195 0 0 1.86603
8205 0 0 1.86603
8215 0 0 1.86603
8225 0 0 1.86603
8235 0 0 1.86603
8245 0 0 1.86603
8255 0 0 1.86603
8265 0 0 1.86603
8275 0 0 1.86603
8285 0 0 1.86603
8295 0 0 1.86603
8305 0 0 1.86603
8315 0 0 1.86603
8325 0 0 1.86603
8335 0 0 1.86603
8345 0 0 1.86603
8355 0 0 1.86603
8365 0 0 1.86603
8375 0 0 1.86603
8385 0 0 1.86603
8395 0 0 1.86603
8405 0 0 1.86603
8415 0 0 1.86603
8425 0 0 1.86603
8435 0 0 1.86603
8445 0 0 1.86603
8455 0 0 1.86603
8465 0 0 1.86603
8475 0 0 1.86603
8485 0 0 1.86603
8495 0 0 1.86603
8505 0 0 1.86603
8515 0 0 1.86603
8525 0 0 1.86603
8535 0 0 1.86603
8545 0 0 1.86603
8555 0 0 1.86603
8565 0 0 1.86603
8575 0 0 1.86603
8585 0 0 1.86603
8595 0 0 1.86603
8605 0 0 1.86603
8615 0 0 1.86603
8625 0 0 1.86603
8635 0 0 1.86603
8645 0 0 1.86603
8655 0 0 1.86603
8665 0 0 1.86603
8675 0 0 1.86603
8685 0 0 1.86603
8695 0 0 1.86603
8705 0 0 1.86603
8715 0 0 1.86603
8725 0 0 1.86603
8735 0 0 1.86603
8745 0 0 1.86603
8755 0 0 1.86603
8765 0 0 1.86603
8775 0 0 1.86603
8785 0 0 1.86603
8795 0 0 1.86603
8805 0 0 1.86603
8815 0 0 1.86603
8825 0 0 1.86603
8835 0 0 1.86603
8845 0 0 1.86603
8855 0 0 1.86603
8865 0 0 1.86603
8875 0 0 1.86603
8885 0 0 1.86603
8895 0 0 1.86603
8905 0 0 1.86603
8915 0 0 1.86603
8925 0 0 1.86603
8935 0 0 1.86603
8945 0 0 1.86603
8955 0 0 1.86603
8965 0 0 1.86603
8975 0 0 1.86603
8985 0 0 1.86603
8995 0 0 1.86603
9005 0 0 1.86603
9015 0 0 1.86603
9025 0 0 1.86603
9035 0 0 1.86603
9045 0 0 1.86603
9055 0 0 1.86603
9065 0 0 1.86603
9075 0 0 1.86603
9085 0 0 1.86603
9095 0 0 1.86603
9105 0 0 1.86603
9115 0 0 1.86603
9125 0 0 1.86603
9135 0 0 1.86603
9145 0 0 1.86603
9155 0 0 1.86603
9165 0 0 1.86603
9175 0 0 1.86603
9185 0 0 1.86603
9195 0 0 1.86603
9205 0 0 1.86603
9215 0 0 1.86603
9225 0 0 1.86603
9235 0 0 1.86603
9245 0 0 1.86603
9255 0 0 1.86603
9265 0 0 1.86603
9275 0 0 1.86603
9285 0 0 1.86603
9295 0 0 1.86603
9305 0 0 1.86603
9315 0 0 1.86603
9325 0 0 1.86603
9335 0 0 1.86603
9345 0 0 1.86603
9355 0 0 1.86603
9365 0 0 1.86603
9375 0 0 1.86603
9385 0 0 1.86603
9395 0 0 1.86603
9405 0 0 1.86603
9415 0 0 1.86603
9425 0 0 1.86603
9435 0 0 1.86603
9445 0 0 1.86603
9455 0 0 1.86603
9465 0 0 1.86603
9475 0 0 1.86603
9485 0 0 1.86603
9495 0 0 1.86603
9505 0 0 1.86603
9515 0 0 1.86603
9525 0 0 1.86603
9535 0 0 1.86603
9545 0 0 1.86603
9555 0 0 1.86603
9565 0 0 1.86603
9575 0 0 1.86603
9585 0 0 1.86603
9595 0 0 1.86603
9605 0 0 1.86603
9615 0 0 1.86603
9625 0 0 1.86603
9635 0 0 1.86603
9645 0 0 1.86603
9655 0 0 1.86603
9665 0 0 1.86603
9675 0 0 1.86603
9685 0 0 1.86603
9695 0 0 1.86603
9705 0 0 1.86603
9715 0 0 1.86603
9725 0 0 1.86603
9735 0 0 1.86603
9745 0 0 1.86603
9755 0 0 1.86603
9765 0 0 1.86603
9775 0 0 1.86603
9785 0 0 1.86603
9795 0 0 1.86603
9805 0 0 1.86603
9815 0 0 1.86603
9825 0 0 1.86603
9835 0 0 1.86603
9845 0 0 1.86603
9855 0 0 1.86603
9865 0 0 1.86603
9875 0 0 1.86603
9885 0 0 1.86603
9895 0 0 1.86603
9905 0 0 1.86603
9915 0 0 1.86603
9925 0 0 1.86603
9935 0 0 1.86603
9945 0 0 1.86603
9955 0 0 1.86603
9965 0 0 1.86603
9975 0 0 1.86603
9985 0 0 1.86603
9995 0 0 1.86603
