5 16 4984
15 9 4975
25 17 4958
35 15 4943
45 13 4930
55 12 4918
65 12 4906
75 14 4892
85 9 4883
95 10 4873
105 11 4862
115 19 4843
125 14 4829
135 19 4810
145 10 4800
155 15 4785
165 11 4774
175 23 4751
185 12 4739
195 10 4729
205 14 4715
215 10 4705
225 15 4690
235 9 4681
245 11 4670
255 15 4655
265 14 4641
275 14 4627
285 5 4622
295 10 4612
305 11 4601
315 16 4585
325 12 4573
335 12 4561
345 17 4544
355 6 4538
365 8 4530
375 7 4523
385 15 4508
395 12 4496
405 10 4486
415 21 4465
425 10 4455
435 15 4440
445 9 4431
455 8 4423
465 12 4411
475 9 4402
485 10 4392
495 14 4378
505 10 4368
515 17 4351
525 10 4341
535 13 4328
545 7 4321
555 12 4309
565 11 4298
575 11 4287
585 10 4277
595 14 4263
605 16 4247
615 11 4236
625 10 4226
635 8 4218
645 7 4211
655 9 4202
665 15 4187
675 12 4175
685 10 4165
695 12 4153
705 11 4142
715 11 4131
725 17 4114
735 14 4100
745 11 4089
755 5 4084
765 11 4073
775 13 4060
785 12 4048
795 16 4032
805 6 4026
815 5 4021
825 6 4015
835 11 4004
845 12 3992
855 8 3984
865 6 3978
875 15 3963
885 5 3958
895 8 3950
905 10 3940
915 10 3930
925 15 3915
935 6 3909
945 13 3896
955 14 3882
965 11 3871
975 9 3862
985 12 3850
995 13 3837
1005 9 3828
1015 11 3817
1025 16 3801
1035 4 3797
1045 6 3791
1055 12 3779
1065 7 3772
1075 17 3755
1085 14 3741
1095 7 3734
1105 12 3722
1115 13 3709
1125 14 3695
1135 12 3683
1145 8 3675
1155 4 3671
1165 13 3658
1175 14 3644
1185 16 3628
1195 10 3618
1205 11 3607
1215 9 3598
1225 14 3584
1235 7 3577
1245 9 3568
1255 7 3561
1265 12 3549
1275 6 3543
1285 13 3530
1295 11 3519
1305 5 3514
1315 7 3507
1325 9 3498
1335 9 3489
1345 12 3477
1355 13 3464
1365 8 3456
1375 10 3446
1385 11 3435
1395 5 3430
1405 10 3420
1415 11 3409
1425 11 3398
1435 5 3393
1445 7 3386
1455 7 3379
1465 7 3372
1475 10 3362
1485 8 3354
1495 9 3345
1505 8 3337
1515 8 3329
1525 10 3319
1535 10 3309
1545 9 3300
1555 4 3296
1565 9 3287
1575 4 3283
1585 11 3272
1595 7 3265
1605 7 3258
1615 10 3248
1625 6 3242
1635 7 3235
1645 7 3228
1655 9 3219
1665 5 3214
1675 14 3200
1685 9 3191
1695 7 3184
1705 10 3174
1715 12 3162
1725 6 3156
1735 6 3150
1745 8 3142
1755 5 3137
1765 5 3132
1775 3 3129
1785 11 3118
1795 8 3110
1805 5 3105
1815 8 3097
1825 5 3092
1835 7 3085
1845 6 3079
1855 12 3067
1865 7 3060
1875 4 3056
1885 9 3047
1895 9 3038
1905 7 3031
1915 11 3020
1925 9 3011
1935 12 2999
1945 7 2992
1955 11 2981
1965 4 2977
1975 6 2971
1985 10 2961
1995 7 2954
2005 8 2946
2015 7 2939
2025 11 2928
2035 9 2919
2045 6 2913
2055 7 2906
2065 6 2900
2075 12 2888
2085 10 2878
2095 4 2874
2105 11 2863
2115 7 2856
2125 4 2852
2135 8 2844
2145 4 2840
2155 4 2836
2165 9 2827
2175 9 2818
2185 7 2811
2195 10 2801
2205 7 2794
2215 6 2788
2225 6 2782
2235 12 2770
2245 4 2766
2255 6 2760
2265 7 2753
2275 12 2741
2285 11 2730
2295 8 2722
2305 9 2713
2315 9 2704
2325 10 2694
2335 7 2687
2345 5 2682
2355 6 2676
2365 12 2664
2375 6 2658
2385 12 2646
2395 3 2643
2405 9 2634
2415 8 2626
2425 6 2620
2435 12 2608
2445 10 2598
2455 9 2589
2465 6 2583
2475 1 2582
2485 6 2576
2495 13 2563
2505 6 2557
2515 6 2551
2525 4 2547
2535 5 2542
2545 7 2535
2555 4 2531
2565 4 2527
2575 7 2520
2585 3 2517
2595 8 2509
2605 6 2503
2615 4 2499
2625 6 2493
2635 3 2490
2645 6 2484
2655 5 2479
2665 5 2474
2675 3 2471
2685 9 2462
2695 5 2457
2705 5 2452
2715 2 2450
2725 6 2444
2735 1 2443
2745 0 2443
2755 12 2431
2765 8 2423
2775 5 2418
2785 7 2411
2795 5 2406
2805 12 2394
2815 5 2389
2825 6 2383
2835 4 2379
2845 5 2374
2855 5 2369
2865 9 2360
2875 9 2351
2885 2 2349
2895 4 2345
2905 5 2340
2915 6 2334
2925 4 2330
2935 9 2321
2945 5 2316
2955 8 2308
2965 11 2297
2975 9 2288
2985 9 2279
2995 5 2274
3005 7 2267
3015 9 2258
3025 2 2256
3035 6 2250
3045 8 2242
3055 8 2234
3065 9 2225
3075 3 2222
3085 9 2213
3095 11 2202
3105 9 2193
3115 7 2186
3125 6 2180
3135 3 2177
3145 3 2174
3155 10 2164
3165 8 2156
3175 4 2152
3185 7 2145
3195 2 2143
3205 3 2140
3215 5 2135
3225 7 2128
3235 3 2125
3245 6 2119
3255 10 2109
3265 3 2106
3275 9 2097
3285 4 2093
3295 7 2086
3305 6 2080
3315 6 2074
3325 8 2066
3335 7 2059
3345 3 2056
3355 6 2050
3365 7 2043
3375 8 2035
3385 5 2030
3395 8 2022
3405 5 2017
3415 5 2012
3425 10 2002
3435 7 1995
3445 7 1988
3455 11 1977
3465 10 1967
3475 4 1963
3485 3 1960
3495 5 1955
3505 7 1948
3515 5 1943
3525 5 1938
3535 5 1933
3545 10 1923
3555 8 1915
3565 3 1912
3575 7 1905
3585 6 1899
3595 7 1892
3605 6 1886
3615 3 1883
3625 6 1877
3635 3 1874
3645 8 1866
3655 2 1864
3665 7 1857
3675 3 1854
3685 3 1851
3695 1 1850
3705 2 1848
3715 5 1843
3725 6 1837
3735 8 1829
3745 4 1825
3755 8 1817
3765 4 1813
3775 9 1804
3785 9 1795
3795 5 1790
3805 5 1785
3815 7 1778
3825 6 1772
3835 5 1767
3845 6 1761
3855 5 1756
3865 6 1750
3875 6 1744
3885 3 1741
3895 3 1738
3905 6 1732
3915 2 1730
3925 3 1727
3935 7 1720
3945 8 1712
3955 4 1708
3965 3 1705
3975 6 1699
3985 7 1692
3995 3 1689
4005 9 1680
4015 4 1676
4025 5 1671
4035 5 1666
4045 5 1661
4055 6 1655
4065 4 1651
4075 4 1647
4085 6 1641
4095 6 1635
4105 4 1631
4115 8 1623
4125 4 1619
4135 5 1614
4145 7 1607
4155 7 1600
4165 5 1595
4175 3 1592
4185 2 1590
4195 5 1585
4205 7 1578
4215 4 1574
4225 10 1564
4235 5 1559
4245 8 1551
4255 4 1547
4265 4 1543
4275 5 1538
4285 7 1531
4295 3 1528
4305 5 1523
4315 4 1519
4325 1 1518
4335 3 1515
4345 1 1514
4355 3 1511
4365 6 1505
4375 6 1499
4385 5 1494
4395 1 1493
4405 3 1490
4415 7 1483
4425 3 1480
4435 3 1477
4445 9 1468
4455 2 1466
4465 3 1463
4475 2 1461
4485 5 1456
4495 3 1453
4505 5 1448
4515 2 1446
4525 6 1440
4535 4 1436
4545 2 1434
4555 5 1429
4565 5 1424
4575 1 1423
4585 6 1417
4595 3 1414
4605 4 1410
4615 5 1405
4625 8 1397
4635 3 1394
4645 2 1392
4655 6 1386
4665 4 1382
4675 4 1378
4685 4 1374
4695 2 1372
4705 1 1371
4715 4 1367
4725 8 1359
4735 4 1355
4745 7 1348
4755 3 1345
4765 0 1345
4775 2 1343
4785 6 1337
4795 7 1330
4805 5 1325
4815 5 1320
4825 2 1318
4835 2 1316
4845 4 1312
4855 5 1307
4865 2 1305
4875 4 1301
4885 3 1298
4895 1 1297
4905 5 1292
4915 1 1291
4925 4 1287
4935 4 1283
4945 3 1280
4955 2 1278
4965 1 1277
4975 7 1270
4985 4 1266
4995 4 1262
5005 7 1255
5015 1 1254
5025 5 1249
5035 2 1247
5045 6 1241
5055 1 1240
5065 5 1235
5075 4 1231
5085 6 1225
5095 4 1221
5105 5 1216
5115 5 1211
5125 6 1205
5135 5 1200
5145 4 1196
5155 3 1193
5165 3 1190
5175 2 1188
5185 3 1185
5195 0 1185
5205 2 1183
5215 5 1178
5225 3 1175
5235 4 1171
5245 3 1168
5255 1 1167
5265 3 1164
5275 3 1161
5285 7 1154
5295 5 1149
5305 2 1147
5315 4 1143
5325 3 1140
5335 6 1134
5345 3 1131
5355 4 1127
5365 1 1126
5375 4 1122
5385 4 1118
5395 5 1113
5405 6 1107
5415 1 1106
5425 4 1102
5435 2 1100
5445 4 1096
5455 2 1094
5465 1 1093
5475 0 1093
5485 3 1090
5495 5 1085
5505 3 1082
5515 4 1078
5525 4 1074
5535 2 1072
5545 4 1068
5555 1 1067
5565 1 1066
5575 1 1065
5585 2 1063
5595 7 1056
5605 1 1055
5615 4 1051
5625 0 1051
5635 2 1049
5645 2 1047
5655 1 1046
5665 3 1043
5675 3 1040
5685 3 1037
5695 7 1030
5705 2 1028
5715 2 1026
5725 4 1022
5735 6 1016
5745 1 1015
5755 2 1013
5765 4 1009
5775 1 1008
5785 2 1006
5795 1 1005
5805 0 1005
5815 1 1004
5825 1 1003
5835 5 998
5845 0 998
5855 0 998
5865 4 994
5875 2 992
5885 3 989
5895 2 987
5905 2 985
5915 3 982
5925 3 979
5935 1 978
5945 2 976
5955 2 974
5965 4 970
5975 1 969
5985 0 969
5995 2 967
6005 4 963
6015 1 962
6025 0 962
6035 1 961
6045 1 960
6055 2 958
6065 2 956
6075 4 952
6085 2 950
6095 3 947
6105 1 946
6115 0 946
6125 3 943
6135 3 940
6145 1 939
6155 4 935
6165 3 932
6175 2 930
6185 3 927
6195 2 925
6205 2 923
6215 0 923
6225 1 922
6235 2 920
6245 4 916
6255 2 914
6265 3 911
6275 2 909
6285 5 904
6295 2 902
6305 1 901
6315 0 901
6325 0 901
6335 1 900
6345 2 898
6355 1 897
6365 3 894
6375 0 894
6385 4 890
6395 1 889
6405 1 888
6415 3 885
6425 2 883
6435 4 879
6445 2 877
6455 2 875
6465 4 871
6475 1 870
6485 2 868
6495 1 867
6505 3 864
6515 1 863
6525 3 860
6535 3 857
6545 2 855
6555 5 850
6565 2 848
6575 4 844
6585 3 841
6595 5 836
6605 1 835
6615 2 833
6625 2 831
6635 1 830
6645 3 827
6655 0 827
6665 0 827
6675 2 825
6685 3 822
6695 2 820
6705 1 819
6715 1 818
6725 2 816
6735 3 813
6745 4 809
6755 2 807
6765 2 805
6775 2 803
6785 4 799
6795 2 797
6805 2 795
6815 2 793
6825 3 790
6835 2 788
6845 2 786
6855 4 782
6865 2 780
6875 4 776
6885 2 774
6895 3 771
6905 1 770
6915 1 769
6925 2 767
6935 2 765
6945 2 763
6955 2 761
6965 1 760
6975 4 756
6985 0 756
6995 2 754
7005 1 753
7015 3 750
7025 2 748
7035 6 742
7045 2 740
7055 0 740
7065 0 740
7075 1 739
7085 3 736
7095 4 732
7105 2 730
7115 0 730
7125 1 729
7135 0 729
7145 3 726
7155 0 726
7165 1 725
7175 4 721
7185 1 720
7195 4 716
7205 1 715
7215 2 713
7225 3 710
7235 1 709
7245 1 708
7255 3 705
7265 2 703
7275 3 700
7285 1 699
7295 2 697
7305 1 696
7315 1 695
7325 2 693
7335 5 688
7345 2 686
7355 0 686
7365 1 685
7375 0 685
7385 2 683
7395 4 679
7405 2 677
7415 4 673
7425 3 670
7435 0 670
7445 1 669
7455 3 666
7465 1 665
7475 3 662
7485 0 662
7495 3 659
7505 0 659
7515 1 658
7525 2 656
7535 1 655
7545 2 653
7555 3 650
7565 1 649
7575 2 647
7585 1 646
7595 0 646
7605 1 645
7615 1 644
7625 2 642
7635 1 641
7645 2 639
7655 1 638
7665 4 634
7675 2 632
7685 1 631
7695 1 630
7705 2 628
7715 1 627
7725 2 625
7735 0 625
7745 0 625
7755 3 622
7765 2 620
7775 3 617
7785 0 617
7795 2 615
7805 2 613
7815 3 610
7825 1 609
7835 0 609
7845 2 607
7855 2 605
7865 2 603
7875 1 602
7885 6 596
7895 0 596
7905 1 595
7915 0 595
7925 2 593
7935 0 593
7945 0 593
7955 1 592
7965 2 590
7975 1 589
7985 1 588
7995 2 586
8005 0 586
8015 1 585
8025 1 584
8035 0 584
8045 2 582
8055 5 577
8065 4 573
8075 0 573
8085 1 572
8095 1 571
8105 1 570
8115 1 569
8125 0 569
8135 2 567
8145 1 566
8155 2 564
8165 3 561
8175 1 560
8185 5 555
8195 0 555
8205 2 553
8215 0 553
8225 0 553
8235 3 550
8245 3 547
8255 5 542
8265 2 540
8275 2 538
8285 2 536
8295 2 534
8305 0 534
8315 3 531
8325 0 531
8335 2 529
8345 1 528
8355 0 528
8365 1 527
8375 2 525
8385 2 523
8395 1 522
8405 1 521
8415 1 520
8425 4 516
8435 2 514
8445 2 512
8455 2 510
8465 2 508
8475 3 505
8485 2 503
8495 1 502
8505 0 502
8515 2 500
8525 2 498
8535 0 498
8545 2 496
8555 1 495
8565 1 494
8575 0 494
8585 3 491
8595 2 489
8605 0 489
8615 1 488
8625 0 488
8635 2 486
8645 0 486
8655 1 485
8665 0 485
8675 1 484
8685 5 479
8695 2 477
8705 0 477
8715 3 474
8725 4 470
8735 2 468
8745 1 467
8755 0 467
8765 0 467
8775 1 466
8785 2 464
8795 1 463
8805 0 463
8815 3 460
8825 1 459
8835 4 455
8845 2 453
8855 2 451
8865 2 449
8875 0 449
8885 1 448
8895 4 444
8905 0 444
8915 1 443
8925 1 442
8935 1 441
8945 2 439
8955 1 438
8965 1 437
8975 1 436
8985 0 436
8995 2 434
9005 1 433
9015 2 431
9025 1 430
9035 2 428
9045 0 428
9055 1 427
9065 0 427
9075 2 425
9085 1 424
9095 2 422
9105 2 420
9115 2 418
9125 2 416
9135 1 415
9145 2 413
9155 1 412
9165 0 412
9175 2 410
9185 1 409
9195 1 408
9205 1 407
9215 1 406
9225 0 406
9235 0 406
9245 4 402
9255 1 401
9265 0 401
9275 3 398
9285 2 396
9295 1 395
9305 0 395
9315 0 395
9325 0 395
9335 2 393
9345 0 393
9355 3 390
9365 0 390
9375 2 388
9385 0 388
9395 1 387
9405 0 387
9415 1 386
9425 1 385
9435 0 385
9445 2 383
9455 1 382
9465 0 382
9475 0 382
9485 3 379
9495 0 379
9505 3 376
9515 0 376
9525 0 376
9535 0 376
9545 0 376
9555 1 375
9565 3 372
9575 0 372
9585 1 371
9595 1 370
9605 2 368
9615 1 367
9625 1 366
9635 1 365
9645 1 364
9655 0 364
9665 1 363
9675 5 358
9685 3 355
9695 1 354
9705 2 352
9715 1 351
9725 0 351
9735 1 350
9745 1 349
9755 0 349
9765 1 348
9775 1 347
9785 2 345
9795 1 344
9805 1 343
9815 0 343
9825 0 343
9835 1 342
9845 3 339
9855 2 337
9865 0 337
9875 0 337
9885 0 337
9895 1 336
9905 0 336
9915 1 335
9925 3 332
9935 2 330
9945 1 329
9955 0 329
9965 0 329
9975 0 329
9985 0 329
9995 2 327
