5 161 9839 13.7181
15 147 9692 13.1552
25 156 9536 13.52
35 151 9385 13.3187
45 142 9243 12.9478
55 158 9085 13.5996
65 152 8933 13.3592
75 139 8794 12.8216
85 150 8644 13.278
95 118 8526 11.8972
105 136 8390 12.694
115 126 8264 12.2583
125 111 8153 11.5712
135 129 8024 12.3908
145 129 7895 12.3908
155 109 7786 11.4762
165 103 7683 11.1858
175 118 7565 11.8972
185 106 7459 11.332
195 111 7348 11.5712
205 96 7252 10.8362
215 117 7135 11.8513
225 113 7022 11.6654
235 99 6923 10.9875
245 92 6831 10.6307
255 106 6725 11.332
265 94 6631 10.734
275 104 6527 11.2347
285 113 6414 11.6654
295 81 6333 10.0416
305 106 6227 11.332
315 93 6134 10.6825
325 95 6039 10.7852
335 97 5942 10.8869
345 79 5863 9.93029
355 97 5766 10.8869
365 96 5670 10.8362
375 88 5582 10.4207
385 93 5489 10.6825
395 87 5402 10.3675
405 75 5327 9.70345
415 100 5227 11.0374
425 83 5144 10.1515
435 76 5068 9.76071
445 79 4989 9.93029
455 79 4910 9.93029
465 79 4831 9.93029
475 81 4750 10.0416
485 56 4694 8.53326
495 70 4624 9.4113
505 73 4551 9.58778
515 69 4482 9.35165
525 64 4418 9.04674
535 64 4354 9.04674
545 62 4292 8.92149
555 69 4223 9.35165
565 71 4152 9.47054
575 62 4090 8.92149
585 52 4038 8.26292
595 58 3980 8.66485
605 49 3931 8.05337
615 65 3866 9.10864
625 53 3813 8.33144
635 58 3755 8.66485
645 59 3696 8.72981
655 59 3637 8.72981
665 56 3581 8.53326
675 53 3528 8.33144
685 52 3476 8.26292
695 47 3429 7.91014
705 46 3383 7.8374
715 48 3335 7.98212
725 45 3290 7.76387
735 41 3249 7.46142
745 45 3204 7.76387
755 48 3156 7.98212
765 54 3102 8.39932
775 49 3053 8.05337
785 41 3012 7.46142
795 48 2964 7.98212
805 53 2911 8.33144
815 48 2863 7.98212
825 44 2819 7.68954
835 47 2772 7.91014
845 42 2730 7.53835
855 39 2691 7.30476
865 50 2641 8.1239
875 27 2614 6.26783
885 51 2563 8.19375
895 34 2529 6.89491
905 38 2491 7.22495
915 36 2455 7.06218
925 39 2416 7.30476
935 31 2385 6.63471
945 28 2357 6.3619
955 39 2318 7.30476
965 39 2279 7.30476
975 31 2248 6.63471
985 33 2215 6.80948
995 31 2184 6.63471
1005 35 2149 6.97913
1015 35 2114 6.97913
1025 31 2083 6.63471
1035 35 2048 6.97913
1045 26 2022 6.17204
1055 43 1979 7.61438
1065 28 1951 6.3619
1075 31 1920 6.63471
1085 33 1887 6.80948
1095 26 1861 6.17204
1105 32 1829 6.72276
1115 24 1805 5.97494
1125 21 1784 5.66369
1135 33 1751 6.80948
1145 30 1721 6.54527
1155 29 1692 6.45436
1165 29 1663 6.45436
1175 19 1644 5.4441
1185 33 1611 6.80948
1195 26 1585 6.17204
1205 16 1569 5.09268
1215 21 1548 5.66369
1225 26 1522 6.17204
1235 19 1503 5.4441
1245 17 1486 5.21307
1255 20 1466 5.55522
1265 22 1444 5.7697
1275 16 1428 5.09268
1285 18 1410 5.33013
1295 24 1386 5.97494
1305 25 1361 6.07445
1315 26 1335 6.17204
1325 21 1314 5.66369
1335 19 1295 5.4441
1345 16 1279 5.09268
1355 15 1264 4.96863
1365 19 1245 5.4441
1375 20 1225 5.55522
1385 19 1206 5.4441
1395 16 1190 5.09268
1405 14 1176 4.84057
1415 15 1161 4.96863
1425 27 1134 6.26783
1435 13 1121 4.7081
1445 17 1104 5.21307
1455 14 1090 4.84057
1465 22 1068 5.7697
1475 17 1051 5.21307
1485 17 1034 5.21307
1495 9 1025 4.1225
1505 18 1007 5.33013
1515 14 993 4.84057
1525 15 978 4.96863
1535 13 965 4.7081
1545 15 950 4.96863
1555 15 935 4.96863
1565 14 921 4.84057
1575 13 908 4.7081
1585 15 893 4.96863
1595 14 879 4.84057
1605 12 867 4.57071
1615 12 855 4.57071
1625 6 849 3.59808
1635 18 831 5.33013
1645 17 814 5.21307
1655 21 793 5.66369
1665 15 778 4.96863
1675 7 771 3.78388
1685 11 760 4.42783
1695 7 753 3.78388
1705 5 748 3.39792
1715 12 736 4.57071
1725 10 726 4.27872
1735 14 712 4.84057
1745 11 701 4.42783
1755 12 689 4.57071
1765 15 674 4.96863
1775 8 666 3.95804
1785 8 658 3.95804
1795 11 647 4.42783
1805 5 642 3.39792
1815 10 632 4.27872
1825 12 620 4.57071
1835 9 611 4.1225
1845 6 605 3.59808
1855 6 599 3.59808
1865 7 592 3.78388
1875 10 582 4.27872
1885 8 574 3.95804
1895 10 564 4.27872
1905 8 556 3.95804
1915 3 553 2.93649
1925 9 544 4.1225
1935 6 538 3.59808
1945 6 532 3.59808
1955 10 522 4.27872
1965 5 517 3.39792
1975 10 507 4.27872
1985 8 499 3.95804
1995 10 489 4.27872
2005 6 483 3.59808
2015 8 475 3.95804
2025 7 468 3.78388
2035 9 459 4.1225
2045 10 449 4.27872
2055 4 445 3.17945
2065 13 432 4.7081
2075 7 425 3.78388
2085 7 418 3.78388
2095 8 410 3.95804
2105 7 403 3.78388
2115 1 402 2.32288
2125 7 395 3.78388
2135 6 389 3.59808
2145 4 385 3.17945
2155 8 377 3.95804
2165 7 370 3.78388
2175 6 364 3.59808
2185 8 356 3.95804
2195 5 351 3.39792
2205 6 345 3.59808
2215 2 343 2.65831
2225 8 335 3.95804
2235 3 332 2.93649
2245 3 329 2.93649
2255 8 321 3.95804
2265 2 319 2.65831
2275 3 316 2.93649
2285 6 310 3.59808
2295 6 304 3.59808
2305 6 298 3.59808
2315 6 292 3.59808
2325 4 288 3.17945
2335 3 285 2.93649
2345 5 280 3.39792
2355 4 276 3.17945
2365 5 271 3.39792
2375 2 269 2.65831
2385 3 266 2.93649
2395 5 261 3.39792
2405 7 254 3.78388
2415 3 251 2.93649
2425 4 247 3.17945
2435 4 243 3.17945
2445 3 240 2.93649
2455 0 240 1.86603
2465 2 238 2.65831
2475 2 236 2.65831
2485 1 235 2.32288
2495 3 232 2.93649
2505 3 229 2.93649
2515 5 224 3.39792
2525 2 222 2.65831
2535 1 221 2.32288
2545 4 217 3.17945
2555 7 210 3.78388
2565 2 208 2.65831
2575 7 201 3.78388
2585 4 197 3.17945
2595 7 190 3.78388
2605 4 186 3.17945
2615 3 183 2.93649
2625 1 182 2.32288
2635 1 181 2.32288
2645 3 178 2.93649
2655 0 178 1.86603
2665 2 176 2.65831
2675 3 173 2.93649
2685 2 171 2.65831
2695 2 169 2.65831
2705 1 168 2.32288
2715 2 166 2.65831
2725 4 162 3.17945
2735 1 161 2.32288
2745 3 158 2.93649
2755 5 153 3.39792
2765 3 150 2.93649
2775 3 147 2.93649
2785 0 147 1.86603
2795 0 147 1.86603
2805 0 147 1.86603
2815 6 141 3.59808
2825 2 139 2.65831
2835 2 137 2.65831
2845 2 135 2.65831
2855 3 132 2.93649
2865 1 131 2.32288
2875 2 129 2.65831
2885 1 128 2.32288
2895 4 124 3.17945
2905 1 123 2.32288
2915 3 120 2.93649
2925 1 119 2.32288
2935 2 117 2.65831
2945 3 114 2.93649
2955 3 111 2.93649
2965 1 110 2.32288
2975 2 108 2.65831
2985 0 108 1.86603
2995 2 106 2.65831
3005 2 104 2.65831
3015 1 103 2.32288
3025 3 100 2.93649
3035 5 95 3.39792
3045 2 93 2.65831
3055 1 92 2.32288
3065 2 90 2.65831
3075 1 89 2.32288
3085 0 89 1.86603
3095 2 87 2.65831
3105 1 86 2.32288
3115 0 86 1.86603
3125 1 85 2.32288
3135 1 84 2.32288
3145 1 83 2.32288
3155 2 81 2.65831
3165 1 80 2.32288
3175 1 79 2.32288
3185 3 76 2.93649
3195 3 73 2.93649
3205 0 73 1.86603
3215 0 73 1.86603
3225 1 72 2.32288
3235 3 69 2.93649
3245 2 67 2.65831
3255 0 67 1.86603
3265 1 66 2.32288
3275 1 65 2.32288
3285 0 65 1.86603
3295 1 64 2.32288
3305 1 63 2.32288
3315 2 61 2.65831
3325 0 61 1.86603
3335 1 60 2.32288
3345 0 60 1.86603
3355 0 60 1.86603
3365 1 59 2.32288
3375 1 58 2.32288
3385 0 58 1.86603
3395 0 58 1.86603
3405 0 58 1.86603
3415 2 56 2.65831
3425 1 55 2.32288
3435 2 53 2.65831
3445 4 49 3.17945
3455 1 48 2.32288
3465 0 48 1.86603
3475 0 48 1.86603
3485 0 48 1.86603
3495 0 48 1.86603
3505 0 48 1.86603
3515 2 46 2.65831
3525 1 45 2.32288
3535 0 45 1.86603
3545 1 44 2.32288
3555 1 43 2.32288
3565 0 43 1.86603
3575 1 42 2.32288
3585 0 42 1.86603
3595 0 42 1.86603
3605 0 42 1.86603
3615 0 42 1.86603
3625 1 41 2.32288
3635 0 41 1.86603
3645 0 41 1.86603
3655 1 40 2.32288
3665 0 40 1.86603
3675 0 40 1.86603
3685 1 39 2.32288
3695 0 39 1.86603
3705 1 38 2.32288
3715 0 38 1.86603
3725 0 38 1.86603
3735 0 38 1.86603
3745 0 38 1.86603
3755 0 38 1.86603
3765 1 37 2.32288
3775 0 37 1.86603
3785 1 36 2.32288
3795 1 35 2.32288
3805 1 34 2.32288
3815 2 32 2.65831
3825 0 32 1.86603
3835 1 31 2.32288
3845 0 31 1.86603
3855 0 31 1.86603
3865 0 31 1.86603
3875 0 31 1.86603
3885 1 30 2.32288
3895 1 29 2.32288
3905 1 28 2.32288
3915 1 27 2.32288
3925 0 27 1.86603
3935 1 26 2.32288
3945 0 26 1.86603
3955 0 26 1.86603
3965 0 26 1.86603
3975 1 25 2.32288
3985 0 25 1.86603
3995 0 25 1.86603
4005 0 25 1.86603
4015 0 25 1.86603
4025 0 25 1.86603
4035 2 23 2.65831
4045 0 23 1.86603
4055 0 23 1.86603
4065 0 23 1.86603
4075 0 23 1.86603
4085 0 23 1.86603
4095 0 23 1.86603
4105 0 23 1.86603
4115 1 22 2.32288
4125 0 22 1.86603
4135 0 22 1.86603
4145 0 22 1.86603
4155 0 22 1.86603
4165 0 22 1.86603
4175 0 22 1.86603
4185 0 22 1.86603
4195 0 22 1.86603
4205 0 22 1.86603
4215 0 22 1.86603
4225 0 22 1.86603
4235 0 22 1.86603
4245 1 21 2.32288
4255 0 21 1.86603
4265 1 20 2.32288
4275 0 20 1.86603
4285 0 20 1.86603
4295 3 17 2.93649
4305 0 17 1.86603
4315 1 16 2.32288
4325 0 16 1.86603
4335 1 15 2.32288
4345 0 15 1.86603
4355 0 15 1.86603
4365 0 15 1.86603
4375 0 15 1.86603
4385 0 15 1.86603
4395 0 15 1.86603
4405 0 15 1.86603
4415 0 15 1.86603
4425 1 14 2.32288
4435 1 13 2.32288
4445 1 12 2.32288
4455 0 12 1.86603
4465 0 12 1.86603
4475 0 12 1.86603
4485 0 12 1.86603
4495 0 12 1.86603
4505 0 12 1.86603
4515 0 12 1.86603
4525 0 12 1.86603
4535 1 11 2.32288
4545 0 11 1.86603
4555 0 11 1.86603
4565 0 11 1.86603
4575 0 11 1.86603
4585 0 11 1.86603
4595 0 11 1.86603
4605 0 11 1.86603
4615 0 11 1.86603
4625 0 11 1.86603
4635 0 11 1.86603
4645 0 11 1.86603
4655 0 11 1.86603
4665 0 11 1.86603
4675 1 10 2.32288
4685 0 10 1.86603
4695 0 10 1.86603
4705 1 9 2.32288
4715 0 9 1.86603
4725 0 9 1.86603
4735 0 9 1.86603
4745 0 9 1.86603
4755 0 9 1.86603
4765 0 9 1.86603
4775 0 9 1.86603
4785 0 9 1.86603
4795 0 9 1.86603
4805 0 9 1.86603
4815 0 9 1.86603
4825 0 9 1.86603
4835 0 9 1.86603
4845 0 9 1.86603
4855 0 9 1.86603
4865 0 9 1.86603
4875 0 9 1.86603
4885 0 9 1.86603
4895 0 9 1.86603
4905 0 9 1.86603
4915 0 9 1.86603
4925 0 9 1.86603
4935 0 9 1.86603
4945 0 9 1.86603
4955 0 9 1.86603
4965 0 9 1.86603
4975 0 9 1.86603
4985 1 8 2.32288
4995 0 8 1.86603
5005 0 8 1.86603
5015 0 8 1.86603
5025 0 8 1.86603
5035 0 8 1.86603
5045 0 8 1.86603
5055 1 7 2.32288
5065 0 7 1.86603
5075 0 7 1.86603
5085 0 7 1.86603
5095 0 7 1.86603
5105 0 7 1.86603
5115 0 7 1.86603
5125 1 6 2.32288
5135 0 6 1.86603
5145 0 6 1.86603
5155 0 6 1.86603
5165 0 6 1.86603
5175 0 6 1.86603
5185 0 6 1.86603
5195 0 6 1.86603
5205 0 6 1.86603
5215 0 6 1.86603
5225 0 6 1.86603
5235 0 6 1.86603
5245 1 5 2.32288
5255 0 5 1.86603
5265 0 5 1.86603
5275 0 5 1.86603
5285 0 5 1.86603
5295 0 5 1.86603
5305 0 5 1.86603
5315 0 5 1.86603
5325 0 5 1.86603
5335 0 5 1.86603
5345 0 5 1.86603
5355 0 5 1.86603
5365 0 5 1.86603
5375 0 5 1.86603
5385 0 5 1.86603
5395 0 5 1.86603
5405 0 5 1.86603
5415 0 5 1.86603
5425 1 4 2.32288
5435 0 4 1.86603
5445 0 4 1.86603
5455 0 4 1.86603
5465 0 4 1.86603
5475 0 4 1.86603
5485 0 4 1.86603
5495 0 4 1.86603
5505 0 4 1.86603
5515 0 4 1.86603
5525 0 4 1.86603
5535 0 4 1.86603
5545 0 4 1.86603
5555 1 3 2.32288
5565 0 3 1.86603
5575 0 3 1.86603
5585 0 3 1.86603
5595 0 3 1.86603
5605 0 3 1.86603
5615 0 3 1.86603
5625 0 3 1.86603
5635 0 3 1.86603
5645 0 3 1.86603
5655 0 3 1.86603
5665 0 3 1.86603
5675 0 3 1.86603
5685 0 3 1.86603
5695 0 3 1.86603
5705 0 3 1.86603
5715 0 3 1.86603
5725 0 3 1.86603
5735 0 3 1.86603
5745 0 3 1.86603
5755 0 3 1.86603
5765 0 3 1.86603
5775 0 3 1.86603
5785 0 3 1.86603
5795 0 3 1.86603
5805 0 3 1.86603
5815 0 3 1.86603
5825 0 3 1.86603
5835 0 3 1.86603
5845 0 3 1.86603
5855 0 3 1.86603
5865 0 3 1.86603
5875 0 3 1.86603
5885 0 3 1.86603
5895 0 3 1.86603
5905 0 3 1.86603
5915 0 3 1.86603
5925 0 3 1.86603
5935 0 3 1.86603
5945 0 3 1.86603
5955 0 3 1.86603
5965 0 3 1.86603
5975 0 3 1.86603
5985 0 3 1.86603
5995 1 2 2.32288
6005 0 2 1.86603
6015 0 2 1.86603
6025 0 2 1.86603
6035 0 2 1.86603
6045 0 2 1.86603
6055 0 2 1.86603
6065 0 2 1.86603
6075 0 2 1.86603
6085 0 2 1.86603
6095 0 2 1.86603
6105 0 2 1.86603
6115 0 2 1.86603
6125 0 2 1.86603
6135 0 2 1.86603
6145 0 2 1.86603
6155 1 1 2.32288
6165 0 1 1.86603
6175 0 1 1.86603
6185 0 1 1.86603
6195 0 1 1.86603
6205 0 1 1.86603
6215 0 1 1.86603
6225 0 1 1.86603
6235 0 1 1.86603
6245 0 1 1.86603
6255 0 1 1.86603
6265 0 1 1.86603
6275 0 1 1.86603
6285 0 1 1.86603
6295 0 1 1.86603
6305 0 1 1.86603
6315 0 1 1.86603
6325 0 1 1.86603
6335 0 1 1.86603
6345 0 1 1.86603
6355 0 1 1.86603
6365 0 1 1.86603
6375 0 1 1.86603
6385 0 1 1.86603
6395 0 1 1.86603
6405 0 1 1.86603
6415 0 1 1.86603
6425 0 1 1.86603
6435 0 1 1.86603
6445 0 1 1.86603
6455 0 1 1.86603
6465 0 1 1.86603
6475 0 1 1.86603
6485 0 1 1.86603
6495 0 1 1.86603
6505 0 1 1.86603
6515 0 1 1.86603
6525 0 1 1.86603
6535 0 1 1.86603
6545 0 1 1.86603
6555 0 1 1.86603
6565 0 1 1.86603
6575 0 1 1.86603
6585 0 1 1.86603
6595 0 1 1.86603
6605 0 1 1.86603
6615 0 1 1.86603
6625 0 1 1.86603
6635 0 1 1.86603
6645 0 1 1.86603
6655 0 1 1.86603
6665 0 1 1.86603
6675 0 1 1.86603
6685 0 1 1.86603
6695 0 1 1.86603
6705 0 1 1.86603
6715 0 1 1.86603
6725 0 1 1.86603
6735 0 1 1.86603
6745 0 1 1.86603
6755 0 1 1.86603
6765 0 1 1.86603
6775 0 1 1.86603
6785 0 1 1.86603
6795 0 1 1.86603
6805 0 1 1.86603
6815 0 1 1.86603
6825 0 1 1.86603
6835 0 1 1.86603
6845 0 1 1.86603
6855 0 1 1.86603
6865 0 1 1.86603
6875 0 1 1.86603
6885 0 1 1.86603
6895 0 1 1.86603
6905 0 1 1.86603
6915 0 1 1.86603
6925 0 1 1.86603
6935 0 1 1.86603
6945 0 1 1.86603
6955 0 1 1.86603
6965 0 1 1.86603
6975 0 1 1.86603
6985 0 1 1.86603
6995 0 1 1.86603
7005 0 1 1.86603
7015 0 1 1.86603
7025 0 1 1.86603
7035 0 1 1.86603
7045 0 1 1.86603
7055 0 1 1.86603
7065 0 1 1.86603
7075 0 1 1.86603
7085 0 1 1.86603
7095 0 1 1.86603
7105 0 1 1.86603
7115 0 1 1.86603
7125 0 1 1.86603
7135 0 1 1.86603
7145 0 1 1.86603
7155 0 1 1.86603
7165 0 1 1.86603
7175 0 1 1.86603
7185 0 1 1.86603
7195 0 1 1.86603
7205 0 1 1.86603
7215 0 1 1.86603
7225 0 1 1.86603
7235 0 1 1.86603
7245 0 1 1.86603
7255 0 1 1.86603
7265 0 1 1.86603
7275 0 1 1.86603
7285 0 1 1.86603
7295 0 1 1.86603
7305 0 1 1.86603
7315 0 1 1.86603
7325 0 1 1.86603
7335 0 1 1.86603
7345 0 1 1.86603
7355 0 1 1.86603
7365 0 1 1.86603
7375 0 1 1.86603
7385 0 1 1.86603
7395 0 1 1.86603
7405 0 1 1.86603
7415 0 1 1.86603
7425 0 1 1.86603
7435 0 1 1.86603
7445 0 1 1.86603
7455 1 0 2.32288
7465 0 0 1.86603
7475 0 0 1.86603
7485 0 0 1.86603
7495 0 0 1.86603
7505 0 0 1.86603
7515 0 0 1.86603
7525 0 0 1.86603
7535 0 0 1.86603
7545 0 0 1.86603
7555 0 0 1.86603
7565 0 0 1.86603
7575 0 0 1.86603
7585 0 0 1.86603
7595 0 0 1.86603
7605 0 0 1.86603
7615 0 0 1.86603
7625 0 0 1.86603
7635 0 0 1.86603
7645 0 0 1.86603
7655 0 0 1.86603
7665 0 0 1.86603
7675 0 0 1.86603
7685 0 0 1.86603
7695 0 0 1.86603
7705 0 0 1.86603
7715 0 0 1.86603
7725 0 0 1.86603
7735 0 0 1.86603
7745 0 0 1.86603
7755 0 0 1.86603
7765 0 0 1.86603
7775 0 0 1.86603
7785 0 0 1.86603
7795 0 0 1.86603
7805 0 0 1.86603
7815 0 0 1.86603
7825 0 0 1.86603
7835 0 0 1.86603
7845 0 0 1.86603
7855 0 0 1.86603
7865 0 0 1.86603
7875 0 0 1.86603
7885 0 0 1.86603
7895 0 0 1.86603
7905 0 0 1.86603
7915 0 0 1.86603
7925 0 0 1.86603
7935 0 0 1.86603
7945 0 0 1.86603
7955 0 0 1.86603
7965 0 0 1.86603
7975 0 0 1.86603
7985 0 0 1.86603
7995 0 0 1.86603
8005 0 0 1.86603
8015 0 0 1.86603
8025 0 0 1.86603
8035 0 0 1.86603
8045 0 0 1.86603
8055 0 0 1.86603
8065 0 0 1.86603
8075 0 0 1.86603
8085 0 0 1.86603
8095 0 0 1.86603
8105 0 0 1.86603
8115 0 0 1.86603
8125 0 0 1.86603
8135 0 0 1.86603
8145 0 0 1.86603
8155 0 0 1.86603
8165 0 0 1.86603
8175 0 0 1.86603
8185 0 0 1.86603
8195 0 0 1.86603
8205 0 0 1.86603
8215 0 0 1.86603
8225 0 0 1.86603
8235 0 0 1.86603
8245 0 0 1.86603
8255 0 0 1.86603
8265 0 0 1.86603
8275 0 0 1.86603
8285 0 0 1.86603
8295 0 0 1.86603
8305 0 0 1.86603
8315 0 0 1.86603
8325 0 0 1.86603
8335 0 0 1.86603
8345 0 0 1.86603
8355 0 0 1.86603
8365 0 0 1.86603
8375 0 0 1.86603
8385 0 0 1.86603
8395 0 0 1.86603
8405 0 0 1.86603
8415 0 0 1.86603
8425 0 0 1.86603
8435 0 0 1.86603
8445 0 0 1.86603
8455 0 0 1.86603
8465 0 0 1.86603
8475 0 0 1.86603
8485 0 0 1.86603
8495 0 0 1.86603
8505 0 0 1.86603
8515 0 0 1.86603
8525 0 0 1.86603
8535 0 0 1.86603
8545 0 0 1.86603
8555 0 0 1.86603
8565 0 0 1.86603
8575 0 0 1.86603
8585 0 0 1.86603
8595 0 0 1.86603
8605 0 0 1.86603
8615 0 0 1.86603
8625 0 0 1.86603
8635 0 0 1.86603
8645 0 0 1.86603
8655 0 0 1.86603
8665 0 0 1.86603
8675 0 0 1.86603
8685 0 0 1.86603
8695 0 0 1.86603
8705 0 0 1.86603
8715 0 0 1.86603
8725 0 0 1.86603
8735 0 0 1.86603
8745 0 0 1.86603
8755 0 0 1.86603
8765 0 0 1.86603
8775 0 0 1.86603
8785 0 0 1.86603
8795 0 0 1.86603
8805 0 0 1.86603
8815 0 0 1.86603
8825 0 0 1.86603
8835 0 0 1.86603
8845 0 0 1.86603
8855 0 0 1.86603
8865 0 0 1.86603
8875 0 0 1.86603
8885 0 0 1.86603
8895 0 0 1.86603
8905 0 0 1.86603
8915 0 0 1.86603
8925 0 0 1.86603
8935 0 0 1.86603
8945 0 0 1.86603
8955 0 0 1.86603
8965 0 0 1.86603
8975 0 0 1.86603
8985 0 0 1.86603
8995 0 0 1.86603
9005 0 0 1.86603
9015 0 0 1.86603
9025 0 0 1.86603
9035 0 0 1.86603
9045 0 0 1.86603
9055 0 0 1.86603
9065 0 0 1.86603
9075 0 0 1.86603
9085 0 0 1.86603
9095 0 0 1.86603
9105 0 0 1.86603
9115 0 0 1.86603
9125 0 0 1.86603
9135 0 0 1.86603
9145 0 0 1.86603
9155 0 0 1.86603
9165 0 0 1.86603
9175 0 0 1.86603
9185 0 0 1.86603
9195 0 0 1.86603
9205 0 0 1.86603
9215 0 0 1.86603
9225 0 0 1.86603
9235 0 0 1.86603
9245 0 0 1.86603
9255 0 0 1.86603
9265 0 0 1.86603
9275 0 0 1.86603
9285 0 0 1.86603
9295 0 0 1.86603
9305 0 0 1.86603
9315 0 0 1.86603
9325 0 0 1.86603
9335 0 0 1.86603
9345 0 0 1.86603
9355 0 0 1.86603
9365 0 0 1.86603
9375 0 0 1.86603
9385 0 0 1.86603
9395 0 0 1.86603
9405 0 0 1.86603
9415 0 0 1.86603
9425 0 0 1.86603
9435 0 0 1.86603
9445 0 0 1.86603
9455 0 0 1.86603
9465 0 0 1.86603
9475 0 0 1.86603
9485 0 0 1.86603
9495 0 0 1.86603
9505 0 0 1.86603
9515 0 0 1.86603
9525 0 0 1.86603
9535 0 0 1.86603
9545 0 0 1.86603
9555 0 0 1.86603
9565 0 0 1.86603
9575 0 0 1.86603
9585 0 0 1.86603
9595 0 0 1.86603
9605 0 0 1.86603
9615 0 0 1.86603
9625 0 0 1.86603
9635 0 0 1.86603
9645 0 0 1.86603
9655 0 0 1.86603
9665 0 0 1.86603
9675 0 0 1.86603
9685 0 0 1.86603
9695 0 0 1.86603
9705 0 0 1.86603
9715 0 0 1.86603
9725 0 0 1.86603
9735 0 0 1.86603
9745 0 0 1.86603
9755 0 0 1.86603
9765 0 0 1.86603
9775 0 0 1.86603
9785 0 0 1.86603
9795 0 0 1.86603
9805 0 0 1.86603
9815 0 0 1.86603
9825 0 0 1.86603
9835 0 0 1.86603
9845 0 0 1.86603
9855 0 0 1.86603
9865 0 0 1.86603
9875 0 0 1.86603
9885 0 0 1.86603
9895 0 0 1.86603
9905 0 0 1.86603
9915 0 0 1.86603
9925 0 0 1.86603
9935 0 0 1.86603
9945 0 0 1.86603
9955 0 0 1.86603
9965 0 0 1.86603
9975 0 0 1.86603
9985 0 0 1.86603
9995 0 0 1.86603
