5 277 9723 17.6658
15 244 9479 16.6445
25 274 9205 17.5756
35 247 8958 16.7401
45 247 8711 16.7401
55 245 8466 16.6764
65 219 8247 15.824
75 242 8005 16.5804
85 252 7753 16.8981
95 201 7552 15.2039
105 196 7356 15.0268
115 198 7158 15.0979
125 213 6945 15.6202
135 178 6767 14.3697
145 203 6564 15.2741
155 193 6371 14.9194
165 175 6196 14.2571
175 157 6039 13.5599
185 148 5891 13.1963
195 153 5738 13.3996
205 154 5584 13.4399
215 148 5436 13.1963
225 142 5294 12.9478
235 149 5145 13.2372
245 124 5021 12.1692
255 149 4872 13.2372
265 140 4732 12.8638
275 133 4599 12.565
285 120 4479 11.9886
295 103 4376 11.1858
305 104 4272 11.2347
315 116 4156 11.8051
325 117 4039 11.8513
335 103 3936 11.1858
345 89 3847 10.4736
355 107 3740 11.3803
365 103 3637 11.1858
375 106 3531 11.332
385 79 3452 9.93029
395 79 3373 9.93029
405 113 3260 11.6654
415 97 3163 10.8869
425 92 3071 10.6307
435 85 2986 10.2601
445 79 2907 9.93029
455 79 2828 9.93029
465 68 2760 9.29156
475 73 2687 9.58778
485 73 2614 9.58778
495 74 2540 9.64581
505 65 2475 9.10864
515 73 2402 9.58778
525 70 2332 9.4113
535 63 2269 8.98436
545 55 2214 8.46659
555 61 2153 8.85812
565 62 2091 8.92149
575 55 2036 8.46659
585 74 1962 9.64581
595 40 1922 7.38357
605 42 1880 7.53835
615 53 1827 8.33144
625 59 1768 8.72981
635 54 1714 8.39932
645 40 1674 7.38357
655 37 1637 7.1441
665 49 1588 8.05337
675 52 1536 8.26292
685 54 1482 8.39932
695 36 1446 7.06218
705 42 1404 7.53835
715 37 1367 7.1441
725 33 1334 6.80948
735 24 1310 5.97494
745 41 1269 7.46142
755 33 1236 6.80948
765 31 1205 6.63471
775 28 1177 6.3619
785 35 1142 6.97913
795 31 1111 6.63471
805 31 1080 6.63471
815 25 1055 6.07445
825 21 1034 5.66369
835 36 998 7.06218
845 22 976 5.7697
855 35 941 6.97913
865 20 921 5.55522
875 19 902 5.4441
885 24 878 5.97494
895 21 857 5.66369
905 28 829 6.3619
915 30 799 6.54527
925 22 777 5.7697
935 23 754 5.8734
945 18 736 5.33013
955 27 709 6.26783
965 13 696 4.7081
975 19 677 5.4441
985 12 665 4.57071
995 17 648 5.21307
1005 14 634 4.84057
1015 18 616 5.33013
1025 13 603 4.7081
1035 13 590 4.7081
1045 17 573 5.21307
1055 22 551 5.7697
1065 9 542 4.1225
1075 13 529 4.7081
1085 19 510 5.4441
1095 16 494 5.09268
1105 12 482 4.57071
1115 14 468 4.84057
1125 11 457 4.42783
1135 17 440 5.21307
1145 11 429 4.42783
1155 15 414 4.96863
1165 16 398 5.09268
1175 12 386 4.57071
1185 6 380 3.59808
1195 12 368 4.57071
1205 14 354 4.84057
1215 14 340 4.84057
1225 5 335 3.39792
1235 11 324 4.42783
1245 11 313 4.42783
1255 16 297 5.09268
1265 11 286 4.42783
1275 6 280 3.59808
1285 5 275 3.39792
1295 6 269 3.59808
1305 4 265 3.17945
1315 11 254 4.42783
1325 6 248 3.59808
1335 10 238 4.27872
1345 10 228 4.27872
1355 1 227 2.32288
1365 5 222 3.39792
1375 9 213 4.1225
1385 6 207 3.59808
1395 4 203 3.17945
1405 2 201 2.65831
1415 2 199 2.65831
1425 7 192 3.78388
1435 6 186 3.59808
1445 4 182 3.17945
1455 6 176 3.59808
1465 9 167 4.1225
1475 3 164 2.93649
1485 4 160 3.17945
1495 8 152 3.95804
1505 5 147 3.39792
1515 8 139 3.95804
1525 11 128 4.42783
1535 4 124 3.17945
1545 2 122 2.65831
1555 1 121 2.32288
1565 7 114 3.78388
1575 3 111 2.93649
1585 3 108 2.93649
1595 3 105 2.93649
1605 2 103 2.65831
1615 6 97 3.59808
1625 2 95 2.65831
1635 3 92 2.93649
1645 1 91 2.32288
1655 2 89 2.65831
1665 1 88 2.32288
1675 1 87 2.32288
1685 6 81 3.59808
1695 2 79 2.65831
1705 3 76 2.93649
1715 3 73 2.93649
1725 1 72 2.32288
1735 0 72 1.86603
1745 1 71 2.32288
1755 2 69 2.65831
1765 1 68 2.32288
1775 3 65 2.93649
1785 1 64 2.32288
1795 1 63 2.32288
1805 1 62 2.32288
1815 3 59 2.93649
1825 3 56 2.93649
1835 2 54 2.65831
1845 3 51 2.93649
1855 1 50 2.32288
1865 0 50 1.86603
1875 1 49 2.32288
1885 0 49 1.86603
1895 1 48 2.32288
1905 0 48 1.86603
1915 3 45 2.93649
1925 2 43 2.65831
1935 1 42 2.32288
1945 0 42 1.86603
1955 0 42 1.86603
1965 3 39 2.93649
1975 0 39 1.86603
1985 1 38 2.32288
1995 0 38 1.86603
2005 1 37 2.32288
2015 0 37 1.86603
2025 1 36 2.32288
2035 1 35 2.32288
2045 0 35 1.86603
2055 0 35 1.86603
2065 2 33 2.65831
2075 0 33 1.86603
2085 3 30 2.93649
2095 1 29 2.32288
2105 0 29 1.86603
2115 2 27 2.65831
2125 0 27 1.86603
2135 0 27 1.86603
2145 1 26 2.32288
2155 1 25 2.32288
2165 0 25 1.86603
2175 1 24 2.32288
2185 0 24 1.86603
2195 1 23 2.32288
2205 0 23 1.86603
2215 1 22 2.32288
2225 0 22 1.86603
2235 0 22 1.86603
2245 1 21 2.32288
2255 1 20 2.32288
2265 0 20 1.86603
2275 0 20 1.86603
2285 0 20 1.86603
2295 2 18 2.65831
2305 1 17 2.32288
2315 0 17 1.86603
2325 0 17 1.86603
2335 0 17 1.86603
2345 0 17 1.86603
2355 1 16 2.32288
2365 2 14 2.65831
2375 0 14 1.86603
2385 0 14 1.86603
2395 0 14 1.86603
2405 1 13 2.32288
2415 3 10 2.93649
2425 0 10 1.86603
2435 0 10 1.86603
2445 0 10 1.86603
2455 0 10 1.86603
2465 0 10 1.86603
2475 0 10 1.86603
2485 0 10 1.86603
2495 1 9 2.32288
2505 2 7 2.65831
2515 0 7 1.86603
2525 0 7 1.86603
2535 0 7 1.86603
2545 0 7 1.86603
2555 0 7 1.86603
2565 0 7 1.86603
2575 0 7 1.86603
2585 0 7 1.86603
2595 0 7 1.86603
2605 0 7 1.86603
2615 0 7 1.86603
2625 0 7 1.86603
2635 0 7 1.86603
2645 0 7 1.86603
2655 0 7 1.86603
2665 0 7 1.86603
2675 0 7 1.86603
2685 0 7 1.86603
2695 0 7 1.86603
2705 1 6 2.32288
2715 1 5 2.32288
2725 0 5 1.86603
2735 0 5 1.86603
2745 0 5 1.86603
2755 0 5 1.86603
2765 0 5 1.86603
2775 0 5 1.86603
2785 0 5 1.86603
2795 0 5 1.86603
2805 0 5 1.86603
2815 0 5 1.86603
2825 0 5 1.86603
2835 0 5 1.86603
2845 0 5 1.86603
2855 0 5 1.86603
2865 0 5 1.86603
2875 0 5 1.86603
2885 1 4 2.32288
2895 0 4 1.86603
2905 0 4 1.86603
2915 0 4 1.86603
2925 1 3 2.32288
2935 0 3 1.86603
2945 0 3 1.86603
2955 0 3 1.86603
2965 0 3 1.86603
2975 0 3 1.86603
2985 0 3 1.86603
2995 1 2 2.32288
3005 0 2 1.86603
3015 1 1 2.32288
3025 0 1 1.86603
3035 0 1 1.86603
3045 0 1 1.86603
3055 0 1 1.86603
3065 1 0 2.32288
3075 0 0 1.86603
3085 0 0 1.86603
3095 0 0 1.86603
3105 0 0 1.86603
3115 0 0 1.86603
3125 0 0 1.86603
3135 0 0 1.86603
3145 0 0 1.86603
3155 0 0 1.86603
3165 0 0 1.86603
3175 0 0 1.86603
3185 0 0 1.86603
3195 0 0 1.86603
3205 0 0 1.86603
3215 0 0 1.86603
3225 0 0 1.86603
3235 0 0 1.86603
3245 0 0 1.86603
3255 0 0 1.86603
3265 0 0 1.86603
3275 0 0 1.86603
3285 0 0 1.86603
3295 0 0 1.86603
3305 0 0 1.86603
3315 0 0 1.86603
3325 0 0 1.86603
3335 0 0 1.86603
3345 0 0 1.86603
3355 0 0 1.86603
3365 0 0 1.86603
3375 0 0 1.86603
3385 0 0 1.86603
3395 0 0 1.86603
3405 0 0 1.86603
3415 0 0 1.86603
3425 0 0 1.86603
3435 0 0 1.86603
3445 0 0 1.86603
3455 0 0 1.86603
3465 0 0 1.86603
3475 0 0 1.86603
3485 0 0 1.86603
3495 0 0 1.86603
3505 0 0 1.86603
3515 0 0 1.86603
3525 0 0 1.86603
3535 0 0 1.86603
3545 0 0 1.86603
3555 0 0 1.86603
3565 0 0 1.86603
3575 0 0 1.86603
3585 0 0 1.86603
3595 0 0 1.86603
3605 0 0 1.86603
3615 0 0 1.86603
3625 0 0 1.86603
3635 0 0 1.86603
3645 0 0 1.86603
3655 0 0 1.86603
3665 0 0 1.86603
3675 0 0 1.86603
3685 0 0 1.86603
3695 0 0 1.86603
3705 0 0 1.86603
3715 0 0 1.86603
3725 0 0 1.86603
3735 0 0 1.86603
3745 0 0 1.86603
3755 0 0 1.86603
3765 0 0 1.86603
3775 0 0 1.86603
3785 0 0 1.86603
3795 0 0 1.86603
3805 0 0 1.86603
3815 0 0 1.86603
3825 0 0 1.86603
3835 0 0 1.86603
3845 0 0 1.86603
3855 0 0 1.86603
3865 0 0 1.86603
3875 0 0 1.86603
3885 0 0 1.86603
3895 0 0 1.86603
3905 0 0 1.86603
3915 0 0 1.86603
3925 0 0 1.86603
3935 0 0 1.86603
3945 0 0 1.86603
3955 0 0 1.86603
3965 0 0 1.86603
3975 0 0 1.86603
3985 0 0 1.86603
3995 0 0 1.86603
4005 0 0 1.86603
4015 0 0 1.86603
4025 0 0 1.86603
4035 0 0 1.86603
4045 0 0 1.86603
4055 0 0 1.86603
4065 0 0 1.86603
4075 0 0 1.86603
4085 0 0 1.86603
4095 0 0 1.86603
4105 0 0 1.86603
4115 0 0 1.86603
4125 0 0 1.86603
4135 0 0 1.86603
4145 0 0 1.86603
4155 0 0 1.86603
4165 0 0 1.86603
4175 0 0 1.86603
4185 0 0 1.86603
4195 0 0 1.86603
4205 0 0 1.86603
4215 0 0 1.86603
4225 0 0 1.86603
4235 0 0 1.86603
4245 0 0 1.86603
4255 0 0 1.86603
4265 0 0 1.86603
4275 0 0 1.86603
4285 0 0 1.86603
4295 0 0 1.86603
4305 0 0 1.86603
4315 0 0 1.86603
4325 0 0 1.86603
4335 0 0 1.86603
4345 0 0 1.86603
4355 0 0 1.86603
4365 0 0 1.86603
4375 0 0 1.86603
4385 0 0 1.86603
4395 0 0 1.86603
4405 0 0 1.86603
4415 0 0 1.86603
4425 0 0 1.86603
4435 0 0 1.86603
4445 0 0 1.86603
4455 0 0 1.86603
4465 0 0 1.86603
4475 0 0 1.86603
4485 0 0 1.86603
4495 0 0 1.86603
4505 0 0 1.86603
4515 0 0 1.86603
4525 0 0 1.86603
4535 0 0 1.86603
4545 0 0 1.86603
4555 0 0 1.86603
4565 0 0 1.86603
4575 0 0 1.86603
4585 0 0 1.86603
4595 0 0 1.86603
4605 0 0 1.86603
4615 0 0 1.86603
4625 0 0 1.86603
4635 0 0 1.86603
4645 0 0 1.86603
4655 0 0 1.86603
4665 0 0 1.86603
4675 0 0 1.86603
4685 0 0 1.86603
4695 0 0 1.86603
4705 0 0 1.86603
4715 0 0 1.86603
4725 0 0 1.86603
4735 0 0 1.86603
4745 0 0 1.86603
4755 0 0 1.86603
4765 0 0 1.86603
4775 0 0 1.86603
4785 0 0 1.86603
4795 0 0 1.86603
4805 0 0 1.86603
4815 0 0 1.86603
4825 0 0 1.86603
4835 0 0 1.86603
4845 0 0 1.86603
4855 0 0 1.86603
4865 0 0 1.86603
4875 0 0 1.86603
4885 0 0 1.86603
4895 0 0 1.86603
4905 0 0 1.86603
4915 0 0 1.86603
4925 0 0 1.86603
4935 0 0 1.86603
4945 0 0 1.86603
4955 0 0 1.86603
4965 0 0 1.86603
4975 0 0 1.86603
4985 0 0 1.86603
4995 0 0 1.86603
5005 0 0 1.86603
5015 0 0 1.86603
5025 0 0 1.86603
5035 0 0 1.86603
5045 0 0 1.86603
5055 0 0 1.86603
5065 0 0 1.86603
5075 0 0 1.86603
5085 0 0 1.86603
5095 0 0 1.86603
5105 0 0 1.86603
5115 0 0 1.86603
5125 0 0 1.86603
5135 0 0 1.86603
5145 0 0 1.86603
5155 0 0 1.86603
5165 0 0 1.86603
5175 0 0 1.86603
5185 0 0 1.86603
5195 0 0 1.86603
5205 0 0 1.86603
5215 0 0 1.86603
5225 0 0 1.86603
5235 0 0 1.86603
5245 0 0 1.86603
5255 0 0 1.86603
5265 0 0 1.86603
5275 0 0 1.86603
5285 0 0 1.86603
5295 0 0 1.86603
5305 0 0 1.86603
5315 0 0 1.86603
5325 0 0 1.86603
5335 0 0 1.86603
5345 0 0 1.86603
5355 0 0 1.86603
5365 0 0 1.86603
5375 0 0 1.86603
5385 0 0 1.86603
5395 0 0 1.86603
5405 0 0 1.86603
5415 0 0 1.86603
5425 0 0 1.86603
5435 0 0 1.86603
5445 0 0 1.86603
5455 0 0 1.86603
5465 0 0 1.86603
5475 0 0 1.86603
5485 0 0 1.86603
5495 0 0 1.86603
5505 0 0 1.86603
5515 0 0 1.86603
5525 0 0 1.86603
5535 0 0 1.86603
5545 0 0 1.86603
5555 0 0 1.86603
5565 0 0 1.86603
5575 0 0 1.86603
5585 0 0 1.86603
5595 0 0 1.86603
5605 0 0 1.86603
5615 0 0 1.86603
5625 0 0 1.86603
5635 0 0 1.86603
5645 0 0 1.86603
5655 0 0 1.86603
5665 0 0 1.86603
5675 0 0 1.86603
5685 0 0 1.86603
5695 0 0 1.86603
5705 0 0 1.86603
5715 0 0 1.86603
5725 0 0 1.86603
5735 0 0 1.86603
5745 0 0 1.86603
5755 0 0 1.86603
5765 0 0 1.86603
5775 0 0 1.86603
5785 0 0 1.86603
5795 0 0 1.86603
5805 0 0 1.86603
5815 0 0 1.86603
5825 0 0 1.86603
5835 0 0 1.86603
5845 0 0 1.86603
5855 0 0 1.86603
5865 0 0 1.86603
5875 0 0 1.86603
5885 0 0 1.86603
5895 0 0 1.86603
5905 0 0 1.86603
5915 0 0 1.86603
5925 0 0 1.86603
5935 0 0 1.86603
5945 0 0 1.86603
5955 0 0 1.86603
5965 0 0 1.86603
5975 0 0 1.86603
5985 0 0 1.86603
5995 0 0 1.86603
6005 0 0 1.86603
6015 0 0 1.86603
6025 0 0 1.86603
6035 0 0 1.86603
6045 0 0 1.86603
6055 0 0 1.86603
6065 0 0 1.86603
6075 0 0 1.86603
6085 0 0 1.86603
6095 0 0 1.86603
6105 0 0 1.86603
6115 0 0 1.86603
6125 0 0 1.86603
6135 0 0 1.86603
6145 0 0 1.86603
6155 0 0 1.86603
6165 0 0 1.86603
6175 0 0 1.86603
6185 0 0 1.86603
6195 0 0 1.86603
6205 0 0 1.86603
6215 0 0 1.86603
6225 0 0 1.86603
6235 0 0 1.86603
6245 0 0 1.86603
6255 0 0 1.86603
6265 0 0 1.86603
6275 0 0 1.86603
6285 0 0 1.86603
6295 0 0 1.86603
6305 0 0 1.86603
6315 0 0 1.86603
6325 0 0 1.86603
6335 0 0 1.86603
6345 0 0 1.86603
6355 0 0 1.86603
6365 0 0 1.86603
6375 0 0 1.86603
6385 0 0 1.86603
6395 0 0 1.86603
6405 0 0 1.86603
6415 0 0 1.86603
6425 0 0 1.86603
6435 0 0 1.86603
6445 0 0 1.86603
6455 0 0 1.86603
6465 0 0 1.86603
6475 0 0 1.86603
6485 0 0 1.86603
6495 0 0 1.86603
6505 0 0 1.86603
6515 0 0 1.86603
6525 0 0 1.86603
6535 0 0 1.86603
6545 0 0 1.86603
6555 0 0 1.86603
6565 0 0 1.86603
6575 0 0 1.86603
6585 0 0 1.86603
6595 0 0 1.86603
6605 0 0 1.86603
6615 0 0 1.86603
6625 0 0 1.86603
6635 0 0 1.86603
6645 0 0 1.86603
6655 0 0 1.86603
6665 0 0 1.86603
6675 0 0 1.86603
6685 0 0 1.86603
6695 0 0 1.86603
6705 0 0 1.86603
6715 0 0 1.86603
6725 0 0 1.86603
6735 0 0 1.86603
6745 0 0 1.86603
6755 0 0 1.86603
6765 0 0 1.86603
6775 0 0 1.86603
6785 0 0 1.86603
6795 0 0 1.86603
6805 0 0 1.86603
6815 0 0 1.86603
6825 0 0 1.86603
6835 0 0 1.86603
6845 0 0 1.86603
6855 0 0 1.86603
6865 0 0 1.86603
6875 0 0 1.86603
6885 0 0 1.86603
6895 0 0 1.86603
6905 0 0 1.86603
6915 0 0 1.86603
6925 0 0 1.86603
6935 0 0 1.86603
6945 0 0 1.86603
6955 0 0 1.86603
6965 0 0 1.86603
6975 0 0 1.86603
6985 0 0 1.86603
6995 0 0 1.86603
7005 0 0 1.86603
7015 0 0 1.86603
7025 0 0 1.86603
7035 0 0 1.86603
7045 0 0 1.86603
7055 0 0 1.86603
7065 0 0 1.86603
7075 0 0 1.86603
7085 0 0 1.86603
7095 0 0 1.86603
7105 0 0 1.86603
7115 0 0 1.86603
7125 0 0 1.86603
7135 0 0 1.86603
7145 0 0 1.86603
7155 0 0 1.86603
7165 0 0 1.86603
7175 0 0 1.86603
7185 0 0 1.86603
7195 0 0 1.86603
7205 0 0 1.86603
7215 0 0 1.86603
7225 0 0 1.86603
7235 0 0 1.86603
7245 0 0 1.86603
7255 0 0 1.86603
7265 0 0 1.86603
7275 0 0 1.86603
7285 0 0 1.86603
7295 0 0 1.86603
7305 0 0 1.86603
7315 0 0 1.86603
7325 0 0 1.86603
7335 0 0 1.86603
7345 0 0 1.86603
7355 0 0 1.86603
7365 0 0 1.86603
7375 0 0 1.86603
7385 0 0 1.86603
7395 0 0 1.86603
7405 0 0 1.86603
7415 0 0 1.86603
7425 0 0 1.86603
7435 0 0 1.86603
7445 0 0 1.86603
7455 0 0 1.86603
7465 0 0 1.86603
7475 0 0 1.86603
7485 0 0 1.86603
7495 0 0 1.86603
7505 0 0 1.86603
7515 0 0 1.86603
7525 0 0 1.86603
7535 0 0 1.86603
7545 0 0 1.86603
7555 0 0 1.86603
7565 0 0 1.86603
7575 0 0 1.86603
7585 0 0 1.86603
7595 0 0 1.86603
7605 0 0 1.86603
7615 0 0 1.86603
7625 0 0 1.86603
7635 0 0 1.86603
7645 0 0 1.86603
7655 0 0 1.86603
7665 0 0 1.86603
7675 0 0 1.86603
7685 0 0 1.86603
7695 0 0 1.86603
7705 0 0 1.86603
7715 0 0 1.86603
7725 0 0 1.86603
7735 0 0 1.86603
7745 0 0 1.86603
7755 0 0 1.86603
7765 0 0 1.86603
7775 0 0 1.86603
7785 0 0 1.86603
7795 0 0 1.86603
7805 0 0 1.86603
7815 0 0 1.86603
7825 0 0 1.86603
7835 0 0 1.86603
7845 0 0 1.86603
7855 0 0 1.86603
7865 0 0 1.86603
7875 0 0 1.86603
7885 0 0 1.86603
7895 0 0 1.86603
7905 0 0 1.86603
7915 0 0 1.86603
7925 0 0 1.86603
7935 0 0 1.86603
7945 0 0 1.86603
7955 0 0 1.86603
7965 0 0 1.86603
7975 0 0 1.86603
7985 0 0 1.86603
7995 0 0 1.86603
8005 0 0 1.86603
8015 0 0 1.86603
8025 0 0 1.86603
8035 0 0 1.86603
8045 0 0 1.86603
8055 0 0 1.86603
8065 0 0 1.86603
8075 0 0 1.86603
8085 0 0 1.86603
8095 0 0 1.86603
8105 0 0 1.86603
8115 0 0 1.86603
8125 0 0 1.86603
8135 0 0 1.86603
8145 0 0 1.86603
8155 0 0 1.86603
8165 0 0 1.86603
8175 0 0 1.86603
8185 0 0 1.86603
8195 0 0 1.86603
8205 0 0 1.86603
8215 0 0 1.86603
8225 0 0 1.86603
8235 0 0 1.86603
8245 0 0 1.86603
8255 0 0 1.86603
8265 0 0 1.86603
8275 0 0 1.86603
8285 0 0 1.86603
8295 0 0 1.86603
8305 0 0 1.86603
8315 0 0 1.86603
8325 0 0 1.86603
8335 0 0 1.86603
8345 0 0 1.86603
8355 0 0 1.86603
8365 0 0 1.86603
8375 0 0 1.86603
8385 0 0 1.86603
8395 0 0 1.86603
8405 0 0 1.86603
8415 0 0 1.86603
8425 0 0 1.86603
8435 0 0 1.86603
8445 0 0 1.86603
8455 0 0 1.86603
8465 0 0 1.86603
8475 0 0 1.86603
8485 0 0 1.86603
8495 0 0 1.86603
8505 0 0 1.86603
8515 0 0 1.86603
8525 0 0 1.86603
8535 0 0 1.86603
8545 0 0 1.86603
8555 0 0 1.86603
8565 0 0 1.86603
8575 0 0 1.86603
8585 0 0 1.86603
8595 0 0 1.86603
8605 0 0 1.86603
8615 0 0 1.86603
8625 0 0 1.86603
8635 0 0 1.86603
8645 0 0 1.86603
8655 0 0 1.86603
8665 0 0 1.86603
8675 0 0 1.86603
8685 0 0 1.86603
8695 0 0 1.86603
8705 0 0 1.86603
8715 0 0 1.86603
8725 0 0 1.86603
8735 0 0 1.86603
8745 0 0 1.86603
8755 0 0 1.86603
8765 0 0 1.86603
8775 0 0 1.86603
8785 0 0 1.86603
8795 0 0 1.86603
8805 0 0 1.86603
8815 0 0 1.86603
8825 0 0 1.86603
8835 0 0 1.86603
8845 0 0 1.86603
8855 0 0 1.86603
8865 0 0 1.86603
8875 0 0 1.86603
8885 0 0 1.86603
8895 0 0 1.86603
8905 0 0 1.86603
8915 0 0 1.86603
8925 0 0 1.86603
8935 0 0 1.86603
8945 0 0 1.86603
8955 0 0 1.86603
8965 0 0 1.86603
8975 0 0 1.86603
8985 0 0 1.86603
8995 0 0 1.86603
9005 0 0 1.86603
9015 0 0 1.86603
9025 0 0 1.86603
9035 0 0 1.86603
9045 0 0 1.86603
9055 0 0 1.86603
9065 0 0 1.86603
9075 0 0 1.86603
9085 0 0 1.86603
9095 0 0 1.86603
9105 0 0 1.86603
9115 0 0 1.86603
9125 0 0 1.86603
9135 0 0 1.86603
9145 0 0 1.86603
9155 0 0 1.86603
9165 0 0 1.86603
9175 0 0 1.86603
9185 0 0 1.86603
9195 0 0 1.86603
9205 0 0 1.86603
9215 0 0 1.86603
9225 0 0 1.86603
9235 0 0 1.86603
9245 0 0 1.86603
9255 0 0 1.86603
9265 0 0 1.86603
9275 0 0 1.86603
9285 0 0 1.86603
9295 0 0 1.86603
9305 0 0 1.86603
9315 0 0 1.86603
9325 0 0 1.86603
9335 0 0 1.86603
9345 0 0 1.86603
9355 0 0 1.86603
9365 0 0 1.86603
9375 0 0 1.86603
9385 0 0 1.86603
9395 0 0 1.86603
9405 0 0 1.86603
9415 0 0 1.86603
9425 0 0 1.86603
9435 0 0 1.86603
9445 0 0 1.86603
9455 0 0 1.86603
9465 0 0 1.86603
9475 0 0 1.86603
9485 0 0 1.86603
9495 0 0 1.86603
9505 0 0 1.86603
9515 0 0 1.86603
9525 0 0 1.86603
9535 0 0 1.86603
9545 0 0 1.86603
9555 0 0 1.86603
9565 0 0 1.86603
9575 0 0 1.86603
9585 0 0 1.86603
9595 0 0 1.86603
9605 0 0 1.86603
9615 0 0 1.86603
9625 0 0 1.86603
9635 0 0 1.86603
9645 0 0 1.86603
9655 0 0 1.86603
9665 0 0 1.86603
9675 0 0 1.86603
9685 0 0 1.86603
9695 0 0 1.86603
9705 0 0 1.86603
9715 0 0 1.86603
9725 0 0 1.86603
9735 0 0 1.86603
9745 0 0 1.86603
9755 0 0 1.86603
9765 0 0 1.86603
9775 0 0 1.86603
9785 0 0 1.86603
9795 0 0 1.86603
9805 0 0 1.86603
9815 0 0 1.86603
9825 0 0 1.86603
9835 0 0 1.86603
9845 0 0 1.86603
9855 0 0 1.86603
9865 0 0 1.86603
9875 0 0 1.86603
9885 0 0 1.86603
9895 0 0 1.86603
9905 0 0 1.86603
9915 0 0 1.86603
9925 0 0 1.86603
9935 0 0 1.86603
9945 0 0 1.86603
9955 0 0 1.86603
9965 0 0 1.86603
9975 0 0 1.86603
9985 0 0 1.86603
9995 0 0 1.86603
