5 110 9890 11.5238
15 113 9777 11.6654
25 116 9661 11.8051
35 100 9561 11.0374
45 102 9459 11.1366
55 107 9352 11.3803
65 101 9251 11.0871
75 105 9146 11.2835
85 110 9036 11.5238
95 88 8948 10.4207
105 107 8841 11.3803
115 88 8753 10.4207
125 72 8681 9.52936
135 97 8584 10.8869
145 87 8497 10.3675
155 71 8426 9.47054
165 79 8347 9.93029
175 81 8266 10.0416
185 85 8181 10.2601
195 69 8112 9.35165
205 99 8013 10.9875
215 80 7933 9.9861
225 81 7852 10.0416
235 73 7779 9.58778
245 87 7692 10.3675
255 73 7619 9.58778
265 92 7527 10.6307
275 73 7454 9.58778
285 92 7362 10.6307
295 69 7293 9.35165
305 81 7212 10.0416
315 69 7143 9.35165
325 83 7060 10.1515
335 72 6988 9.52936
345 73 6915 9.58778
355 72 6843 9.52936
365 72 6771 9.52936
375 86 6685 10.314
385 70 6615 9.4113
395 67 6548 9.23104
405 74 6474 9.64581
415 80 6394 9.9861
425 56 6338 8.53326
435 72 6266 9.52936
445 78 6188 9.87412
455 65 6123 9.10864
465 58 6065 8.66485
475 67 5998 9.23104
485 62 5936 8.92149
495 46 5890 7.8374
505 58 5832 8.66485
515 64 5768 9.04674
525 53 5715 8.33144
535 64 5651 9.04674
545 53 5598 8.33144
555 64 5534 9.04674
565 53 5481 8.33144
575 51 5430 8.19375
585 54 5376 8.39932
595 56 5320 8.53326
605 62 5258 8.92149
615 59 5199 8.72981
625 55 5144 8.46659
635 56 5088 8.53326
645 59 5029 8.72981
655 50 4979 8.1239
665 54 4925 8.39932
675 54 4871 8.39932
685 48 4823 7.98212
695 46 4777 7.8374
705 36 4741 7.06218
715 53 4688 8.33144
725 53 4635 8.33144
735 42 4593 7.53835
745 54 4539 8.39932
755 43 4496 7.61438
765 50 4446 8.1239
775 49 4397 8.05337
785 42 4355 7.53835
795 42 4313 7.53835
805 51 4262 8.19375
815 57 4205 8.59934
825 42 4163 7.53835
835 35 4128 6.97913
845 43 4085 7.61438
855 46 4039 7.8374
865 58 3981 8.66485
875 37 3944 7.1441
885 42 3902 7.53835
895 43 3859 7.61438
905 42 3817 7.53835
915 42 3775 7.53835
925 40 3735 7.38357
935 42 3693 7.53835
945 37 3656 7.1441
955 54 3602 8.39932
965 27 3575 6.26783
975 42 3533 7.53835
985 28 3505 6.3619
995 33 3472 6.80948
1005 33 3439 6.80948
1015 38 3401 7.22495
1025 43 3358 7.61438
1035 40 3318 7.38357
1045 32 3286 6.72276
1055 38 3248 7.22495
1065 31 3217 6.63471
1075 33 3184 6.80948
1085 33 3151 6.80948
1095 34 3117 6.89491
1105 28 3089 6.3619
1115 33 3056 6.80948
1125 35 3021 6.97913
1135 32 2989 6.72276
1145 22 2967 5.7697
1155 33 2934 6.80948
1165 24 2910 5.97494
1175 18 2892 5.33013
1185 36 2856 7.06218
1195 32 2824 6.72276
1205 42 2782 7.53835
1215 29 2753 6.45436
1225 30 2723 6.54527
1235 27 2696 6.26783
1245 19 2677 5.4441
1255 22 2655 5.7697
1265 30 2625 6.54527
1275 19 2606 5.4441
1285 24 2582 5.97494
1295 15 2567 4.96863
1305 21 2546 5.66369
1315 24 2522 5.97494
1325 29 2493 6.45436
1335 18 2475 5.33013
1345 38 2437 7.22495
1355 17 2420 5.21307
1365 24 2396 5.97494
1375 28 2368 6.3619
1385 24 2344 5.97494
1395 16 2328 5.09268
1405 29 2299 6.45436
1415 26 2273 6.17204
1425 21 2252 5.66369
1435 25 2227 6.07445
1445 23 2204 5.8734
1455 17 2187 5.21307
1465 18 2169 5.33013
1475 21 2148 5.66369
1485 25 2123 6.07445
1495 18 2105 5.33013
1505 24 2081 5.97494
1515 23 2058 5.8734
1525 15 2043 4.96863
1535 27 2016 6.26783
1545 27 1989 6.26783
1555 14 1975 4.84057
1565 11 1964 4.42783
1575 22 1942 5.7697
1585 15 1927 4.96863
1595 23 1904 5.8734
1605 15 1889 4.96863
1615 24 1865 5.97494
1625 16 1849 5.09268
1635 28 1821 6.3619
1645 16 1805 5.09268
1655 20 1785 5.55522
1665 21 1764 5.66369
1675 23 1741 5.8734
1685 15 1726 4.96863
1695 15 1711 4.96863
1705 12 1699 4.57071
1715 19 1680 5.4441
1725 21 1659 5.66369
1735 19 1640 5.4441
1745 22 1618 5.7697
1755 24 1594 5.97494
1765 16 1578 5.09268
1775 15 1563 4.96863
1785 22 1541 5.7697
1795 23 1518 5.8734
1805 16 1502 5.09268
1815 11 1491 4.42783
1825 15 1476 4.96863
1835 15 1461 4.96863
1845 12 1449 4.57071
1855 17 1432 5.21307
1865 14 1418 4.84057
1875 17 1401 5.21307
1885 14 1387 4.84057
1895 17 1370 5.21307
1905 12 1358 4.57071
1915 9 1349 4.1225
1925 16 1333 5.09268
1935 20 1313 5.55522
1945 13 1300 4.7081
1955 18 1282 5.33013
1965 10 1272 4.27872
1975 12 1260 4.57071
1985 12 1248 4.57071
1995 14 1234 4.84057
2005 12 1222 4.57071
2015 15 1207 4.96863
2025 12 1195 4.57071
2035 13 1182 4.7081
2045 18 1164 5.33013
2055 14 1150 4.84057
2065 10 1140 4.27872
2075 14 1126 4.84057
2085 13 1113 4.7081
2095 7 1106 3.78388
2105 6 1100 3.59808
2115 12 1088 4.57071
2125 7 1081 3.78388
2135 13 1068 4.7081
2145 6 1062 3.59808
2155 8 1054 3.95804
2165 13 1041 4.7081
2175 14 1027 4.84057
2185 15 1012 4.96863
2195 6 1006 3.59808
2205 10 996 4.27872
2215 6 990 3.59808
2225 11 979 4.42783
2235 12 967 4.57071
2245 8 959 3.95804
2255 7 952 3.78388
2265 13 939 4.7081
2275 8 931 3.95804
2285 11 920 4.42783
2295 9 911 4.1225
2305 8 903 3.95804
2315 10 893 4.27872
2325 10 883 4.27872
2335 13 870 4.7081
2345 6 864 3.59808
2355 8 856 3.95804
2365 12 844 4.57071
2375 10 834 4.27872
2385 6 828 3.59808
2395 10 818 4.27872
2405 6 812 3.59808
2415 4 808 3.17945
2425 8 800 3.95804
2435 11 789 4.42783
2445 12 777 4.57071
2455 6 771 3.59808
2465 14 757 4.84057
2475 8 749 3.95804
2485 2 747 2.65831
2495 11 736 4.42783
2505 4 732 3.17945
2515 7 725 3.78388
2525 5 720 3.39792
2535 9 711 4.1225
2545 9 702 4.1225
2555 5 697 3.39792
2565 8 689 3.95804
2575 7 682 3.78388
2585 10 672 4.27872
2595 9 663 4.1225
2605 8 655 3.95804
2615 7 648 3.78388
2625 6 642 3.59808
2635 4 638 3.17945
2645 7 631 3.78388
2655 7 624 3.78388
2665 6 618 3.59808
2675 4 614 3.17945
2685 11 603 4.42783
2695 4 599 3.17945
2705 9 590 4.1225
2715 4 586 3.17945
2725 6 580 3.59808
2735 9 571 4.1225
2745 6 565 3.59808
2755 6 559 3.59808
2765 4 555 3.17945
2775 9 546 4.1225
2785 4 542 3.17945
2795 3 539 2.93649
2805 7 532 3.78388
2815 5 527 3.39792
2825 2 525 2.65831
2835 2 523 2.65831
2845 3 520 2.93649
2855 10 510 4.27872
2865 6 504 3.59808
2875 2 502 2.65831
2885 9 493 4.1225
2895 2 491 2.65831
2905 3 488 2.93649
2915 2 486 2.65831
2925 3 483 2.93649
2935 10 473 4.27872
2945 3 470 2.93649
2955 3 467 2.93649
2965 9 458 4.1225
2975 9 449 4.1225
2985 4 445 3.17945
2995 5 440 3.39792
3005 8 432 3.95804
3015 6 426 3.59808
3025 9 417 4.1225
3035 9 408 4.1225
3045 5 403 3.39792
3055 6 397 3.59808
3065 4 393 3.17945
3075 6 387 3.59808
3085 4 383 3.17945
3095 6 377 3.59808
3105 5 372 3.39792
3115 3 369 2.93649
3125 3 366 2.93649
3135 7 359 3.78388
3145 3 356 2.93649
3155 6 350 3.59808
3165 1 349 2.32288
3175 1 348 2.32288
3185 3 345 2.93649
3195 7 338 3.78388
3205 2 336 2.65831
3215 6 330 3.59808
3225 7 323 3.78388
3235 5 318 3.39792
3245 3 315 2.93649
3255 2 313 2.65831
3265 3 310 2.93649
3275 1 309 2.32288
3285 4 305 3.17945
3295 6 299 3.59808
3305 8 291 3.95804
3315 3 288 2.93649
3325 4 284 3.17945
3335 2 282 2.65831
3345 4 278 3.17945
3355 3 275 2.93649
3365 3 272 2.93649
3375 5 267 3.39792
3385 3 264 2.93649
3395 4 260 3.17945
3405 3 257 2.93649
3415 3 254 2.93649
3425 1 253 2.32288
3435 2 251 2.65831
3445 1 250 2.32288
3455 1 249 2.32288
3465 2 247 2.65831
3475 3 244 2.93649
3485 4 240 3.17945
3495 3 237 2.93649
3505 1 236 2.32288
3515 4 232 3.17945
3525 2 230 2.65831
3535 3 227 2.93649
3545 3 224 2.93649
3555 3 221 2.93649
3565 1 220 2.32288
3575 3 217 2.93649
3585 1 216 2.32288
3595 2 214 2.65831
3605 3 211 2.93649
3615 2 209 2.65831
3625 2 207 2.65831
3635 1 206 2.32288
3645 2 204 2.65831
3655 0 204 1.86603
3665 4 200 3.17945
3675 2 198 2.65831
3685 2 196 2.65831
3695 3 193 2.93649
3705 3 190 2.93649
3715 2 188 2.65831
3725 1 187 2.32288
3735 2 185 2.65831
3745 2 183 2.65831
3755 4 179 3.17945
3765 2 177 2.65831
3775 0 177 1.86603
3785 2 175 2.65831
3795 2 173 2.65831
3805 0 173 1.86603
3815 2 171 2.65831
3825 0 171 1.86603
3835 1 170 2.32288
3845 0 170 1.86603
3855 0 170 1.86603
3865 1 169 2.32288
3875 0 169 1.86603
3885 2 167 2.65831
3895 0 167 1.86603
3905 3 164 2.93649
3915 2 162 2.65831
3925 2 160 2.65831
3935 3 157 2.93649
3945 0 157 1.86603
3955 2 155 2.65831
3965 4 151 3.17945
3975 3 148 2.93649
3985 0 148 1.86603
3995 5 143 3.39792
4005 0 143 1.86603
4015 2 141 2.65831
4025 1 140 2.32288
4035 2 138 2.65831
4045 1 137 2.32288
4055 3 134 2.93649
4065 0 134 1.86603
4075 1 133 2.32288
4085 0 133 1.86603
4095 2 131 2.65831
4105 0 131 1.86603
4115 0 131 1.86603
4125 2 129 2.65831
4135 1 128 2.32288
4145 1 127 2.32288
4155 1 126 2.32288
4165 1 125 2.32288
4175 0 125 1.86603
4185 0 125 1.86603
4195 2 123 2.65831
4205 0 123 1.86603
4215 3 120 2.93649
4225 1 119 2.32288
4235 1 118 2.32288
4245 2 116 2.65831
4255 1 115 2.32288
4265 1 114 2.32288
4275 3 111 2.93649
4285 1 110 2.32288
4295 1 109 2.32288
4305 1 108 2.32288
4315 1 107 2.32288
4325 3 104 2.93649
4335 2 102 2.65831
4345 1 101 2.32288
4355 2 99 2.65831
4365 2 97 2.65831
4375 2 95 2.65831
4385 0 95 1.86603
4395 1 94 2.32288
4405 1 93 2.32288
4415 0 93 1.86603
4425 3 90 2.93649
4435 0 90 1.86603
4445 2 88 2.65831
4455 1 87 2.32288
4465 0 87 1.86603
4475 1 86 2.32288
4485 1 85 2.32288
4495 2 83 2.65831
4505 0 83 1.86603
4515 0 83 1.86603
4525 0 83 1.86603
4535 0 83 1.86603
4545 0 83 1.86603
4555 0 83 1.86603
4565 0 83 1.86603
4575 0 83 1.86603
4585 0 83 1.86603
4595 1 82 2.32288
4605 0 82 1.86603
4615 2 80 2.65831
4625 2 78 2.65831
4635 2 76 2.65831
4645 1 75 2.32288
4655 2 73 2.65831
4665 1 72 2.32288
4675 0 72 1.86603
4685 2 70 2.65831
4695 1 69 2.32288
4705 0 69 1.86603
4715 1 68 2.32288
4725 1 67 2.32288
4735 0 67 1.86603
4745 0 67 1.86603
4755 0 67 1.86603
4765 1 66 2.32288
4775 0 66 1.86603
4785 0 66 1.86603
4795 0 66 1.86603
4805 1 65 2.32288
4815 1 64 2.32288
4825 2 62 2.65831
4835 0 62 1.86603
4845 1 61 2.32288
4855 0 61 1.86603
4865 1 60 2.32288
4875 0 60 1.86603
4885 0 60 1.86603
4895 2 58 2.65831
4905 2 56 2.65831
4915 1 55 2.32288
4925 0 55 1.86603
4935 1 54 2.32288
4945 3 51 2.93649
4955 0 51 1.86603
4965 0 51 1.86603
4975 0 51 1.86603
4985 1 50 2.32288
4995 0 50 1.86603
5005 0 50 1.86603
5015 0 50 1.86603
5025 0 50 1.86603
5035 2 48 2.65831
5045 2 46 2.65831
5055 0 46 1.86603
5065 0 46 1.86603
5075 0 46 1.86603
5085 1 45 2.32288
5095 0 45 1.86603
5105 0 45 1.86603
5115 1 44 2.32288
5125 1 43 2.32288
5135 1 42 2.32288
5145 0 42 1.86603
5155 1 41 2.32288
5165 0 41 1.86603
5175 1 40 2.32288
5185 1 39 2.32288
5195 0 39 1.86603
5205 1 38 2.32288
5215 0 38 1.86603
5225 0 38 1.86603
5235 0 38 1.86603
5245 2 36 2.65831
5255 0 36 1.86603
5265 1 35 2.32288
5275 0 35 1.86603
5285 1 34 2.32288
5295 0 34 1.86603
5305 0 34 1.86603
5315 0 34 1.86603
5325 0 34 1.86603
5335 1 33 2.32288
5345 0 33 1.86603
5355 0 33 1.86603
5365 0 33 1.86603
5375 0 33 1.86603
5385 0 33 1.86603
5395 0 33 1.86603
5405 0 33 1.86603
5415 1 32 2.32288
5425 0 32 1.86603
5435 0 32 1.86603
5445 0 32 1.86603
5455 1 31 2.32288
5465 0 31 1.86603
5475 0 31 1.86603
5485 0 31 1.86603
5495 0 31 1.86603
5505 0 31 1.86603
5515 0 31 1.86603
5525 0 31 1.86603
5535 0 31 1.86603
5545 1 30 2.32288
5555 0 30 1.86603
5565 0 30 1.86603
5575 0 30 1.86603
5585 0 30 1.86603
5595 0 30 1.86603
5605 1 29 2.32288
5615 0 29 1.86603
5625 0 29 1.86603
5635 0 29 1.86603
5645 0 29 1.86603
5655 0 29 1.86603
5665 1 28 2.32288
5675 0 28 1.86603
5685 0 28 1.86603
5695 0 28 1.86603
5705 0 28 1.86603
5715 1 27 2.32288
5725 1 26 2.32288
5735 1 25 2.32288
5745 0 25 1.86603
5755 0 25 1.86603
5765 1 24 2.32288
5775 0 24 1.86603
5785 0 24 1.86603
5795 1 23 2.32288
5805 0 23 1.86603
5815 0 23 1.86603
5825 0 23 1.86603
5835 0 23 1.86603
5845 0 23 1.86603
5855 0 23 1.86603
5865 0 23 1.86603
5875 1 22 2.32288
5885 0 22 1.86603
5895 0 22 1.86603
5905 0 22 1.86603
5915 0 22 1.86603
5925 0 22 1.86603
5935 0 22 1.86603
5945 1 21 2.32288
5955 0 21 1.86603
5965 0 21 1.86603
5975 0 21 1.86603
5985 0 21 1.86603
5995 0 21 1.86603
6005 0 21 1.86603
6015 0 21 1.86603
6025 0 21 1.86603
6035 0 21 1.86603
6045 0 21 1.86603
6055 0 21 1.86603
6065 0 21 1.86603
6075 2 19 2.65831
6085 0 19 1.86603
6095 0 19 1.86603
6105 0 19 1.86603
6115 0 19 1.86603
6125 1 18 2.32288
6135 0 18 1.86603
6145 0 18 1.86603
6155 0 18 1.86603
6165 0 18 1.86603
6175 0 18 1.86603
6185 1 17 2.32288
6195 0 17 1.86603
6205 0 17 1.86603
6215 0 17 1.86603
6225 1 16 2.32288
6235 0 16 1.86603
6245 0 16 1.86603
6255 0 16 1.86603
6265 0 16 1.86603
6275 0 16 1.86603
6285 0 16 1.86603
6295 0 16 1.86603
6305 0 16 1.86603
6315 0 16 1.86603
6325 0 16 1.86603
6335 0 16 1.86603
6345 0 16 1.86603
6355 1 15 2.32288
6365 0 15 1.86603
6375 0 15 1.86603
6385 0 15 1.86603
6395 0 15 1.86603
6405 0 15 1.86603
6415 0 15 1.86603
6425 0 15 1.86603
6435 0 15 1.86603
6445 0 15 1.86603
6455 0 15 1.86603
6465 0 15 1.86603
6475 0 15 1.86603
6485 0 15 1.86603
6495 0 15 1.86603
6505 0 15 1.86603
6515 1 14 2.32288
6525 1 13 2.32288
6535 0 13 1.86603
6545 0 13 1.86603
6555 0 13 1.86603
6565 0 13 1.86603
6575 0 13 1.86603
6585 1 12 2.32288
6595 0 12 1.86603
6605 0 12 1.86603
6615 0 12 1.86603
6625 0 12 1.86603
6635 0 12 1.86603
6645 0 12 1.86603
6655 0 12 1.86603
6665 0 12 1.86603
6675 0 12 1.86603
6685 0 12 1.86603
6695 0 12 1.86603
6705 0 12 1.86603
6715 1 11 2.32288
6725 1 10 2.32288
6735 0 10 1.86603
6745 0 10 1.86603
6755 0 10 1.86603
6765 0 10 1.86603
6775 0 10 1.86603
6785 0 10 1.86603
6795 0 10 1.86603
6805 0 10 1.86603
6815 0 10 1.86603
6825 0 10 1.86603
6835 0 10 1.86603
6845 0 10 1.86603
6855 0 10 1.86603
6865 1 9 2.32288
6875 0 9 1.86603
6885 0 9 1.86603
6895 0 9 1.86603
6905 0 9 1.86603
6915 0 9 1.86603
6925 0 9 1.86603
6935 0 9 1.86603
6945 0 9 1.86603
6955 0 9 1.86603
6965 0 9 1.86603
6975 0 9 1.86603
6985 0 9 1.86603
6995 0 9 1.86603
7005 0 9 1.86603
7015 0 9 1.86603
7025 0 9 1.86603
7035 0 9 1.86603
7045 0 9 1.86603
7055 0 9 1.86603
7065 0 9 1.86603
7075 0 9 1.86603
7085 0 9 1.86603
7095 0 9 1.86603
7105 0 9 1.86603
7115 0 9 1.86603
7125 0 9 1.86603
7135 0 9 1.86603
7145 0 9 1.86603
7155 0 9 1.86603
7165 0 9 1.86603
7175 0 9 1.86603
7185 0 9 1.86603
7195 0 9 1.86603
7205 0 9 1.86603
7215 0 9 1.86603
7225 0 9 1.86603
7235 0 9 1.86603
7245 0 9 1.86603
7255 0 9 1.86603
7265 0 9 1.86603
7275 0 9 1.86603
7285 0 9 1.86603
7295 0 9 1.86603
7305 0 9 1.86603
7315 0 9 1.86603
7325 0 9 1.86603
7335 0 9 1.86603
7345 0 9 1.86603
7355 0 9 1.86603
7365 0 9 1.86603
7375 0 9 1.86603
7385 0 9 1.86603
7395 0 9 1.86603
7405 0 9 1.86603
7415 0 9 1.86603
7425 0 9 1.86603
7435 0 9 1.86603
7445 0 9 1.86603
7455 0 9 1.86603
7465 0 9 1.86603
7475 0 9 1.86603
7485 0 9 1.86603
7495 0 9 1.86603
7505 0 9 1.86603
7515 0 9 1.86603
7525 0 9 1.86603
7535 0 9 1.86603
7545 1 8 2.32288
7555 0 8 1.86603
7565 0 8 1.86603
7575 0 8 1.86603
7585 0 8 1.86603
7595 0 8 1.86603
7605 0 8 1.86603
7615 0 8 1.86603
7625 0 8 1.86603
7635 0 8 1.86603
7645 0 8 1.86603
7655 0 8 1.86603
7665 1 7 2.32288
7675 0 7 1.86603
7685 0 7 1.86603
7695 0 7 1.86603
7705 0 7 1.86603
7715 0 7 1.86603
7725 0 7 1.86603
7735 0 7 1.86603
7745 0 7 1.86603
7755 0 7 1.86603
7765 0 7 1.86603
7775 0 7 1.86603
7785 0 7 1.86603
7795 1 6 2.32288
7805 0 6 1.86603
7815 1 5 2.32288
7825 0 5 1.86603
7835 0 5 1.86603
7845 0 5 1.86603
7855 0 5 1.86603
7865 0 5 1.86603
7875 0 5 1.86603
7885 0 5 1.86603
7895 0 5 1.86603
7905 0 5 1.86603
7915 0 5 1.86603
7925 0 5 1.86603
7935 0 5 1.86603
7945 0 5 1.86603
7955 0 5 1.86603
7965 0 5 1.86603
7975 0 5 1.86603
7985 0 5 1.86603
7995 0 5 1.86603
8005 0 5 1.86603
8015 0 5 1.86603
8025 0 5 1.86603
8035 0 5 1.86603
8045 0 5 1.86603
8055 0 5 1.86603
8065 0 5 1.86603
8075 0 5 1.86603
8085 0 5 1.86603
8095 0 5 1.86603
8105 0 5 1.86603
8115 0 5 1.86603
8125 0 5 1.86603
8135 0 5 1.86603
8145 0 5 1.86603
8155 0 5 1.86603
8165 0 5 1.86603
8175 0 5 1.86603
8185 0 5 1.86603
8195 0 5 1.86603
8205 0 5 1.86603
8215 1 4 2.32288
8225 0 4 1.86603
8235 0 4 1.86603
8245 0 4 1.86603
8255 0 4 1.86603
8265 0 4 1.86603
8275 0 4 1.86603
8285 0 4 1.86603
8295 0 4 1.86603
8305 0 4 1.86603
8315 0 4 1.86603
8325 0 4 1.86603
8335 0 4 1.86603
8345 0 4 1.86603
8355 0 4 1.86603
8365 0 4 1.86603
8375 0 4 1.86603
8385 0 4 1.86603
8395 0 4 1.86603
8405 0 4 1.86603
8415 0 4 1.86603
8425 0 4 1.86603
8435 0 4 1.86603
8445 0 4 1.86603
8455 0 4 1.86603
8465 0 4 1.86603
8475 0 4 1.86603
8485 0 4 1.86603
8495 0 4 1.86603
8505 0 4 1.86603
8515 0 4 1.86603
8525 0 4 1.86603
8535 0 4 1.86603
8545 0 4 1.86603
8555 0 4 1.86603
8565 0 4 1.86603
8575 0 4 1.86603
8585 0 4 1.86603
8595 0 4 1.86603
8605 0 4 1.86603
8615 0 4 1.86603
8625 0 4 1.86603
8635 0 4 1.86603
8645 0 4 1.86603
8655 0 4 1.86603
8665 0 4 1.86603
8675 0 4 1.86603
8685 0 4 1.86603
8695 0 4 1.86603
8705 0 4 1.86603
8715 0 4 1.86603
8725 0 4 1.86603
8735 0 4 1.86603
8745 0 4 1.86603
8755 0 4 1.86603
8765 0 4 1.86603
8775 0 4 1.86603
8785 0 4 1.86603
8795 0 4 1.86603
8805 0 4 1.86603
8815 0 4 1.86603
8825 0 4 1.86603
8835 0 4 1.86603
8845 0 4 1.86603
8855 0 4 1.86603
8865 0 4 1.86603
8875 0 4 1.86603
8885 0 4 1.86603
8895 0 4 1.86603
8905 0 4 1.86603
8915 0 4 1.86603
8925 0 4 1.86603
8935 0 4 1.86603
8945 0 4 1.86603
8955 0 4 1.86603
8965 0 4 1.86603
8975 0 4 1.86603
8985 0 4 1.86603
8995 0 4 1.86603
9005 0 4 1.86603
9015 0 4 1.86603
9025 0 4 1.86603
9035 0 4 1.86603
9045 0 4 1.86603
9055 0 4 1.86603
9065 0 4 1.86603
9075 0 4 1.86603
9085 0 4 1.86603
9095 0 4 1.86603
9105 0 4 1.86603
9115 0 4 1.86603
9125 0 4 1.86603
9135 0 4 1.86603
9145 0 4 1.86603
9155 0 4 1.86603
9165 0 4 1.86603
9175 0 4 1.86603
9185 0 4 1.86603
9195 0 4 1.86603
9205 0 4 1.86603
9215 0 4 1.86603
9225 0 4 1.86603
9235 0 4 1.86603
9245 0 4 1.86603
9255 0 4 1.86603
9265 0 4 1.86603
9275 0 4 1.86603
9285 0 4 1.86603
9295 0 4 1.86603
9305 0 4 1.86603
9315 0 4 1.86603
9325 0 4 1.86603
9335 0 4 1.86603
9345 0 4 1.86603
9355 0 4 1.86603
9365 0 4 1.86603
9375 0 4 1.86603
9385 0 4 1.86603
9395 0 4 1.86603
9405 0 4 1.86603
9415 0 4 1.86603
9425 0 4 1.86603
9435 0 4 1.86603
9445 0 4 1.86603
9455 0 4 1.86603
9465 0 4 1.86603
9475 0 4 1.86603
9485 0 4 1.86603
9495 0 4 1.86603
9505 0 4 1.86603
9515 0 4 1.86603
9525 0 4 1.86603
9535 0 4 1.86603
9545 0 4 1.86603
9555 0 4 1.86603
9565 0 4 1.86603
9575 0 4 1.86603
9585 0 4 1.86603
9595 0 4 1.86603
9605 0 4 1.86603
9615 0 4 1.86603
9625 1 3 2.32288
9635 0 3 1.86603
9645 0 3 1.86603
9655 0 3 1.86603
9665 0 3 1.86603
9675 0 3 1.86603
9685 0 3 1.86603
9695 0 3 1.86603
9705 0 3 1.86603
9715 0 3 1.86603
9725 0 3 1.86603
9735 0 3 1.86603
9745 0 3 1.86603
9755 0 3 1.86603
9765 0 3 1.86603
9775 0 3 1.86603
9785 0 3 1.86603
9795 1 2 2.32288
9805 0 2 1.86603
9815 0 2 1.86603
9825 0 2 1.86603
9835 0 2 1.86603
9845 0 2 1.86603
9855 0 2 1.86603
9865 0 2 1.86603
9875 0 2 1.86603
9885 0 2 1.86603
9895 0 2 1.86603
9905 0 2 1.86603
9915 0 2 1.86603
9925 0 2 1.86603
9935 0 2 1.86603
9945 0 2 1.86603
9955 0 2 1.86603
9965 1 1 2.32288
9975 0 1 1.86603
9985 0 1 1.86603
9995 0 1 1.86603
