5 77 9923 9.8176
15 89 9834 10.4736
25 83 9751 10.1515
35 68 9683 9.29156
45 74 9609 9.64581
55 82 9527 10.0967
65 77 9450 9.8176
75 81 9369 10.0416
85 70 9299 9.4113
95 74 9225 9.64581
105 66 9159 9.17007
115 65 9094 9.10864
125 59 9035 8.72981
135 82 8953 10.0967
145 57 8896 8.59934
155 54 8842 8.39932
165 68 8774 9.29156
175 60 8714 8.79423
185 54 8660 8.39932
195 63 8597 8.98436
205 66 8531 9.17007
215 71 8460 9.47054
225 66 8394 9.17007
235 61 8333 8.85812
245 55 8278 8.46659
255 71 8207 9.47054
265 62 8145 8.92149
275 76 8069 9.76071
285 58 8011 8.66485
295 66 7945 9.17007
305 66 7879 9.17007
315 54 7825 8.39932
325 70 7755 9.4113
335 47 7708 7.91014
345 63 7645 8.98436
355 61 7584 8.85812
365 54 7530 8.39932
375 62 7468 8.92149
385 71 7397 9.47054
395 46 7351 7.8374
405 64 7287 9.04674
415 69 7218 9.35165
425 56 7162 8.53326
435 45 7117 7.76387
445 58 7059 8.66485
455 35 7024 6.97913
465 54 6970 8.39932
475 53 6917 8.33144
485 48 6869 7.98212
495 49 6820 8.05337
505 54 6766 8.39932
515 50 6716 8.1239
525 49 6667 8.05337
535 54 6613 8.39932
545 45 6568 7.76387
555 56 6512 8.53326
565 52 6460 8.26292
575 43 6417 7.61438
585 52 6365 8.26292
595 45 6320 7.76387
605 51 6269 8.19375
615 51 6218 8.19375
625 29 6189 6.45436
635 54 6135 8.39932
645 45 6090 7.76387
655 52 6038 8.26292
665 51 5987 8.19375
675 46 5941 7.8374
685 49 5892 8.05337
695 43 5849 7.61438
705 59 5790 8.72981
715 47 5743 7.91014
725 33 5710 6.80948
735 45 5665 7.76387
745 54 5611 8.39932
755 43 5568 7.61438
765 44 5524 7.68954
775 38 5486 7.22495
785 47 5439 7.91014
795 39 5400 7.30476
805 47 5353 7.91014
815 34 5319 6.89491
825 38 5281 7.22495
835 37 5244 7.1441
845 48 5196 7.98212
855 48 5148 7.98212
865 40 5108 7.38357
875 41 5067 7.46142
885 32 5035 6.72276
895 33 5002 6.80948
905 35 4967 6.97913
915 40 4927 7.38357
925 33 4894 6.80948
935 38 4856 7.22495
945 25 4831 6.07445
955 36 4795 7.06218
965 55 4740 8.46659
975 33 4707 6.80948
985 30 4677 6.54527
995 37 4640 7.1441
1005 27 4613 6.26783
1015 25 4588 6.07445
1025 32 4556 6.72276
1035 34 4522 6.89491
1045 34 4488 6.89491
1055 29 4459 6.45436
1065 30 4429 6.54527
1075 34 4395 6.89491
1085 31 4364 6.63471
1095 32 4332 6.72276
1105 31 4301 6.63471
1115 34 4267 6.89491
1125 26 4241 6.17204
1135 30 4211 6.54527
1145 36 4175 7.06218
1155 20 4155 5.55522
1165 32 4123 6.72276
1175 25 4098 6.07445
1185 34 4064 6.89491
1195 27 4037 6.26783
1205 34 4003 6.89491
1215 27 3976 6.26783
1225 25 3951 6.07445
1235 36 3915 7.06218
1245 34 3881 6.89491
1255 37 3844 7.1441
1265 24 3820 5.97494
1275 29 3791 6.45436
1285 24 3767 5.97494
1295 22 3745 5.7697
1305 32 3713 6.72276
1315 27 3686 6.26783
1325 29 3657 6.45436
1335 27 3630 6.26783
1345 32 3598 6.72276
1355 30 3568 6.54527
1365 14 3554 4.84057
1375 22 3532 5.7697
1385 32 3500 6.72276
1395 23 3477 5.8734
1405 24 3453 5.97494
1415 30 3423 6.54527
1425 30 3393 6.54527
1435 26 3367 6.17204
1445 15 3352 4.96863
1455 31 3321 6.63471
1465 28 3293 6.3619
1475 23 3270 5.8734
1485 27 3243 6.26783
1495 23 3220 5.8734
1505 23 3197 5.8734
1515 31 3166 6.63471
1525 27 3139 6.26783
1535 21 3118 5.66369
1545 20 3098 5.55522
1555 23 3075 5.8734
1565 35 3040 6.97913
1575 33 3007 6.80948
1585 22 2985 5.7697
1595 25 2960 6.07445
1605 21 2939 5.66369
1615 18 2921 5.33013
1625 19 2902 5.4441
1635 15 2887 4.96863
1645 24 2863 5.97494
1655 22 2841 5.7697
1665 20 2821 5.55522
1675 20 2801 5.55522
1685 14 2787 4.84057
1695 12 2775 4.57071
1705 21 2754 5.66369
1715 13 2741 4.7081
1725 23 2718 5.8734
1735 25 2693 6.07445
1745 21 2672 5.66369
1755 23 2649 5.8734
1765 19 2630 5.4441
1775 16 2614 5.09268
1785 12 2602 4.57071
1795 20 2582 5.55522
1805 16 2566 5.09268
1815 14 2552 4.84057
1825 19 2533 5.4441
1835 19 2514 5.4441
1845 19 2495 5.4441
1855 19 2476 5.4441
1865 12 2464 4.57071
1875 13 2451 4.7081
1885 19 2432 5.4441
1895 24 2408 5.97494
1905 22 2386 5.7697
1915 20 2366 5.55522
1925 13 2353 4.7081
1935 13 2340 4.7081
1945 20 2320 5.55522
1955 12 2308 4.57071
1965 22 2286 5.7697
1975 10 2276 4.27872
1985 18 2258 5.33013
1995 24 2234 5.97494
2005 24 2210 5.97494
2015 18 2192 5.33013
2025 15 2177 4.96863
2035 20 2157 5.55522
2045 14 2143 4.84057
2055 18 2125 5.33013
2065 14 2111 4.84057
2075 12 2099 4.57071
2085 20 2079 5.55522
2095 16 2063 5.09268
2105 17 2046 5.21307
2115 13 2033 4.7081
2125 19 2014 5.4441
2135 18 1996 5.33013
2145 16 1980 5.09268
2155 17 1963 5.21307
2165 15 1948 4.96863
2175 8 1940 3.95804
2185 12 1928 4.57071
2195 10 1918 4.27872
2205 20 1898 5.55522
2215 16 1882 5.09268
2225 6 1876 3.59808
2235 13 1863 4.7081
2245 14 1849 4.84057
2255 9 1840 4.1225
2265 11 1829 4.42783
2275 12 1817 4.57071
2285 11 1806 4.42783
2295 12 1794 4.57071
2305 14 1780 4.84057
2315 11 1769 4.42783
2325 15 1754 4.96863
2335 17 1737 5.21307
2345 17 1720 5.21307
2355 11 1709 4.42783
2365 15 1694 4.96863
2375 13 1681 4.7081
2385 11 1670 4.42783
2395 9 1661 4.1225
2405 23 1638 5.8734
2415 14 1624 4.84057
2425 12 1612 4.57071
2435 11 1601 4.42783
2445 13 1588 4.7081
2455 13 1575 4.7081
2465 18 1557 5.33013
2475 11 1546 4.42783
2485 14 1532 4.84057
2495 12 1520 4.57071
2505 9 1511 4.1225
2515 5 1506 3.39792
2525 14 1492 4.84057
2535 17 1475 5.21307
2545 11 1464 4.42783
2555 22 1442 5.7697
2565 6 1436 3.59808
2575 17 1419 5.21307
2585 14 1405 4.84057
2595 13 1392 4.7081
2605 10 1382 4.27872
2615 10 1372 4.27872
2625 14 1358 4.84057
2635 9 1349 4.1225
2645 11 1338 4.42783
2655 10 1328 4.27872
2665 9 1319 4.1225
2675 8 1311 3.95804
2685 9 1302 4.1225
2695 7 1295 3.78388
2705 13 1282 4.7081
2715 12 1270 4.57071
2725 11 1259 4.42783
2735 3 1256 2.93649
2745 12 1244 4.57071
2755 12 1232 4.57071
2765 15 1217 4.96863
2775 11 1206 4.42783
2785 11 1195 4.42783
2795 13 1182 4.7081
2805 12 1170 4.57071
2815 7 1163 3.78388
2825 14 1149 4.84057
2835 9 1140 4.1225
2845 7 1133 3.78388
2855 5 1128 3.39792
2865 10 1118 4.27872
2875 8 1110 3.95804
2885 6 1104 3.59808
2895 7 1097 3.78388
2905 10 1087 4.27872
2915 10 1077 4.27872
2925 5 1072 3.39792
2935 6 1066 3.59808
2945 1 1065 2.32288
2955 5 1060 3.39792
2965 6 1054 3.59808
2975 7 1047 3.78388
2985 4 1043 3.17945
2995 6 1037 3.59808
3005 7 1030 3.78388
3015 8 1022 3.95804
3025 10 1012 4.27872
3035 7 1005 3.78388
3045 11 994 4.42783
3055 7 987 3.78388
3065 10 977 4.27872
3075 7 970 3.78388
3085 9 961 4.1225
3095 13 948 4.7081
3105 8 940 3.95804
3115 10 930 4.27872
3125 8 922 3.95804
3135 8 914 3.95804
3145 8 906 3.95804
3155 5 901 3.39792
3165 12 889 4.57071
3175 11 878 4.42783
3185 6 872 3.59808
3195 8 864 3.95804
3205 3 861 2.93649
3215 6 855 3.59808
3225 9 846 4.1225
3235 0 846 1.86603
3245 8 838 3.95804
3255 6 832 3.59808
3265 6 826 3.59808
3275 8 818 3.95804
3285 2 816 2.65831
3295 8 808 3.95804
3305 5 803 3.39792
3315 4 799 3.17945
3325 9 790 4.1225
3335 8 782 3.95804
3345 2 780 2.65831
3355 6 774 3.59808
3365 6 768 3.59808
3375 6 762 3.59808
3385 1 761 2.32288
3395 4 757 3.17945
3405 3 754 2.93649
3415 5 749 3.39792
3425 4 745 3.17945
3435 10 735 4.27872
3445 5 730 3.39792
3455 5 725 3.39792
3465 7 718 3.78388
3475 4 714 3.17945
3485 5 709 3.39792
3495 5 704 3.39792
3505 5 699 3.39792
3515 2 697 2.65831
3525 5 692 3.39792
3535 5 687 3.39792
3545 5 682 3.39792
3555 5 677 3.39792
3565 2 675 2.65831
3575 2 673 2.65831
3585 7 666 3.78388
3595 2 664 2.65831
3605 5 659 3.39792
3615 10 649 4.27872
3625 4 645 3.17945
3635 7 638 3.78388
3645 6 632 3.59808
3655 6 626 3.59808
3665 4 622 3.17945
3675 2 620 2.65831
3685 7 613 3.78388
3695 2 611 2.65831
3705 6 605 3.59808
3715 4 601 3.17945
3725 9 592 4.1225
3735 3 589 2.93649
3745 6 583 3.59808
3755 4 579 3.17945
3765 3 576 2.93649
3775 4 572 3.17945
3785 4 568 3.17945
3795 4 564 3.17945
3805 3 561 2.93649
3815 4 557 3.17945
3825 6 551 3.59808
3835 4 547 3.17945
3845 5 542 3.39792
3855 4 538 3.17945
3865 4 534 3.17945
3875 3 531 2.93649
3885 5 526 3.39792
3895 7 519 3.78388
3905 3 516 2.93649
3915 5 511 3.39792
3925 6 505 3.59808
3935 3 502 2.93649
3945 6 496 3.59808
3955 3 493 2.93649
3965 3 490 2.93649
3975 2 488 2.65831
3985 4 484 3.17945
3995 7 477 3.78388
4005 5 472 3.39792
4015 4 468 3.17945
4025 8 460 3.95804
4035 3 457 2.93649
4045 3 454 2.93649
4055 2 452 2.65831
4065 3 449 2.93649
4075 5 444 3.39792
4085 4 440 3.17945
4095 2 438 2.65831
4105 4 434 3.17945
4115 0 434 1.86603
4125 4 430 3.17945
4135 3 427 2.93649
4145 1 426 2.32288
4155 6 420 3.59808
4165 3 417 2.93649
4175 4 413 3.17945
4185 2 411 2.65831
4195 4 407 3.17945
4205 4 403 3.17945
4215 1 402 2.32288
4225 5 397 3.39792
4235 1 396 2.32288
4245 3 393 2.93649
4255 4 389 3.17945
4265 4 385 3.17945
4275 5 380 3.39792
4285 3 377 2.93649
4295 2 375 2.65831
4305 5 370 3.39792
4315 2 368 2.65831
4325 5 363 3.39792
4335 3 360 2.93649
4345 4 356 3.17945
4355 4 352 3.17945
4365 3 349 2.93649
4375 5 344 3.39792
4385 5 339 3.39792
4395 1 338 2.32288
4405 4 334 3.17945
4415 3 331 2.93649
4425 3 328 2.93649
4435 1 327 2.32288
4445 0 327 1.86603
4455 4 323 3.17945
4465 1 322 2.32288
4475 2 320 2.65831
4485 3 317 2.93649
4495 3 314 2.93649
4505 3 311 2.93649
4515 4 307 3.17945
4525 3 304 2.93649
4535 7 297 3.78388
4545 6 291 3.59808
4555 1 290 2.32288
4565 3 287 2.93649
4575 0 287 1.86603
4585 2 285 2.65831
4595 1 284 2.32288
4605 2 282 2.65831
4615 4 278 3.17945
4625 5 273 3.39792
4635 3 270 2.93649
4645 3 267 2.93649
4655 0 267 1.86603
4665 5 262 3.39792
4675 2 260 2.65831
4685 2 258 2.65831
4695 5 253 3.39792
4705 3 250 2.93649
4715 1 249 2.32288
4725 0 249 1.86603
4735 3 246 2.93649
4745 5 241 3.39792
4755 1 240 2.32288
4765 1 239 2.32288
4775 1 238 2.32288
4785 1 237 2.32288
4795 2 235 2.65831
4805 3 232 2.93649
4815 5 227 3.39792
4825 2 225 2.65831
4835 2 223 2.65831
4845 0 223 1.86603
4855 2 221 2.65831
4865 4 217 3.17945
4875 3 214 2.93649
4885 1 213 2.32288
4895 3 210 2.93649
4905 3 207 2.93649
4915 0 207 1.86603
4925 3 204 2.93649
4935 0 204 1.86603
4945 1 203 2.32288
4955 2 201 2.65831
4965 2 199 2.65831
4975 0 199 1.86603
4985 1 198 2.32288
4995 0 198 1.86603
5005 3 195 2.93649
5015 0 195 1.86603
5025 1 194 2.32288
5035 0 194 1.86603
5045 2 192 2.65831
5055 2 190 2.65831
5065 0 190 1.86603
5075 1 189 2.32288
5085 1 188 2.32288
5095 1 187 2.32288
5105 1 186 2.32288
5115 1 185 2.32288
5125 2 183 2.65831
5135 2 181 2.65831
5145 4 177 3.17945
5155 2 175 2.65831
5165 2 173 2.65831
5175 1 172 2.32288
5185 1 171 2.32288
5195 0 171 1.86603
5205 1 170 2.32288
5215 2 168 2.65831
5225 0 168 1.86603
5235 1 167 2.32288
5245 4 163 3.17945
5255 0 163 1.86603
5265 2 161 2.65831
5275 1 160 2.32288
5285 4 156 3.17945
5295 1 155 2.32288
5305 1 154 2.32288
5315 4 150 3.17945
5325 1 149 2.32288
5335 1 148 2.32288
5345 2 146 2.65831
5355 1 145 2.32288
5365 2 143 2.65831
5375 3 140 2.93649
5385 0 140 1.86603
5395 0 140 1.86603
5405 0 140 1.86603
5415 0 140 1.86603
5425 2 138 2.65831
5435 1 137 2.32288
5445 0 137 1.86603
5455 0 137 1.86603
5465 2 135 2.65831
5475 1 134 2.32288
5485 0 134 1.86603
5495 1 133 2.32288
5505 1 132 2.32288
5515 0 132 1.86603
5525 4 128 3.17945
5535 0 128 1.86603
5545 0 128 1.86603
5555 1 127 2.32288
5565 0 127 1.86603
5575 2 125 2.65831
5585 2 123 2.65831
5595 1 122 2.32288
5605 0 122 1.86603
5615 0 122 1.86603
5625 2 120 2.65831
5635 1 119 2.32288
5645 2 117 2.65831
5655 2 115 2.65831
5665 1 114 2.32288
5675 1 113 2.32288
5685 2 111 2.65831
5695 1 110 2.32288
5705 1 109 2.32288
5715 1 108 2.32288
5725 0 108 1.86603
5735 2 106 2.65831
5745 0 106 1.86603
5755 1 105 2.32288
5765 1 104 2.32288
5775 1 103 2.32288
5785 3 100 2.93649
5795 0 100 1.86603
5805 0 100 1.86603
5815 0 100 1.86603
5825 0 100 1.86603
5835 1 99 2.32288
5845 1 98 2.32288
5855 0 98 1.86603
5865 1 97 2.32288
5875 1 96 2.32288
5885 1 95 2.32288
5895 0 95 1.86603
5905 1 94 2.32288
5915 1 93 2.32288
5925 2 91 2.65831
5935 0 91 1.86603
5945 1 90 2.32288
5955 0 90 1.86603
5965 1 89 2.32288
5975 2 87 2.65831
5985 1 86 2.32288
5995 0 86 1.86603
6005 0 86 1.86603
6015 0 86 1.86603
6025 1 85 2.32288
6035 0 85 1.86603
6045 1 84 2.32288
6055 0 84 1.86603
6065 0 84 1.86603
6075 0 84 1.86603
6085 1 83 2.32288
6095 0 83 1.86603
6105 0 83 1.86603
6115 3 80 2.93649
6125 1 79 2.32288
6135 1 78 2.32288
6145 0 78 1.86603
6155 1 77 2.32288
6165 1 76 2.32288
6175 1 75 2.32288
6185 1 74 2.32288
6195 2 72 2.65831
6205 1 71 2.32288
6215 0 71 1.86603
6225 1 70 2.32288
6235 0 70 1.86603
6245 3 67 2.93649
6255 0 67 1.86603
6265 2 65 2.65831
6275 0 65 1.86603
6285 0 65 1.86603
6295 0 65 1.86603
6305 0 65 1.86603
6315 1 64 2.32288
6325 0 64 1.86603
6335 0 64 1.86603
6345 0 64 1.86603
6355 0 64 1.86603
6365 0 64 1.86603
6375 0 64 1.86603
6385 1 63 2.32288
6395 0 63 1.86603
6405 0 63 1.86603
6415 1 62 2.32288
6425 0 62 1.86603
6435 0 62 1.86603
6445 0 62 1.86603
6455 0 62 1.86603
6465 2 60 2.65831
6475 0 60 1.86603
6485 0 60 1.86603
6495 0 60 1.86603
6505 0 60 1.86603
6515 3 57 2.93649
6525 0 57 1.86603
6535 2 55 2.65831
6545 2 53 2.65831
6555 1 52 2.32288
6565 0 52 1.86603
6575 1 51 2.32288
6585 0 51 1.86603
6595 0 51 1.86603
6605 1 50 2.32288
6615 0 50 1.86603
6625 0 50 1.86603
6635 0 50 1.86603
6645 0 50 1.86603
6655 0 50 1.86603
6665 0 50 1.86603
6675 0 50 1.86603
6685 0 50 1.86603
6695 0 50 1.86603
6705 0 50 1.86603
6715 1 49 2.32288
6725 0 49 1.86603
6735 0 49 1.86603
6745 0 49 1.86603
6755 0 49 1.86603
6765 0 49 1.86603
6775 0 49 1.86603
6785 0 49 1.86603
6795 0 49 1.86603
6805 0 49 1.86603
6815 0 49 1.86603
6825 0 49 1.86603
6835 0 49 1.86603
6845 0 49 1.86603
6855 0 49 1.86603
6865 0 49 1.86603
6875 0 49 1.86603
6885 0 49 1.86603
6895 0 49 1.86603
6905 0 49 1.86603
6915 0 49 1.86603
6925 0 49 1.86603
6935 0 49 1.86603
6945 0 49 1.86603
6955 0 49 1.86603
6965 0 49 1.86603
6975 0 49 1.86603
6985 0 49 1.86603
6995 0 49 1.86603
7005 0 49 1.86603
7015 1 48 2.32288
7025 0 48 1.86603
7035 0 48 1.86603
7045 0 48 1.86603
7055 1 47 2.32288
7065 0 47 1.86603
7075 0 47 1.86603
7085 1 46 2.32288
7095 2 44 2.65831
7105 1 43 2.32288
7115 0 43 1.86603
7125 0 43 1.86603
7135 0 43 1.86603
7145 0 43 1.86603
7155 0 43 1.86603
7165 0 43 1.86603
7175 1 42 2.32288
7185 0 42 1.86603
7195 0 42 1.86603
7205 2 40 2.65831
7215 0 40 1.86603
7225 0 40 1.86603
7235 1 39 2.32288
7245 0 39 1.86603
7255 0 39 1.86603
7265 0 39 1.86603
7275 0 39 1.86603
7285 1 38 2.32288
7295 2 36 2.65831
7305 0 36 1.86603
7315 0 36 1.86603
7325 0 36 1.86603
7335 0 36 1.86603
7345 0 36 1.86603
7355 0 36 1.86603
7365 0 36 1.86603
7375 0 36 1.86603
7385 0 36 1.86603
7395 0 36 1.86603
7405 0 36 1.86603
7415 0 36 1.86603
7425 1 35 2.32288
7435 0 35 1.86603
7445 1 34 2.32288
7455 0 34 1.86603
7465 0 34 1.86603
7475 0 34 1.86603
7485 0 34 1.86603
7495 0 34 1.86603
7505 0 34 1.86603
7515 0 34 1.86603
7525 1 33 2.32288
7535 1 32 2.32288
7545 0 32 1.86603
7555 1 31 2.32288
7565 0 31 1.86603
7575 0 31 1.86603
7585 0 31 1.86603
7595 0 31 1.86603
7605 0 31 1.86603
7615 0 31 1.86603
7625 0 31 1.86603
7635 1 30 2.32288
7645 0 30 1.86603
7655 1 29 2.32288
7665 0 29 1.86603
7675 0 29 1.86603
7685 0 29 1.86603
7695 0 29 1.86603
7705 0 29 1.86603
7715 0 29 1.86603
7725 0 29 1.86603
7735 0 29 1.86603
7745 1 28 2.32288
7755 0 28 1.86603
7765 1 27 2.32288
7775 0 27 1.86603
7785 0 27 1.86603
7795 0 27 1.86603
7805 1 26 2.32288
7815 0 26 1.86603
7825 0 26 1.86603
7835 0 26 1.86603
7845 1 25 2.32288
7855 0 25 1.86603
7865 0 25 1.86603
7875 1 24 2.32288
7885 1 23 2.32288
7895 0 23 1.86603
7905 1 22 2.32288
7915 0 22 1.86603
7925 0 22 1.86603
7935 0 22 1.86603
7945 0 22 1.86603
7955 0 22 1.86603
7965 0 22 1.86603
7975 0 22 1.86603
7985 1 21 2.32288
7995 0 21 1.86603
8005 0 21 1.86603
8015 0 21 1.86603
8025 0 21 1.86603
8035 0 21 1.86603
8045 0 21 1.86603
8055 0 21 1.86603
8065 0 21 1.86603
8075 2 19 2.65831
8085 0 19 1.86603
8095 0 19 1.86603
8105 0 19 1.86603
8115 0 19 1.86603
8125 0 19 1.86603
8135 0 19 1.86603
8145 0 19 1.86603
8155 0 19 1.86603
8165 0 19 1.86603
8175 0 19 1.86603
8185 0 19 1.86603
8195 0 19 1.86603
8205 0 19 1.86603
8215 0 19 1.86603
8225 0 19 1.86603
8235 0 19 1.86603
8245 0 19 1.86603
8255 0 19 1.86603
8265 1 18 2.32288
8275 1 17 2.32288
8285 0 17 1.86603
8295 0 17 1.86603
8305 0 17 1.86603
8315 2 15 2.65831
8325 0 15 1.86603
8335 0 15 1.86603
8345 0 15 1.86603
8355 0 15 1.86603
8365 0 15 1.86603
8375 0 15 1.86603
8385 0 15 1.86603
8395 0 15 1.86603
8405 0 15 1.86603
8415 2 13 2.65831
8425 0 13 1.86603
8435 0 13 1.86603
8445 0 13 1.86603
8455 1 12 2.32288
8465 0 12 1.86603
8475 0 12 1.86603
8485 0 12 1.86603
8495 0 12 1.86603
8505 0 12 1.86603
8515 0 12 1.86603
8525 1 11 2.32288
8535 0 11 1.86603
8545 0 11 1.86603
8555 0 11 1.86603
8565 0 11 1.86603
8575 0 11 1.86603
8585 0 11 1.86603
8595 0 11 1.86603
8605 0 11 1.86603
8615 0 11 1.86603
8625 0 11 1.86603
8635 0 11 1.86603
8645 0 11 1.86603
8655 0 11 1.86603
8665 0 11 1.86603
8675 0 11 1.86603
8685 0 11 1.86603
8695 0 11 1.86603
8705 1 10 2.32288
8715 0 10 1.86603
8725 0 10 1.86603
8735 0 10 1.86603
8745 0 10 1.86603
8755 0 10 1.86603
8765 0 10 1.86603
8775 0 10 1.86603
8785 0 10 1.86603
8795 0 10 1.86603
8805 0 10 1.86603
8815 0 10 1.86603
8825 0 10 1.86603
8835 0 10 1.86603
8845 0 10 1.86603
8855 0 10 1.86603
8865 0 10 1.86603
8875 0 10 1.86603
8885 0 10 1.86603
8895 0 10 1.86603
8905 0 10 1.86603
8915 0 10 1.86603
8925 0 10 1.86603
8935 0 10 1.86603
8945 0 10 1.86603
8955 0 10 1.86603
8965 0 10 1.86603
8975 0 10 1.86603
8985 0 10 1.86603
8995 0 10 1.86603
9005 0 10 1.86603
9015 0 10 1.86603
9025 0 10 1.86603
9035 0 10 1.86603
9045 0 10 1.86603
9055 0 10 1.86603
9065 0 10 1.86603
9075 0 10 1.86603
9085 0 10 1.86603
9095 0 10 1.86603
9105 0 10 1.86603
9115 0 10 1.86603
9125 0 10 1.86603
9135 0 10 1.86603
9145 0 10 1.86603
9155 0 10 1.86603
9165 0 10 1.86603
9175 0 10 1.86603
9185 0 10 1.86603
9195 0 10 1.86603
9205 0 10 1.86603
9215 0 10 1.86603
9225 0 10 1.86603
9235 0 10 1.86603
9245 0 10 1.86603
9255 1 9 2.32288
9265 0 9 1.86603
9275 0 9 1.86603
9285 0 9 1.86603
9295 0 9 1.86603
9305 0 9 1.86603
9315 0 9 1.86603
9325 0 9 1.86603
9335 0 9 1.86603
9345 0 9 1.86603
9355 0 9 1.86603
9365 0 9 1.86603
9375 0 9 1.86603
9385 0 9 1.86603
9395 0 9 1.86603
9405 0 9 1.86603
9415 0 9 1.86603
9425 0 9 1.86603
9435 0 9 1.86603
9445 0 9 1.86603
9455 0 9 1.86603
9465 0 9 1.86603
9475 1 8 2.32288
9485 0 8 1.86603
9495 0 8 1.86603
9505 0 8 1.86603
9515 0 8 1.86603
9525 0 8 1.86603
9535 0 8 1.86603
9545 0 8 1.86603
9555 0 8 1.86603
9565 0 8 1.86603
9575 0 8 1.86603
9585 0 8 1.86603
9595 0 8 1.86603
9605 0 8 1.86603
9615 0 8 1.86603
9625 0 8 1.86603
9635 0 8 1.86603
9645 0 8 1.86603
9655 0 8 1.86603
9665 0 8 1.86603
9675 0 8 1.86603
9685 0 8 1.86603
9695 0 8 1.86603
9705 0 8 1.86603
9715 0 8 1.86603
9725 0 8 1.86603
9735 0 8 1.86603
9745 0 8 1.86603
9755 0 8 1.86603
9765 0 8 1.86603
9775 0 8 1.86603
9785 0 8 1.86603
9795 0 8 1.86603
9805 0 8 1.86603
9815 0 8 1.86603
9825 0 8 1.86603
9835 0 8 1.86603
9845 0 8 1.86603
9855 0 8 1.86603
9865 1 7 2.32288
9875 0 7 1.86603
9885 0 7 1.86603
9895 0 7 1.86603
9905 0 7 1.86603
9915 0 7 1.86603
9925 0 7 1.86603
9935 0 7 1.86603
9945 0 7 1.86603
9955 0 7 1.86603
9965 0 7 1.86603
9975 0 7 1.86603
9985 0 7 1.86603
9995 0 7 1.86603
