# x		y		pair notation
0.569608	0.65637	(0.569608,0.656370)	
0.790896	0.252458	(0.790896,0.252458)	
0.346108	0.0744195	(0.346108,0.074419)	
0.392861	0.265271	(0.392861,0.265271)	
0.526718	0.410513	(0.526718,0.410513)	
0.17298	0.743668	(0.172980,0.743668)	
0.154458	0.38404	(0.154458,0.384040)	
0.229044	0.381976	(0.229044,0.381976)	
0.611771	0.034789	(0.611771,0.034789)	
0.0753366	0.778261	(0.075337,0.778261)	
0.740418	0.561169	(0.740418,0.561169)	
0.884497	0.433802	(0.884497,0.433802)	
0.659152	0.656425	(0.659152,0.656425)	
0.267765	0.486876	(0.267765,0.486876)	
0.10217	0.132496	(0.102170,0.132496)	
0.406918	0.118978	(0.406918,0.118978)	
0.234003	0.421666	(0.234003,0.421666)	
0.859373	0.850499	(0.859373,0.850499)	
0.162266	0.825177	(0.162266,0.825177)	
0.624693	0.628581	(0.624693,0.628581)	
0.320323	0.777272	(0.320323,0.777272)	
0.520697	0.570563	(0.520697,0.570563)	
0.65735	0.569696	(0.657350,0.569696)	
0.708188	0.970809	(0.708188,0.970809)	
0.111395	0.858644	(0.111395,0.858644)	
0.415825	0.106327	(0.415825,0.106327)	
0.188158	0.291749	(0.188158,0.291749)	
0.844816	0.0273746	(0.844816,0.027375)	
0.988392	0.951153	(0.988392,0.951153)	
0.623977	0.823888	(0.623977,0.823888)	
0.662598	0.229752	(0.662598,0.229752)	
0.489441	0.388418	(0.489441,0.388418)	
0.793517	0.726632	(0.793517,0.726632)	
0.483307	0.913124	(0.483307,0.913124)	
0.46337	0.765539	(0.463370,0.765539)	
0.508156	0.864904	(0.508156,0.864904)	
0.930773	0.973539	(0.930773,0.973539)	
0.599263	0.971997	(0.599263,0.971997)	
0.676454	0.788073	(0.676454,0.788073)	
0.546145	0.461252	(0.546145,0.461252)	
0.660507	0.837195	(0.660507,0.837195)	
0.22568	0.932087	(0.225680,0.932087)	
0.627948	0.423445	(0.627948,0.423445)	
0.1193	0.505976	(0.119300,0.505976)	
0.193083	0.165592	(0.193083,0.165592)	
0.348818	0.304872	(0.348818,0.304872)	
0.794082	0.559168	(0.794082,0.559168)	
0.25445	0.584412	(0.254450,0.584412)	
0.832582	0.416587	(0.832582,0.416587)	
0.0829137	0.565193	(0.082914,0.565193)	
0.87291	0.966753	(0.872910,0.966753)	
0.9845	0.895147	(0.984500,0.895147)	
0.473165	0.723956	(0.473165,0.723956)	
0.92035	0.856504	(0.920350,0.856504)	
0.436043	0.983783	(0.436043,0.983783)	
0.642499	0.660544	(0.642499,0.660544)	
0.208758	0.142579	(0.208758,0.142579)	
0.970403	0.101929	(0.970403,0.101929)	
0.114907	0.655168	(0.114907,0.655168)	
0.692556	0.261816	(0.692556,0.261816)	
0.680955	0.797161	(0.680955,0.797161)	
0.567561	0.0357862	(0.567561,0.035786)	
0.718428	0.953001	(0.718428,0.953001)	
0.785773	0.840363	(0.785773,0.840363)	
0.0605703	0.644239	(0.060570,0.644239)	
0.533763	0.632198	(0.533763,0.632198)	
0.0276388	0.195404	(0.027639,0.195404)	
0.835754	0.209659	(0.835754,0.209659)	
0.234995	0.823814	(0.234995,0.823814)	
0.938446	0.900525	(0.938446,0.900525)	
0.267622	0.066983	(0.267622,0.066983)	
0.171	0.0557237	(0.171000,0.055724)	
0.856564	0.124821	(0.856564,0.124821)	
0.416138	0.0418	(0.416138,0.041800)	
0.418299	0.706985	(0.418299,0.706985)	
0.240385	0.569305	(0.240385,0.569305)	
0.396348	0.917725	(0.396348,0.917725)	
0.973371	0.516	(0.973371,0.516000)	
0.593001	0.175989	(0.593001,0.175989)	
0.923168	0.849131	(0.923168,0.849131)	
0.243338	0.0179133	(0.243338,0.017913)	
0.745053	0.656904	(0.745053,0.656904)	
0.687339	0.237906	(0.687339,0.237906)	
0.226379	0.643168	(0.226379,0.643168)	
0.190716	0.335122	(0.190716,0.335122)	
0.344954	0.0894492	(0.344954,0.089449)	
0.38083	0.801346	(0.380830,0.801346)	
0.0401631	0.253609	(0.040163,0.253609)	
0.358928	0.837015	(0.358928,0.837015)	
0.29584	0.353913	(0.295840,0.353913)	
0.359818	0.552819	(0.359818,0.552819)	
0.665581	0.721324	(0.665581,0.721324)	
0.719534	0.30912	(0.719534,0.309120)	
0.521796	0.821913	(0.521796,0.821913)	
0.322641	0.284021	(0.322641,0.284021)	
0.0295683	0.726832	(0.029568,0.726832)	
0.904307	0.628682	(0.904307,0.628682)	
0.0386698	0.201128	(0.038670,0.201128)	
0.926632	0.1664	(0.926632,0.166400)	
0.858208	0.997369	(0.858208,0.997369)	
0.910822	0.786591	(0.910822,0.786591)	
0.788071	0.668819	(0.788071,0.668819)	
0.341383	0.758438	(0.341383,0.758438)	
0.592156	0.39342	(0.592156,0.393420)	
0.648782	0.689408	(0.648782,0.689408)	
0.0262241	0.948617	(0.026224,0.948617)	
0.483904	0.844546	(0.483904,0.844546)	
0.497009	0.263132	(0.497009,0.263132)	
0.0105739	0.852593	(0.010574,0.852593)	
0.801034	0.450738	(0.801034,0.450738)	
0.328616	0.299221	(0.328616,0.299221)	
0.246603	0.0993011	(0.246603,0.099301)	
0.295076	0.456399	(0.295076,0.456399)	
0.82903	0.932692	(0.829030,0.932692)	
0.908806	0.0460638	(0.908806,0.046064)	
0.238667	0.01117	(0.238667,0.011170)	
0.365472	0.877522	(0.365472,0.877522)	
0.518447	0.00569072	(0.518447,0.005691)	
0.756034	0.838498	(0.756034,0.838498)	
0.03996	0.0320662	(0.039960,0.032066)	
0.879865	0.732387	(0.879865,0.732387)	
0.975499	0.211416	(0.975499,0.211416)	
0.5601	0.027508	(0.560100,0.027508)	
0.651967	0.823946	(0.651967,0.823946)	
0.2977	0.672134	(0.297700,0.672134)	
0.577987	0.324439	(0.577987,0.324439)	
0.774601	0.701431	(0.774601,0.701431)	
0.738405	0.911196	(0.738405,0.911196)	
0.135565	0.654646	(0.135565,0.654646)	
0.103698	0.997517	(0.103698,0.997517)	
0.741687	0.58382	(0.741687,0.583820)	
0.56227	0.178591	(0.562270,0.178591)	
0.12264	0.185599	(0.122640,0.185599)	
0.460631	0.860144	(0.460631,0.860144)	
0.664573	0.857629	(0.664573,0.857629)	
0.142816	0.00208665	(0.142816,0.002087)	
0.489133	0.0683729	(0.489133,0.068373)	
0.781877	0.705151	(0.781877,0.705151)	
0.417428	0.647427	(0.417428,0.647427)	
0.0618206	0.0461678	(0.061821,0.046168)	
0.610234	0.531734	(0.610234,0.531734)	
0.0200911	0.45382	(0.020091,0.453820)	
0.749698	0.2361	(0.749698,0.236100)	
0.423693	0.457772	(0.423693,0.457772)	
0.623687	0.214575	(0.623687,0.214575)	
0.204793	0.176885	(0.204793,0.176885)	
0.915533	0.218458	(0.915533,0.218458)	
0.705408	0.914326	(0.705408,0.914326)	
0.440794	0.378591	(0.440794,0.378591)	
0.210289	0.56696	(0.210289,0.566960)	
0.138861	0.701393	(0.138861,0.701393)	
0.619953	0.742246	(0.619953,0.742246)	
0.778697	0.892629	(0.778697,0.892629)	
0.222863	0.907335	(0.222863,0.907335)	
0.610799	0.348727	(0.610799,0.348727)	
0.660933	0.112272	(0.660933,0.112272)	
0.456032	0.986531	(0.456032,0.986531)	
0.0929317	0.762778	(0.092932,0.762778)	
0.908477	0.538589	(0.908477,0.538589)	
0.696144	0.139304	(0.696144,0.139304)	
0.214556	0.50767	(0.214556,0.507670)	
0.411168	0.329849	(0.411168,0.329849)	
0.822962	0.152155	(0.822962,0.152155)	
0.834402	0.566952	(0.834402,0.566952)	
0.75611	0.429959	(0.756110,0.429959)	
0.457209	0.627441	(0.457209,0.627441)	
0.588885	0.544809	(0.588885,0.544809)	
0.802594	0.600789	(0.802594,0.600789)	
0.517293	0.662963	(0.517293,0.662963)	
0.13534	0.482643	(0.135340,0.482643)	
0.419465	0.0642618	(0.419465,0.064262)	
0.238864	0.369347	(0.238864,0.369347)	
0.943466	0.787871	(0.943466,0.787871)	
0.633636	0.572709	(0.633636,0.572709)	
0.0680526	0.0748696	(0.068053,0.074870)	
0.633038	0.438171	(0.633038,0.438171)	
0.669221	0.207407	(0.669221,0.207407)	
0.821379	0.620805	(0.821379,0.620805)	
0.860911	0.823411	(0.860911,0.823411)	
0.126856	0.779804	(0.126856,0.779804)	
0.06422	0.338366	(0.064220,0.338366)	
0.33409	0.211401	(0.334090,0.211401)	
0.275852	0.638767	(0.275852,0.638767)	
0.0242464	0.611348	(0.024246,0.611348)	
0.0612884	0.898344	(0.061288,0.898344)	
0.886411	0.59056	(0.886411,0.590560)	
0.677484	0.896447	(0.677484,0.896447)	
0.655853	0.551293	(0.655853,0.551293)	
0.0479308	0.042279	(0.047931,0.042279)	
0.600053	0.247067	(0.600053,0.247067)	
0.262194	0.898636	(0.262194,0.898636)	
0.19219	0.61859	(0.192190,0.618590)	
0.872935	0.0898164	(0.872935,0.089816)	
0.0374291	0.0322164	(0.037429,0.032216)	
0.614626	0.321384	(0.614626,0.321384)	
0.106277	0.6995	(0.106277,0.699500)	
0.696483	0.8511	(0.696483,0.851100)	
0.191106	0.0693009	(0.191106,0.069301)	
0.532313	0.162834	(0.532313,0.162834)	
0.249273	0.241512	(0.249273,0.241512)	
0.49521	0.106425	(0.495210,0.106425)	
0.895047	0.728186	(0.895047,0.728186)	
0.936235	0.189805	(0.936235,0.189805)	
0.921589	0.0986767	(0.921589,0.098677)	
0.522889	0.624323	(0.522889,0.624323)	
0.995704	0.496081	(0.995704,0.496081)	
0.752462	0.724822	(0.752462,0.724822)	
0.897161	0.649011	(0.897161,0.649011)	
0.922954	0.212964	(0.922954,0.212964)	
0.149298	0.662496	(0.149298,0.662496)	
0.623687	0.241631	(0.623687,0.241631)	
0.0899855	0.532124	(0.089986,0.532124)	
0.990793	0.691395	(0.990793,0.691395)	
0.296252	0.354548	(0.296252,0.354548)	
0.189319	0.644479	(0.189319,0.644479)	
0.439742	0.614043	(0.439742,0.614043)	
0.291812	0.339966	(0.291812,0.339966)	
0.704502	0.608194	(0.704502,0.608194)	
0.458948	0.294905	(0.458948,0.294905)	
0.637255	0.0762453	(0.637255,0.076245)	
0.955442	0.343401	(0.955442,0.343401)	
0.970528	0.841635	(0.970528,0.841635)	
0.496379	0.819526	(0.496379,0.819526)	
0.510748	0.847169	(0.510748,0.847169)	
0.985867	0.975328	(0.985867,0.975328)	
0.520248	0.309046	(0.520248,0.309046)	
0.230058	0.483262	(0.230058,0.483262)	
0.250297	0.947062	(0.250297,0.947062)	
0.356921	0.789668	(0.356921,0.789668)	
0.961477	0.855946	(0.961477,0.855946)	
0.710603	0.444698	(0.710603,0.444698)	
0.160564	0.700761	(0.160564,0.700761)	
0.991672	0.88217	(0.991672,0.882170)	
0.105507	0.57195	(0.105507,0.571950)	
0.547278	0.523723	(0.547278,0.523723)	
0.300858	0.188089	(0.300858,0.188089)	
0.466431	0.36442	(0.466431,0.364420)	
0.5974	0.742294	(0.597400,0.742294)	
0.57263	0.206337	(0.572630,0.206337)	
0.196763	0.747788	(0.196763,0.747788)	
0.42446	0.553083	(0.424460,0.553083)	
0.872916	0.83645	(0.872916,0.836450)	
0.00816976	0.487493	(0.008170,0.487493)	
0.788999	0.828502	(0.788999,0.828502)	
0.236379	0.0186537	(0.236379,0.018654)	
0.594591	0.140304	(0.594591,0.140304)	
0.5338	0.810046	(0.533800,0.810046)	
0.9229	0.989074	(0.922900,0.989074)	
0.402317	0.560921	(0.402317,0.560921)	
0.81026	0.0377817	(0.810260,0.037782)	
0.6999	0.796394	(0.699900,0.796394)	
0.975837	0.390469	(0.975837,0.390469)	
0.555077	0.382389	(0.555077,0.382389)	
0.824428	0.87849	(0.824428,0.878490)	
0.0632996	0.689074	(0.063300,0.689074)	
0.670082	0.692945	(0.670082,0.692945)	
0.694103	0.216296	(0.694103,0.216296)	
0.176186	0.829827	(0.176186,0.829827)	
0.27704	0.417609	(0.277040,0.417609)	
0.725092	0.874586	(0.725092,0.874586)	
0.456822	0.932447	(0.456822,0.932447)	
0.176961	0.105202	(0.176961,0.105202)	
0.118693	0.991077	(0.118693,0.991077)	
0.765863	0.121167	(0.765863,0.121167)	
0.816884	0.191932	(0.816884,0.191932)	
0.177181	0.484411	(0.177181,0.484411)	
0.103147	0.479382	(0.103147,0.479382)	
0.822955	0.602294	(0.822955,0.602294)	
0.588142	0.0509167	(0.588142,0.050917)	
0.103039	0.0978682	(0.103039,0.097868)	
0.893129	0.190923	(0.893129,0.190923)	
0.834985	0.645085	(0.834985,0.645085)	
0.508681	0.024027	(0.508681,0.024027)	
0.832839	0.0333337	(0.832839,0.033334)	
0.194415	0.780333	(0.194415,0.780333)	
0.795831	0.544211	(0.795831,0.544211)	
0.480983	0.00945871	(0.480983,0.009459)	
0.666979	0.441913	(0.666979,0.441913)	
0.202496	0.927186	(0.202496,0.927186)	
0.576493	0.00585646	(0.576493,0.005856)	
0.752304	0.650795	(0.752304,0.650795)	
0.486457	0.469537	(0.486457,0.469537)	
0.953664	0.91505	(0.953664,0.915050)	
0.995471	0.0132565	(0.995471,0.013256)	
0.433631	0.164615	(0.433631,0.164615)	
0.191842	0.520785	(0.191842,0.520785)	
0.125818	0.90999	(0.125818,0.909990)	
0.411771	0.722704	(0.411771,0.722704)	
0.776045	0.398327	(0.776045,0.398327)	
0.667987	0.0738338	(0.667987,0.073834)	
0.932953	0.9886	(0.932953,0.988600)	
0.971031	0.851501	(0.971031,0.851501)	
0.0501329	0.899267	(0.050133,0.899267)	
0.829319	0.508478	(0.829319,0.508478)	
0.762161	0.997864	(0.762161,0.997864)	
0.648011	0.903084	(0.648011,0.903084)	
0.707032	0.0739393	(0.707032,0.073939)	
0.266369	0.183579	(0.266369,0.183579)	
0.113108	0.142637	(0.113108,0.142637)	
0.397592	0.489627	(0.397592,0.489627)	
0.739017	0.0954077	(0.739017,0.095408)	
0.636273	0.305964	(0.636273,0.305964)	
0.217344	0.791253	(0.217344,0.791253)	
0.0516597	0.958672	(0.051660,0.958672)	
0.803	0.0771569	(0.803000,0.077157)	
0.218291	0.969713	(0.218291,0.969713)	
0.438428	0.365738	(0.438428,0.365738)	
0.0806638	0.507923	(0.080664,0.507923)	
0.722076	0.173382	(0.722076,0.173382)	
0.989971	0.112941	(0.989971,0.112941)	
0.183722	0.340353	(0.183722,0.340353)	
0.976366	0.981084	(0.976366,0.981084)	
0.438289	0.688497	(0.438289,0.688497)	
0.170394	0.0385706	(0.170394,0.038571)	
0.59487	0.310644	(0.594870,0.310644)	
0.806211	0.577702	(0.806211,0.577702)	
0.354006	0.982748	(0.354006,0.982748)	
0.424019	0.576304	(0.424019,0.576304)	
0.726329	0.814921	(0.726329,0.814921)	
0.439969	0.781226	(0.439969,0.781226)	
0.269821	0.9462	(0.269821,0.946200)	
0.821955	0.924858	(0.821955,0.924858)	
0.269974	0.0910541	(0.269974,0.091054)	
0.0557316	0.912065	(0.055732,0.912065)	
0.803676	0.079919	(0.803676,0.079919)	
0.217059	0.706739	(0.217059,0.706739)	
0.138668	0.233711	(0.138668,0.233711)	
0.795048	0.846193	(0.795048,0.846193)	
0.258856	0.771073	(0.258856,0.771073)	
0.905093	0.792219	(0.905093,0.792219)	
0.382831	0.280623	(0.382831,0.280623)	
0.855917	0.604906	(0.855917,0.604906)	
0.39782	0.177741	(0.397820,0.177741)	
0.316228	0.00485355	(0.316228,0.004854)	
0.981419	0.601204	(0.981419,0.601204)	
0.887575	0.717609	(0.887575,0.717609)	
0.474305	0.24959	(0.474305,0.249590)	
0.00950395	0.907784	(0.009504,0.907784)	
0.0223546	0.58683	(0.022355,0.586830)	
0.282426	0.487067	(0.282426,0.487067)	
0.177912	0.802166	(0.177912,0.802166)	
0.427439	0.488248	(0.427439,0.488248)	
0.667348	0.0492802	(0.667348,0.049280)	
0.848194	0.545325	(0.848194,0.545325)	
0.853379	0.235422	(0.853379,0.235422)	
0.708782	0.707112	(0.708782,0.707112)	
0.0821518	0.922371	(0.082152,0.922371)	
0.3873	0.378556	(0.387300,0.378556)	
0.471029	0.44117	(0.471029,0.441170)	
0.354494	0.560931	(0.354494,0.560931)	
0.20571	0.831486	(0.205710,0.831486)	
0.91066	0.820376	(0.910660,0.820376)	
0.34535	0.679536	(0.345350,0.679536)	
0.695342	0.51593	(0.695342,0.515930)	
0.830268	0.846721	(0.830268,0.846721)	
0.569564	0.865715	(0.569564,0.865715)	
0.525467	0.721073	(0.525467,0.721073)	
0.919076	0.916486	(0.919076,0.916486)	
0.969406	0.267566	(0.969406,0.267566)	
0.901972	0.541101	(0.901972,0.541101)	
0.114221	0.349033	(0.114221,0.349033)	
0.880978	0.245084	(0.880978,0.245084)	
0.902088	0.600539	(0.902088,0.600539)	
0.658523	0.982277	(0.658523,0.982277)	
0.511897	0.395432	(0.511897,0.395432)	
0.0436322	0.916404	(0.043632,0.916404)	
0.598199	0.9859	(0.598199,0.985900)	
0.29873	0.316345	(0.298730,0.316345)	
0.726066	0.844866	(0.726066,0.844866)	
0.670094	0.625096	(0.670094,0.625096)	
0.454679	0.20556	(0.454679,0.205560)	
0.229307	0.42318	(0.229307,0.423180)	
0.440847	0.181635	(0.440847,0.181635)	
0.829206	0.13497	(0.829206,0.134970)	
0.401249	0.0615158	(0.401249,0.061516)	
0.994241	0.159629	(0.994241,0.159629)	
0.496839	0.0786162	(0.496839,0.078616)	
0.862631	0.796741	(0.862631,0.796741)	
0.470844	0.352635	(0.470844,0.352635)	
0.920183	0.170076	(0.920183,0.170076)	
0.797274	0.730382	(0.797274,0.730382)	
0.710224	0.0121302	(0.710224,0.012130)	
0.872264	0.897319	(0.872264,0.897319)	
0.170921	0.978213	(0.170921,0.978213)	
0.426419	0.618461	(0.426419,0.618461)	
0.893726	0.324049	(0.893726,0.324049)	
0.451186	0.0505726	(0.451186,0.050573)	
0.771162	0.657423	(0.771162,0.657423)	
0.943033	0.263189	(0.943033,0.263189)	
0.0182799	0.805732	(0.018280,0.805732)	
0.180543	0.946212	(0.180543,0.946212)	
0.922501	0.0109481	(0.922501,0.010948)	
0.394687	0.564502	(0.394687,0.564502)	
0.367135	0.946137	(0.367135,0.946137)	
0.982448	0.258443	(0.982448,0.258443)	
0.853453	0.858072	(0.853453,0.858072)	
0.588004	0.663077	(0.588004,0.663077)	
0.536953	0.284548	(0.536953,0.284548)	
0.751181	0.621745	(0.751181,0.621745)	
0.52059	0.718824	(0.520590,0.718824)	
0.545402	0.863611	(0.545402,0.863611)	
0.0894481	0.634277	(0.089448,0.634277)	
0.920417	0.973994	(0.920417,0.973994)	
0.709263	0.917254	(0.709263,0.917254)	
0.880662	0.0536117	(0.880662,0.053612)	
0.87968	0.85349	(0.879680,0.853490)	
0.297745	0.994964	(0.297745,0.994964)	
0.470115	0.882124	(0.470115,0.882124)	
0.0336629	0.223941	(0.033663,0.223941)	
0.0621255	0.770611	(0.062126,0.770611)	
0.175672	0.500843	(0.175672,0.500843)	
0.371505	0.21388	(0.371505,0.213880)	
0.91888	0.15143	(0.918880,0.151430)	
0.772719	0.0524241	(0.772719,0.052424)	
0.920667	0.125107	(0.920667,0.125107)	
0.748174	0.90809	(0.748174,0.908090)	
0.562745	0.0392668	(0.562745,0.039267)	
0.138398	0.514906	(0.138398,0.514906)	
0.340459	0.867093	(0.340459,0.867093)	
0.982931	0.978043	(0.982931,0.978043)	
0.731738	0.92743	(0.731738,0.927430)	
0.575232	0.619977	(0.575232,0.619977)	
0.134665	0.121809	(0.134665,0.121809)	
0.870823	0.603002	(0.870823,0.603002)	
0.386076	0.983311	(0.386076,0.983311)	
0.302047	0.675779	(0.302047,0.675779)	
0.64497	0.618038	(0.644970,0.618038)	
0.284212	0.843655	(0.284212,0.843655)	
0.0331196	0.361769	(0.033120,0.361769)	
0.618529	0.563763	(0.618529,0.563763)	
0.938456	0.286467	(0.938456,0.286467)	
0.682347	0.912581	(0.682347,0.912581)	
0.700149	0.184202	(0.700149,0.184202)	
0.775106	0.652766	(0.775106,0.652766)	
0.981314	0.455604	(0.981314,0.455604)	
0.490522	0.965093	(0.490522,0.965093)	
0.297881	0.32783	(0.297881,0.327830)	
0.196483	0.92842	(0.196483,0.928420)	
0.290053	0.930423	(0.290053,0.930423)	
0.0115272	0.384619	(0.011527,0.384619)	
0.604147	0.139235	(0.604147,0.139235)	
0.411514	0.265678	(0.411514,0.265678)	
0.983454	0.44719	(0.983454,0.447190)	
0.32613	0.576792	(0.326130,0.576792)	
0.961375	0.890307	(0.961375,0.890307)	
0.289176	0.202866	(0.289176,0.202866)	
0.60091	0.717628	(0.600910,0.717628)	
0.589446	0.357753	(0.589446,0.357753)	
0.0520538	0.78008	(0.052054,0.780080)	
0.0837424	0.537617	(0.083742,0.537617)	
0.401394	0.776564	(0.401394,0.776564)	
0.236551	0.124665	(0.236551,0.124665)	
0.793099	0.552578	(0.793099,0.552578)	
0.351775	0.558186	(0.351775,0.558186)	
0.112226	0.62943	(0.112226,0.629430)	
0.873363	0.130265	(0.873363,0.130265)	
0.473046	0.3486	(0.473046,0.348600)	
0.0194454	0.748076	(0.019445,0.748076)	
0.257901	0.259461	(0.257901,0.259461)	
0.0477707	0.348277	(0.047771,0.348277)	
0.745273	0.238509	(0.745273,0.238509)	
0.750699	0.35755	(0.750699,0.357550)	
0.266654	0.899154	(0.266654,0.899154)	
0.671181	0.612848	(0.671181,0.612848)	
0.985937	0.99343	(0.985937,0.993430)	
0.295143	0.322533	(0.295143,0.322533)	
0.526038	0.0965558	(0.526038,0.096556)	
0.592096	0.942662	(0.592096,0.942662)	
0.827095	0.0438482	(0.827095,0.043848)	
0.679087	0.629573	(0.679087,0.629573)	
0.438723	0.514126	(0.438723,0.514126)	
0.71105	0.219209	(0.711050,0.219209)	
0.383455	0.247482	(0.383455,0.247482)	
0.943985	0.374926	(0.943985,0.374926)	
0.315791	0.586454	(0.315791,0.586454)	
0.0701411	0.678702	(0.070141,0.678702)	
0.805491	0.0423751	(0.805491,0.042375)	
0.633614	0.44652	(0.633614,0.446520)	
0.637247	0.132791	(0.637247,0.132791)	
0.550629	0.998443	(0.550629,0.998443)	
0.312145	0.796523	(0.312145,0.796523)	
0.38462	0.96944	(0.384620,0.969440)	
0.808069	0.771358	(0.808069,0.771358)	
0.168491	0.110967	(0.168491,0.110967)	
0.783108	0.681949	(0.783108,0.681949)	
0.784668	0.398765	(0.784668,0.398765)	
0.0429901	0.514601	(0.042990,0.514601)	
0.470531	0.263073	(0.470531,0.263073)	
0.323663	0.198984	(0.323663,0.198984)	
0.1282	0.417987	(0.128200,0.417987)	
0.424371	0.238072	(0.424371,0.238072)	
0.202577	0.251927	(0.202577,0.251927)	
0.954358	0.555623	(0.954358,0.555623)	
0.82194	0.606904	(0.821940,0.606904)	
0.494888	0.810297	(0.494888,0.810297)	
0.246508	0.216655	(0.246508,0.216655)	
0.723254	0.467164	(0.723254,0.467164)	
0.970552	0.179809	(0.970552,0.179809)	
0.970376	0.546999	(0.970376,0.546999)	
0.804288	0.841438	(0.804288,0.841438)	
0.0902778	0.582967	(0.090278,0.582967)	
0.107445	0.96294	(0.107445,0.962940)	
0.288095	0.310276	(0.288095,0.310276)	
0.944876	0.334871	(0.944876,0.334871)	
0.391194	0.669972	(0.391194,0.669972)	
0.126558	0.179593	(0.126558,0.179593)	
0.741763	0.0117758	(0.741763,0.011776)	
0.92385	0.0904098	(0.923850,0.090410)	
0.55299	0.886778	(0.552990,0.886778)	
0.218	0.541935	(0.218000,0.541935)	
0.89714	0.498675	(0.897140,0.498675)	
0.135733	0.504003	(0.135733,0.504003)	
0.00296408	0.967379	(0.002964,0.967379)	
0.0137531	0.610509	(0.013753,0.610509)	
0.830529	0.802223	(0.830529,0.802223)	
0.165513	0.0275629	(0.165513,0.027563)	
0.890551	0.900305	(0.890551,0.900305)	
0.209216	0.375537	(0.209216,0.375537)	
0.487478	0.510839	(0.487478,0.510839)	
0.168489	0.170697	(0.168489,0.170697)	
0.323965	0.73672	(0.323965,0.736720)	
0.642196	0.538585	(0.642196,0.538585)	
0.120087	0.593246	(0.120087,0.593246)	
0.72656	0.828181	(0.726560,0.828181)	
0.312958	0.490173	(0.312958,0.490173)	
0.182999	0.0287971	(0.182999,0.028797)	
0.328704	0.341822	(0.328704,0.341822)	
0.404249	0.00692909	(0.404249,0.006929)	
0.50452	0.701017	(0.504520,0.701017)	
0.817628	0.874813	(0.817628,0.874813)	
0.707428	0.232355	(0.707428,0.232355)	
0.459195	0.753763	(0.459195,0.753763)	
0.600108	0.130138	(0.600108,0.130138)	
0.990624	0.671672	(0.990624,0.671672)	
0.472732	0.40359	(0.472732,0.403590)	
0.549574	0.844072	(0.549574,0.844072)	
0.550978	0.219466	(0.550978,0.219466)	
0.614958	0.531397	(0.614958,0.531397)	
0.740628	0.148457	(0.740628,0.148457)	
0.824807	0.581482	(0.824807,0.581482)	
0.242481	0.410851	(0.242481,0.410851)	
0.153391	0.586623	(0.153391,0.586623)	
0.310204	0.278568	(0.310204,0.278568)	
0.48615	0.879972	(0.486150,0.879972)	
0.398672	0.150255	(0.398672,0.150255)	
0.829104	0.828559	(0.829104,0.828559)	
0.909979	0.474576	(0.909979,0.474576)	
0.760179	0.65236	(0.760179,0.652360)	
0.86533	0.420768	(0.865330,0.420768)	
0.332908	0.30372	(0.332908,0.303720)	
0.868412	0.767194	(0.868412,0.767194)	
0.240902	0.412946	(0.240902,0.412946)	
0.262537	0.945865	(0.262537,0.945865)	
0.360221	0.468292	(0.360221,0.468292)	
0.0810281	0.107156	(0.081028,0.107156)	
0.725142	0.917058	(0.725142,0.917058)	
0.237162	0.783375	(0.237162,0.783375)	
0.933022	0.804651	(0.933022,0.804651)	
0.964022	0.577137	(0.964022,0.577137)	
0.991079	0.606598	(0.991079,0.606598)	
0.191155	0.891008	(0.191155,0.891008)	
0.740348	0.641476	(0.740348,0.641476)	
0.807804	0.174606	(0.807804,0.174606)	
0.451222	0.608195	(0.451222,0.608195)	
0.413291	0.385883	(0.413291,0.385883)	
0.66544	0.487048	(0.665440,0.487048)	
0.573876	0.251835	(0.573876,0.251835)	
0.248845	0.0393624	(0.248845,0.039362)	
5.05751e-06	0.643359	(0.000005,0.643359)	
0.258503	0.0847658	(0.258503,0.084766)	
0.714512	0.637744	(0.714512,0.637744)	
0.160807	0.418102	(0.160807,0.418102)	
0.815241	0.0845423	(0.815241,0.084542)	
0.161059	0.830536	(0.161059,0.830536)	
0.0371502	0.186005	(0.037150,0.186005)	
0.619906	0.04269	(0.619906,0.042690)	
0.00971491	0.487247	(0.009715,0.487247)	
0.391261	0.153651	(0.391261,0.153651)	
0.983982	0.994789	(0.983982,0.994789)	
0.276364	0.310906	(0.276364,0.310906)	
0.296783	0.921735	(0.296783,0.921735)	
0.959044	0.955903	(0.959044,0.955903)	
0.952161	0.825785	(0.952161,0.825785)	
0.7807	0.0817676	(0.780700,0.081768)	
0.265082	0.960444	(0.265082,0.960444)	
0.495845	0.228097	(0.495845,0.228097)	
0.441143	0.313569	(0.441143,0.313569)	
0.889243	0.347866	(0.889243,0.347866)	
0.497389	0.640009	(0.497389,0.640009)	
0.455691	0.518816	(0.455691,0.518816)	
0.881083	0.401166	(0.881083,0.401166)	
0.56869	0.682691	(0.568690,0.682691)	
0.160651	0.764225	(0.160651,0.764225)	
0.972757	0.0171703	(0.972757,0.017170)	
0.969819	0.0635872	(0.969819,0.063587)	
0.507587	0.15486	(0.507587,0.154860)	
0.0338765	0.528205	(0.033876,0.528205)	
0.645089	0.62946	(0.645089,0.629460)	
0.225885	0.788368	(0.225885,0.788368)	
0.330286	0.659987	(0.330286,0.659987)	
0.648624	0.116848	(0.648624,0.116848)	
0.354986	0.57906	(0.354986,0.579060)	
0.25111	0.470619	(0.251110,0.470619)	
0.852896	0.910919	(0.852896,0.910919)	
0.331034	0.884819	(0.331034,0.884819)	
0.733627	0.739539	(0.733627,0.739539)	
0.888736	0.349809	(0.888736,0.349809)	
0.920923	0.648401	(0.920923,0.648401)	
0.454898	0.960604	(0.454898,0.960604)	
0.0308219	0.1229	(0.030822,0.122900)	
0.0616532	0.36648	(0.061653,0.366480)	
0.724756	0.986741	(0.724756,0.986741)	
0.142004	0.633792	(0.142004,0.633792)	
0.960372	0.688022	(0.960372,0.688022)	
0.580186	0.849341	(0.580186,0.849341)	
0.00183354	0.19285	(0.001834,0.192850)	
0.978987	0.682613	(0.978987,0.682613)	
0.557306	0.908789	(0.557306,0.908789)	
0.620044	0.75663	(0.620044,0.756630)	
0.203288	0.612061	(0.203288,0.612061)	
0.0592065	0.877837	(0.059206,0.877837)	
0.205355	0.347044	(0.205355,0.347044)	
0.888396	0.790391	(0.888396,0.790391)	
0.528048	0.90044	(0.528048,0.900440)	
0.80364	0.259494	(0.803640,0.259494)	
0.771351	0.812435	(0.771351,0.812435)	
0.719687	0.578271	(0.719687,0.578271)	
0.70883	0.200801	(0.708830,0.200801)	
0.566582	0.4245	(0.566582,0.424500)	
0.217778	0.559382	(0.217778,0.559382)	
0.472686	0.774673	(0.472686,0.774673)	
0.572143	0.408478	(0.572143,0.408478)	
0.989905	0.98609	(0.989905,0.986090)	
0.155559	0.370802	(0.155559,0.370802)	
0.636374	0.371588	(0.636374,0.371588)	
0.688383	0.212903	(0.688383,0.212903)	
0.433934	0.570089	(0.433934,0.570089)	
0.546202	0.308893	(0.546202,0.308893)	
0.994706	0.729128	(0.994706,0.729128)	
0.878273	0.172353	(0.878273,0.172353)	
0.583451	0.198393	(0.583451,0.198393)	
0.165774	0.375199	(0.165774,0.375199)	
0.0488556	0.836799	(0.048856,0.836799)	
0.94837	0.681752	(0.948370,0.681752)	
0.504161	0.676629	(0.504161,0.676629)	
0.50272	0.315336	(0.502720,0.315336)	
0.650488	0.0987385	(0.650488,0.098738)	
0.791033	0.327222	(0.791033,0.327222)	
0.00789799	0.650825	(0.007898,0.650825)	
0.477388	0.32818	(0.477388,0.328180)	
0.460702	0.499653	(0.460702,0.499653)	
0.90322	0.786091	(0.903220,0.786091)	
0.174149	0.327012	(0.174149,0.327012)	
0.743162	0.49497	(0.743162,0.494970)	
0.416678	0.352887	(0.416678,0.352887)	
0.453649	0.127384	(0.453649,0.127384)	
0.270968	0.458037	(0.270968,0.458037)	
0.357455	0.330701	(0.357455,0.330701)	
0.861719	0.958058	(0.861719,0.958058)	
0.259317	0.0953342	(0.259317,0.095334)	
0.120109	0.0934784	(0.120109,0.093478)	
0.295362	0.978353	(0.295362,0.978353)	
0.374212	0.402905	(0.374212,0.402905)	
0.420067	0.717262	(0.420067,0.717262)	
0.159211	0.761372	(0.159211,0.761372)	
0.619613	0.215901	(0.619613,0.215901)	
0.617217	0.432471	(0.617217,0.432471)	
0.903843	0.367195	(0.903843,0.367195)	
0.0681433	0.204607	(0.068143,0.204607)	
0.11751	0.626725	(0.117510,0.626725)	
0.722739	0.778478	(0.722739,0.778478)	
0.075441	0.237898	(0.075441,0.237898)	
0.847101	0.530159	(0.847101,0.530159)	
0.868878	0.995949	(0.868878,0.995949)	
0.823395	0.592721	(0.823395,0.592721)	
0.0180538	0.0265214	(0.018054,0.026521)	
0.660821	0.645952	(0.660821,0.645952)	
0.518626	0.238405	(0.518626,0.238405)	
0.349049	0.660543	(0.349049,0.660543)	
0.509564	0.522858	(0.509564,0.522858)	
0.596286	0.157991	(0.596286,0.157991)	
0.99331	0.938333	(0.993310,0.938333)	
0.617141	0.883911	(0.617141,0.883911)	
0.684501	0.704251	(0.684501,0.704251)	
0.720542	0.479497	(0.720542,0.479497)	
0.0231952	0.886584	(0.023195,0.886584)	
0.0628055	0.118365	(0.062805,0.118365)	
0.737777	0.887466	(0.737777,0.887466)	
0.470763	0.764141	(0.470763,0.764141)	
0.109611	0.83802	(0.109611,0.838020)	
0.178514	0.824069	(0.178514,0.824069)	
0.507752	0.465397	(0.507752,0.465397)	
0.460468	0.417072	(0.460468,0.417072)	
0.511974	0.0799485	(0.511974,0.079948)	
0.862855	0.148424	(0.862855,0.148424)	
0.41388	0.765261	(0.413880,0.765261)	
0.243766	0.360271	(0.243766,0.360271)	
0.419663	0.30188	(0.419663,0.301880)	
0.414201	0.99619	(0.414201,0.996190)	
0.0181299	0.604959	(0.018130,0.604959)	
0.443815	0.932895	(0.443815,0.932895)	
0.721022	0.687508	(0.721022,0.687508)	
0.847394	0.362775	(0.847394,0.362775)	
0.429577	0.195597	(0.429577,0.195597)	
0.922144	0.292594	(0.922144,0.292594)	
0.685053	0.111784	(0.685053,0.111784)	
0.560214	0.707332	(0.560214,0.707332)	
0.877996	0.140679	(0.877996,0.140679)	
0.342268	0.450398	(0.342268,0.450398)	
0.430975	0.819066	(0.430975,0.819066)	
0.631278	0.424544	(0.631278,0.424544)	
0.0449883	0.416277	(0.044988,0.416277)	
0.564022	0.619645	(0.564022,0.619645)	
0.276604	0.982787	(0.276604,0.982787)	
0.192136	0.537422	(0.192136,0.537422)	
0.160124	0.381536	(0.160124,0.381536)	
0.794319	0.388477	(0.794319,0.388477)	
0.928601	0.102712	(0.928601,0.102712)	
0.383756	0.578211	(0.383756,0.578211)	
0.444764	0.0651378	(0.444764,0.065138)	
0.315505	0.335819	(0.315505,0.335819)	
0.0059595	0.28279	(0.005959,0.282790)	
0.381159	0.25043	(0.381159,0.250430)	
0.217686	0.200901	(0.217686,0.200901)	
0.914295	0.102351	(0.914295,0.102351)	
0.572657	0.0507613	(0.572657,0.050761)	
0.849906	0.872336	(0.849906,0.872336)	
0.864324	0.744491	(0.864324,0.744491)	
0.842227	0.60082	(0.842227,0.600820)	
0.19623	0.530102	(0.196230,0.530102)	
0.984236	0.790559	(0.984236,0.790559)	
0.915379	0.893232	(0.915379,0.893232)	
0.252869	0.00415585	(0.252869,0.004156)	
0.546094	0.455538	(0.546094,0.455538)	
0.969053	0.922381	(0.969053,0.922381)	
0.680758	0.952319	(0.680758,0.952319)	
0.581512	0.385198	(0.581512,0.385198)	
0.698755	0.735299	(0.698755,0.735299)	
0.306592	0.336121	(0.306592,0.336121)	
0.241232	0.743254	(0.241232,0.743254)	
0.25982	0.398448	(0.259820,0.398448)	
0.12663	0.00641104	(0.126630,0.006411)	
0.953459	0.311299	(0.953459,0.311299)	
0.11292	0.634143	(0.112920,0.634143)	
0.490943	0.192109	(0.490943,0.192109)	
0.813	0.903787	(0.813000,0.903787)	
0.624907	0.633743	(0.624907,0.633743)	
0.568621	0.686491	(0.568621,0.686491)	
0.549844	0.817772	(0.549844,0.817772)	
0.0577263	0.569488	(0.057726,0.569488)	
0.940555	0.975523	(0.940555,0.975523)	
0.425246	0.859461	(0.425246,0.859461)	
0.219097	0.765474	(0.219097,0.765474)	
0.31662	0.265482	(0.316620,0.265482)	
0.309421	0.0855621	(0.309421,0.085562)	
0.0880189	0.690081	(0.088019,0.690081)	
0.522175	0.893438	(0.522175,0.893438)	
0.852	0.821375	(0.852000,0.821375)	
0.582003	0.174032	(0.582003,0.174032)	
0.779823	0.376665	(0.779823,0.376665)	
0.874255	0.944672	(0.874255,0.944672)	
0.0627226	0.047998	(0.062723,0.047998)	
0.533275	0.312071	(0.533275,0.312071)	
0.178018	0.732778	(0.178018,0.732778)	
0.134818	0.0466819	(0.134818,0.046682)	
0.109096	0.178408	(0.109096,0.178408)	
0.182871	0.88814	(0.182871,0.888140)	
0.131243	0.0503418	(0.131243,0.050342)	
0.816847	0.0759455	(0.816847,0.075946)	
0.851364	0.859771	(0.851364,0.859771)	
0.807334	0.163266	(0.807334,0.163266)	
0.735156	0.513029	(0.735156,0.513029)	
0.884156	0.535346	(0.884156,0.535346)	
0.180061	0.21276	(0.180061,0.212760)	
0.254197	0.749669	(0.254197,0.749669)	
0.808784	0.43487	(0.808784,0.434870)	
0.151424	0.640658	(0.151424,0.640658)	
0.532309	0.999507	(0.532309,0.999507)	
0.828813	0.400753	(0.828813,0.400753)	
0.732069	0.264059	(0.732069,0.264059)	
0.290731	0.641254	(0.290731,0.641254)	
0.760248	0.996833	(0.760248,0.996833)	
0.59222	0.845149	(0.592220,0.845149)	
0.680422	0.988209	(0.680422,0.988209)	
0.843934	0.0105657	(0.843934,0.010566)	
0.546078	0.258366	(0.546078,0.258366)	
0.381945	0.523473	(0.381945,0.523473)	
0.523512	0.304853	(0.523512,0.304853)	
0.441958	0.0334231	(0.441958,0.033423)	
0.242768	0.0673415	(0.242768,0.067341)	
0.247575	0.993727	(0.247575,0.993727)	
0.0432403	0.679797	(0.043240,0.679797)	
0.640083	0.490262	(0.640083,0.490262)	
0.360323	0.0312927	(0.360323,0.031293)	
0.279008	0.459691	(0.279008,0.459691)	
0.669776	0.205937	(0.669776,0.205937)	
0.392582	0.592275	(0.392582,0.592275)	
0.914545	0.950487	(0.914545,0.950487)	
0.997716	0.346418	(0.997716,0.346418)	
0.634735	0.996458	(0.634735,0.996458)	
0.210566	0.0569469	(0.210566,0.056947)	
0.508565	0.803895	(0.508565,0.803895)	
0.579971	0.097924	(0.579971,0.097924)	
0.297025	0.698886	(0.297025,0.698886)	
0.473632	0.230005	(0.473632,0.230005)	
0.326987	0.439641	(0.326987,0.439641)	
0.185857	0.404358	(0.185857,0.404358)	
0.409571	0.60022	(0.409571,0.600220)	
0.19895	0.45768	(0.198950,0.457680)	
0.188304	0.331278	(0.188304,0.331278)	
0.57905	0.879448	(0.579050,0.879448)	
0.264098	0.708441	(0.264098,0.708441)	
0.810664	0.492258	(0.810664,0.492258)	
0.423308	0.0669335	(0.423308,0.066934)	
0.0397061	0.80373	(0.039706,0.803730)	
0.97631	0.141965	(0.976310,0.141965)	
0.0979767	0.574272	(0.097977,0.574272)	
0.625562	0.0752385	(0.625562,0.075239)	
0.296445	0.925043	(0.296445,0.925043)	
0.655296	0.136157	(0.655296,0.136157)	
0.602084	0.976274	(0.602084,0.976274)	
0.254537	0.460158	(0.254537,0.460158)	
0.833288	0.465001	(0.833288,0.465001)	
0.838637	0.984801	(0.838637,0.984801)	
0.130088	0.215974	(0.130088,0.215974)	
0.662868	0.71623	(0.662868,0.716230)	
0.463559	0.41864	(0.463559,0.418640)	
0.368686	0.274479	(0.368686,0.274479)	
0.958315	0.850658	(0.958315,0.850658)	
0.366241	0.526395	(0.366241,0.526395)	
0.505118	0.954139	(0.505118,0.954139)	
0.835633	0.841072	(0.835633,0.841072)	
0.557939	0.750114	(0.557939,0.750114)	
0.277729	0.806502	(0.277729,0.806502)	
0.239952	0.220522	(0.239952,0.220522)	
0.819466	0.980165	(0.819466,0.980165)	
0.3526	0.0119276	(0.352600,0.011928)	
0.187999	0.653764	(0.187999,0.653764)	
0.596016	0.153454	(0.596016,0.153454)	
0.425601	0.576909	(0.425601,0.576909)	
0.100683	0.230844	(0.100683,0.230844)	
0.988604	0.880814	(0.988604,0.880814)	
0.150342	0.932724	(0.150342,0.932724)	
0.0278995	0.98594	(0.027899,0.985940)	
0.984218	0.662997	(0.984218,0.662997)	
0.0076442	0.372713	(0.007644,0.372713)	
0.619854	0.589737	(0.619854,0.589737)	
0.708006	0.68823	(0.708006,0.688230)	
0.381818	0.936155	(0.381818,0.936155)	
0.355432	0.591148	(0.355432,0.591148)	
0.979905	0.889316	(0.979905,0.889316)	
0.611374	0.979315	(0.611374,0.979315)	
0.6049	0.348755	(0.604900,0.348755)	
0.362323	0.168243	(0.362323,0.168243)	
0.230491	0.0173349	(0.230491,0.017335)	
0.32803	0.202092	(0.328030,0.202092)	
0.584362	0.473304	(0.584362,0.473304)	
0.0317312	0.681802	(0.031731,0.681802)	
0.61618	0.794191	(0.616180,0.794191)	
0.4501	0.327455	(0.450100,0.327455)	
0.609218	0.733889	(0.609218,0.733889)	
0.928396	0.38448	(0.928396,0.384480)	
0.79821	0.103828	(0.798210,0.103828)	
0.658294	0.0073029	(0.658294,0.007303)	
0.739151	0.862824	(0.739151,0.862824)	
0.0752992	0.871289	(0.075299,0.871289)	
0.0758429	0.979042	(0.075843,0.979042)	
0.0459892	0.577008	(0.045989,0.577008)	
0.439732	0.658117	(0.439732,0.658117)	
0.242199	0.413	(0.242199,0.413000)	
0.258906	0.315966	(0.258906,0.315966)	
0.902276	0.868204	(0.902276,0.868204)	
0.322036	0.261264	(0.322036,0.261264)	
0.474558	0.95744	(0.474558,0.957440)	
0.204643	0.504172	(0.204643,0.504172)	
0.844235	0.107815	(0.844235,0.107815)	
0.607679	0.253977	(0.607679,0.253977)	
0.833725	0.606314	(0.833725,0.606314)	
0.34933	0.353509	(0.349330,0.353509)	
0.013943	0.625519	(0.013943,0.625519)	
0.0857566	0.232824	(0.085757,0.232824)	
0.0975608	0.712124	(0.097561,0.712124)	
0.78877	0.574787	(0.788770,0.574787)	
0.0371357	0.569382	(0.037136,0.569382)	
0.879983	0.162337	(0.879983,0.162337)	
0.605222	0.607914	(0.605222,0.607914)	
0.59166	0.72865	(0.591660,0.728650)	
0.578145	0.338189	(0.578145,0.338189)	
0.30228	0.730023	(0.302280,0.730023)	
0.520705	0.381972	(0.520705,0.381972)	
0.065946	0.995448	(0.065946,0.995448)	
0.619691	0.979045	(0.619691,0.979045)	
0.433366	0.130775	(0.433366,0.130775)	
0.536766	0.0402966	(0.536766,0.040297)	
0.640681	0.338651	(0.640681,0.338651)	
0.0462898	0.370087	(0.046290,0.370087)	
0.841379	0.193582	(0.841379,0.193582)	
0.444172	0.861546	(0.444172,0.861546)	
0.874517	0.635316	(0.874517,0.635316)	
0.71649	0.610717	(0.716490,0.610717)	
0.0263383	0.529992	(0.026338,0.529992)	
0.0508306	0.742357	(0.050831,0.742357)	
0.856858	0.129364	(0.856858,0.129364)	
0.971838	0.675525	(0.971838,0.675525)	
0.761239	0.43166	(0.761239,0.431660)	
0.651125	0.855317	(0.651125,0.855317)	
0.928825	0.126863	(0.928825,0.126863)	
0.449441	0.0531331	(0.449441,0.053133)	
0.489863	0.573411	(0.489863,0.573411)	
0.617882	0.997569	(0.617882,0.997569)	
0.218576	0.197294	(0.218576,0.197294)	
0.140146	0.787464	(0.140146,0.787464)	
0.336863	0.188597	(0.336863,0.188597)	
0.717714	0.594898	(0.717714,0.594898)	
0.959143	0.270694	(0.959143,0.270694)	
0.865861	0.0664933	(0.865861,0.066493)	
0.0874574	0.275115	(0.087457,0.275115)	
0.435034	0.444362	(0.435034,0.444362)	
0.936842	0.927849	(0.936842,0.927849)	
0.737182	0.262318	(0.737182,0.262318)	
0.702071	0.563341	(0.702071,0.563341)	
0.930888	0.927906	(0.930888,0.927906)	
0.704453	0.869146	(0.704453,0.869146)	
0.696462	0.116416	(0.696462,0.116416)	
0.545523	0.431287	(0.545523,0.431287)	
0.259789	0.610079	(0.259789,0.610079)	
0.385714	0.0174464	(0.385714,0.017446)	
0.951665	0.585279	(0.951665,0.585279)	
0.530859	0.68769	(0.530859,0.687690)	
0.121079	0.844883	(0.121079,0.844883)	
0.996356	0.96131	(0.996356,0.961310)	
0.962759	0.714103	(0.962759,0.714103)	
0.804689	0.160301	(0.804689,0.160301)	
0.730911	0.259953	(0.730911,0.259953)	
0.211749	0.477118	(0.211749,0.477118)	
0.655132	0.790052	(0.655132,0.790052)	
0.433914	0.324524	(0.433914,0.324524)	
0.366761	0.76067	(0.366761,0.760670)	
0.422379	0.682139	(0.422379,0.682139)	
0.703441	0.941622	(0.703441,0.941622)	
0.792941	0.786632	(0.792941,0.786632)	
0.758441	0.00248387	(0.758441,0.002484)	
0.735755	0.965286	(0.735755,0.965286)	
0.0544917	0.296916	(0.054492,0.296916)	
0.996056	0.296171	(0.996056,0.296171)	
0.777935	0.116637	(0.777935,0.116637)	
0.306979	0.218304	(0.306979,0.218304)	
0.33923	0.791221	(0.339230,0.791221)	
0.771317	0.103721	(0.771317,0.103721)	
0.814901	0.842629	(0.814901,0.842629)	
0.0101052	0.0473551	(0.010105,0.047355)	
0.461568	0.723008	(0.461568,0.723008)	
0.63039	0.903074	(0.630390,0.903074)	
0.815561	0.120193	(0.815561,0.120193)	
0.998509	0.583432	(0.998509,0.583432)	
0.445757	0.197568	(0.445757,0.197568)	
0.0529676	0.300974	(0.052968,0.300974)	
0.209714	0.624218	(0.209714,0.624218)	
0.144932	0.229774	(0.144932,0.229774)	
0.574193	0.668752	(0.574193,0.668752)	
0.674955	0.742904	(0.674955,0.742904)	
0.853972	0.687954	(0.853972,0.687954)	
0.700439	0.185413	(0.700439,0.185413)	
0.953991	0.891835	(0.953991,0.891835)	
0.146334	0.0900368	(0.146334,0.090037)	
0.678867	0.552999	(0.678867,0.552999)	
0.766447	0.866237	(0.766447,0.866237)	
0.913358	0.73432	(0.913358,0.734320)	
0.407641	0.590285	(0.407641,0.590285)	
0.943296	0.909011	(0.943296,0.909011)	
0.335107	0.408402	(0.335107,0.408402)	
0.0477496	0.456518	(0.047750,0.456518)	
0.623251	0.815507	(0.623251,0.815507)	
0.871856	0.241708	(0.871856,0.241708)	
0.72069	0.283667	(0.720690,0.283667)	
0.310967	0.270048	(0.310967,0.270048)	
0.905165	0.247281	(0.905165,0.247281)	
0.978929	0.594667	(0.978929,0.594667)	
0.178285	0.682203	(0.178285,0.682203)	
0.277828	0.209923	(0.277828,0.209923)	
0.262747	0.585234	(0.262747,0.585234)	
0.567942	0.968586	(0.567942,0.968586)	
0.385979	0.725648	(0.385979,0.725648)	
0.592716	0.614701	(0.592716,0.614701)	
0.921887	0.524804	(0.921887,0.524804)	
0.735076	0.731077	(0.735076,0.731077)	
0.252834	0.761659	(0.252834,0.761659)	
0.662265	0.799189	(0.662265,0.799189)	
0.271308	0.705375	(0.271308,0.705375)	
0.703734	0.0907431	(0.703734,0.090743)	
0.20735	0.960947	(0.207350,0.960947)	
0.850637	0.825501	(0.850637,0.825501)	
0.214234	0.765102	(0.214234,0.765102)	
0.469404	0.901186	(0.469404,0.901186)	
0.719744	0.18873	(0.719744,0.188730)	
0.792291	0.630796	(0.792291,0.630796)	
0.630419	0.955348	(0.630419,0.955348)	
0.544163	0.803771	(0.544163,0.803771)	
0.316256	0.654808	(0.316256,0.654808)	
0.949831	0.153822	(0.949831,0.153822)	
