# x		y		pair notation
105358251	1398494365	(105358251,1398494365)	
959629200	28406321	(959629200,28406321)	
67180401	142366602	(67180401,142366602)	
1326730336	1975080642	(1326730336,1975080642)	
1461945551	2145875246	(1461945551,2145875246)	
615546509	1181944031	(615546509,1181944031)	
1223486826	1736421546	(1223486826,1736421546)	
1693486006	255443223	(1693486006,255443223)	
1478814256	1159473903	(1478814256,1159473903)	
196494289	885079011	(196494289,885079011)	
1575166205	1802901648	(1575166205,1802901648)	
1050065879	798881767	(1050065879,798881767)	
906148748	1057523876	(906148748,1057523876)	
880989355	1418034633	(880989355,1418034633)	
652871241	954940550	(652871241,954940550)	
904972337	758229492	(904972337,758229492)	
205951267	1864601538	(205951267,1864601538)	
786635813	273131668	(786635813,273131668)	
2006968140	2113366149	(2006968140,2113366149)	
100728662	1321430044	(100728662,1321430044)	
2111757748	716275172	(2111757748,716275172)	
355890427	1187760926	(355890427,1187760926)	
305213070	2049376433	(305213070,2049376433)	
1443204149	1784027326	(1443204149,1784027326)	
1061366688	1639698439	(1061366688,1639698439)	
521622690	489049245	(521622690,489049245)	
1295116439	1571688569	(1295116439,1571688569)	
1287931013	53781539	(1287931013,53781539)	
481728797	21436720	(481728797,21436720)	
1471816173	1134600038	(1471816173,1134600038)	
976377270	229304862	(976377270,229304862)	
1892829530	1182328537	(1892829530,1182328537)	
2093906400	531981695	(2093906400,531981695)	
1455460205	1953390893	(1455460205,1953390893)	
497864197	1556188868	(497864197,1556188868)	
1127337289	462138297	(1127337289,462138297)	
124980392	1483227716	(124980392,1483227716)	
1649899223	430193462	(1649899223,430193462)	
1385120501	945619725	(1385120501,945619725)	
66737141	299003541	(66737141,299003541)	
437834516	588359831	(437834516,588359831)	
788052787	1732950955	(788052787,1732950955)	
12564752	2075983800	(12564752,2075983800)	
1786732495	494293549	(1786732495,494293549)	
2097420520	1111065020	(2097420520,1111065020)	
1628893588	926314142	(1628893588,926314142)	
1340369882	1374239470	(1340369882,1374239470)	
2108642679	1286792635	(2108642679,1286792635)	
1906221166	1416619236	(1906221166,1416619236)	
1092699880	256601715	(1092699880,256601715)	
825324456	72553521	(825324456,72553521)	
718740012	950304848	(718740012,950304848)	
1555781237	221155587	(1555781237,221155587)	
1380498311	793418090	(1380498311,793418090)	
1166775312	1447235452	(1166775312,1447235452)	
1092421631	1604609828	(1092421631,1604609828)	
2035595283	1880474418	(2035595283,1880474418)	
1190077136	2048160035	(1190077136,2048160035)	
1808974570	829325983	(1808974570,829325983)	
394969936	1758911442	(394969936,1758911442)	
1940391003	2023863524	(1940391003,2023863524)	
537741936	1133277237	(537741936,1133277237)	
1250619347	498900967	(1250619347,498900967)	
272586224	1009356865	(272586224,1009356865)	
1915520204	1365286104	(1915520204,1365286104)	
1265958580	593361012	(1265958580,593361012)	
1437839625	1984698592	(1437839625,1984698592)	
1543665861	846137214	(1543665861,846137214)	
58370531	776680524	(58370531,776680524)	
1639555304	1225145844	(1639555304,1225145844)	
76432328	584493288	(76432328,584493288)	
682272024	2112027611	(682272024,2112027611)	
317484058	1872349160	(317484058,1872349160)	
2012703998	2126458629	(2012703998,2126458629)	
554191495	260190286	(554191495,260190286)	
1737886423	347098850	(1737886423,347098850)	
136570163	128144712	(136570163,128144712)	
1480376088	1387189510	(1480376088,1387189510)	
627045679	1752962312	(627045679,1752962312)	
249062727	395082235	(249062727,395082235)	
970764769	1515021307	(970764769,1515021307)	
988443248	261120746	(988443248,261120746)	
1352236251	384625461	(1352236251,384625461)	
1107257961	1410606782	(1107257961,1410606782)	
1161305985	599329617	(1161305985,599329617)	
488268978	1237738313	(488268978,1237738313)	
1183822905	1170541003	(1183822905,1170541003)	
1202282276	1501306964	(1202282276,1501306964)	
895406515	1067502626	(895406515,1067502626)	
1480281945	1449598011	(1480281945,1449598011)	
1327692912	1070684720	(1327692912,1070684720)	
1796696861	1464263075	(1796696861,1464263075)	
1198829432	1129589301	(1198829432,1129589301)	
703968937	1825875112	(703968937,1825875112)	
735067966	953031664	(735067966,953031664)	
73473699	1705832735	(73473699,1705832735)	
320569323	1061916947	(320569323,1061916947)	
1966953481	1672805574	(1966953481,1672805574)	
1446542408	926727794	(1446542408,926727794)	
935928709	460364745	(935928709,460364745)	
1526057412	1424197687	(1526057412,1424197687)	
1698103058	562396669	(1698103058,562396669)	
447255042	752901686	(447255042,752901686)	
2063703633	1342661558	(2063703633,1342661558)	
1820404312	1396501930	(1820404312,1396501930)	
644775921	1000613577	(644775921,1000613577)	
319703003	293989134	(319703003,293989134)	
317393004	1518532435	(317393004,1518532435)	
1423578436	1021361942	(1423578436,1021361942)	
1196923899	11162754	(1196923899,11162754)	
1974393606	1270397599	(1974393606,1270397599)	
1716995489	147479282	(1716995489,147479282)	
184830898	1536465322	(184830898,1536465322)	
1820284856	1631373307	(1820284856,1631373307)	
315709469	608729917	(315709469,608729917)	
2091738052	1841766881	(2091738052,1841766881)	
2032927605	1642357463	(2032927605,1642357463)	
256679902	332698999	(256679902,332698999)	
247775501	172899888	(247775501,172899888)	
1675360557	2068179814	(1675360557,2068179814)	
1569401818	172652830	(1569401818,172652830)	
921309743	1889104821	(921309743,1889104821)	
466641965	1238702747	(466641965,1238702747)	
1260153609	1890220401	(1260153609,1890220401)	
112581041	309593860	(112581041,309593860)	
1901383155	2086974648	(1901383155,2086974648)	
1579991459	1470894996	(1579991459,1470894996)	
86970282	1764822358	(86970282,1764822358)	
859876670	1907255138	(859876670,1907255138)	
1248712017	1175586139	(1248712017,1175586139)	
368501408	1192966421	(368501408,1192966421)	
869869372	253945365	(869869372,253945365)	
687840236	1126549275	(687840236,1126549275)	
586644364	935615738	(586644364,935615738)	
1299449163	114521274	(1299449163,114521274)	
856311904	721367333	(856311904,721367333)	
287174104	1777621647	(287174104,1777621647)	
462988507	753816069	(462988507,753816069)	
868840746	1723142116	(868840746,1723142116)	
496552822	981421788	(496552822,981421788)	
2032735976	250452329	(2032735976,250452329)	
920912788	1465243788	(920912788,1465243788)	
1721347325	1007883070	(1721347325,1007883070)	
1082582498	433740348	(1082582498,433740348)	
767654560	183810867	(767654560,183810867)	
1609326487	1136155968	(1609326487,1136155968)	
1376777288	331712212	(1376777288,331712212)	
1390101333	2064617525	(1390101333,2064617525)	
1458261487	1976745698	(1458261487,1976745698)	
852749615	610227002	(852749615,610227002)	
2091266972	1709061519	(2091266972,1709061519)	
1331594335	230957428	(1331594335,230957428)	
1339199518	1794582842	(1339199518,1794582842)	
984773498	60556616	(984773498,60556616)	
1370241310	1481326320	(1370241310,1481326320)	
1041978404	1255493639	(1041978404,1255493639)	
1731778650	1962891192	(1731778650,1962891192)	
573253779	1305642327	(573253779,1305642327)	
823290614	1655836277	(823290614,1655836277)	
1739382675	1590945175	(1739382675,1590945175)	
1839647144	1201225515	(1839647144,1201225515)	
579617495	1068940784	(579617495,1068940784)	
1532937727	1969718829	(1532937727,1969718829)	
986074661	843715566	(986074661,843715566)	
1798980879	1838824276	(1798980879,1838824276)	
1453942568	1742764203	(1453942568,1742764203)	
1400402147	638053255	(1400402147,638053255)	
1973721631	592118017	(1973721631,592118017)	
285152450	811011481	(285152450,811011481)	
652674634	1655393760	(652674634,1655393760)	
144854154	1694653038	(144854154,1694653038)	
763403751	1876632804	(763403751,1876632804)	
1510060583	1336657530	(1510060583,1336657530)	
1034791483	185867549	(1034791483,185867549)	
845010159	626690511	(845010159,626690511)	
1776812724	537173655	(1776812724,537173655)	
1827916026	208946572	(1827916026,208946572)	
1606114440	1213370105	(1606114440,1213370105)	
31181753	444705453	(31181753,444705453)	
2057085671	1830162632	(2057085671,1830162632)	
136046082	1363544591	(136046082,1363544591)	
1425443187	1536448229	(1425443187,1536448229)	
2001597846	1251681170	(2001597846,1251681170)	
2128566247	139266648	(2128566247,139266648)	
2062692652	633757233	(2062692652,633757233)	
1794660409	60063158	(1794660409,60063158)	
180926623	410580512	(180926623,410580512)	
1936695962	1690987206	(1936695962,1690987206)	
1747238043	824003797	(1747238043,824003797)	
1876854756	444764554	(1876854756,444764554)	
1450694308	1506183832	(1450694308,1506183832)	
981938210	1131126686	(981938210,1131126686)	
1715130404	440569002	(1715130404,440569002)	
197013143	1746312157	(197013143,1746312157)	
885274455	106615166	(885274455,106615166)	
1428991141	1021320537	(1428991141,1021320537)	
1470159757	706950680	(1470159757,706950680)	
410285119	1324273956	(410285119,1324273956)	
1958631851	391367718	(1958631851,391367718)	
1463540604	1873840855	(1463540604,1873840855)	
1025124951	1110717365	(1025124951,1110717365)	
1933904013	1206051574	(1933904013,1206051574)	
1521297878	1723116327	(1521297878,1723116327)	
749555133	1121052273	(749555133,1121052273)	
399636476	478926241	(399636476,478926241)	
1565816827	1850330785	(1565816827,1850330785)	
1985110073	400271389	(1985110073,400271389)	
833973823	1552756830	(833973823,1552756830)	
840840391	1030986967	(840840391,1030986967)	
1151585339	1726114847	(1151585339,1726114847)	
1137602133	433092833	(1137602133,433092833)	
599951736	460278243	(599951736,460278243)	
1140043513	1010236855	(1140043513,1010236855)	
1784552199	951191716	(1784552199,951191716)	
1401604573	1100609155	(1401604573,1100609155)	
677548923	279245876	(677548923,279245876)	
63842873	463969288	(63842873,463969288)	
1485297451	1585140751	(1485297451,1585140751)	
39601967	87368936	(39601967,87368936)	
558709376	439238444	(558709376,439238444)	
566295177	2124526203	(566295177,2124526203)	
142085581	403921602	(142085581,403921602)	
377313945	976059404	(377313945,976059404)	
1956678432	1218154336	(1956678432,1218154336)	
2007046371	960780124	(2007046371,960780124)	
796785535	997164857	(796785535,997164857)	
1393872957	1396737272	(1393872957,1396737272)	
1457443100	386432822	(1457443100,386432822)	
259490479	1094511651	(259490479,1094511651)	
1337624539	1661095053	(1337624539,1661095053)	
47637158	2015173462	(47637158,2015173462)	
1940340929	111480031	(1940340929,111480031)	
331659103	1278154732	(331659103,1278154732)	
1696620782	371261070	(1696620782,371261070)	
1365523668	107846510	(1365523668,107846510)	
810499514	1931818845	(810499514,1931818845)	
84889066	952585095	(84889066,952585095)	
188256800	462203011	(188256800,462203011)	
1928644500	2144935232	(1928644500,2144935232)	
1680357347	1788207223	(1680357347,1788207223)	
958231708	329659235	(958231708,329659235)	
637888432	204621017	(637888432,204621017)	
1726396507	2095331532	(1726396507,2095331532)	
591053840	1985886986	(591053840,1985886986)	
1042359535	1928678379	(1042359535,1928678379)	
1499498391	1089996694	(1499498391,1089996694)	
1796368193	1292355673	(1796368193,1292355673)	
1201476725	2128027296	(1201476725,2128027296)	
423026757	750613860	(423026757,750613860)	
351804719	1788550426	(351804719,1788550426)	
858460370	1162304233	(858460370,1162304233)	
1572885623	943349436	(1572885623,943349436)	
2114889329	1761142423	(2114889329,1761142423)	
1405552447	1896050181	(1405552447,1896050181)	
1758594008	938426147	(1758594008,938426147)	
1536773756	569342068	(1536773756,569342068)	
1268085382	27178541	(1268085382,27178541)	
773963086	846998241	(773963086,846998241)	
2122510073	1365016926	(2122510073,1365016926)	
685401579	1017385961	(685401579,1017385961)	
1146211657	37416323	(1146211657,37416323)	
2107382655	795096202	(2107382655,795096202)	
1329771996	1161375732	(1329771996,1161375732)	
775639851	1752798753	(775639851,1752798753)	
1911989592	1127444570	(1911989592,1127444570)	
1393865531	622966315	(1393865531,622966315)	
142265155	819267507	(142265155,819267507)	
1566315751	109670836	(1566315751,109670836)	
432926282	824384551	(432926282,824384551)	
2005721017	44036642	(2005721017,44036642)	
1762810698	1395011126	(1762810698,1395011126)	
613378711	883412432	(613378711,883412432)	
1422189667	1387341797	(1422189667,1387341797)	
1730410673	1397216092	(1730410673,1397216092)	
604875075	268328604	(604875075,268328604)	
267118405	1751086732	(267118405,1751086732)	
305744927	227017412	(305744927,227017412)	
398699286	1635516923	(398699286,1635516923)	
1388393145	1174339137	(1388393145,1174339137)	
1240832029	1152899089	(1240832029,1152899089)	
154300059	487213912	(154300059,487213912)	
1775865404	296565215	(1775865404,296565215)	
1306481419	1194697508	(1306481419,1194697508)	
406236051	1739407702	(406236051,1739407702)	
2019082059	264473421	(2019082059,264473421)	
1783444344	1634409109	(1783444344,1634409109)	
1659484547	249339407	(1659484547,249339407)	
370337893	934190566	(370337893,934190566)	
1636681204	2100748566	(1636681204,2100748566)	
183923010	94072631	(183923010,94072631)	
221593522	451041416	(221593522,451041416)	
1845159363	527338450	(1845159363,527338450)	
678058828	96375002	(678058828,96375002)	
15371725	2066451973	(15371725,2066451973)	
1270714139	1256203754	(1270714139,1256203754)	
1071867415	1425014199	(1071867415,1425014199)	
1743417667	700249171	(1743417667,700249171)	
1721579414	902415438	(1721579414,902415438)	
1894946679	2127815465	(1894946679,2127815465)	
494339492	1766545090	(494339492,1766545090)	
244805238	130300189	(244805238,130300189)	
1253470551	1904289785	(1253470551,1904289785)	
379639596	1623808444	(379639596,1623808444)	
690996703	2016320801	(690996703,2016320801)	
1577073362	874919714	(1577073362,874919714)	
2110393432	1798666885	(2110393432,1798666885)	
1325961130	1808069148	(1325961130,1808069148)	
178521687	2004019958	(178521687,2004019958)	
1904444150	193893412	(1904444150,193893412)	
1922988284	1027674641	(1922988284,1027674641)	
1450097167	847372051	(1450097167,847372051)	
305205192	1046031186	(305205192,1046031186)	
1547621222	2026784606	(1547621222,2026784606)	
1948446624	1295084254	(1948446624,1295084254)	
2007116424	295302469	(2007116424,295302469)	
914145696	104438014	(914145696,104438014)	
425602658	20132600	(425602658,20132600)	
2008727800	805242254	(2008727800,805242254)	
1643941044	552240855	(1643941044,552240855)	
674079407	1073530759	(674079407,1073530759)	
1427160569	636989192	(1427160569,636989192)	
724713996	605638051	(724713996,605638051)	
297574692	903235683	(297574692,903235683)	
462174362	54535194	(462174362,54535194)	
1097129095	237678998	(1097129095,237678998)	
1082209835	399742614	(1082209835,399742614)	
1085051049	1387415028	(1085051049,1387415028)	
1445773800	485188623	(1445773800,485188623)	
1266715986	1246736777	(1266715986,1246736777)	
1780272877	1126348762	(1780272877,1126348762)	
1542039246	546934926	(1542039246,546934926)	
1230786777	1967641904	(1230786777,1967641904)	
567067526	1092030929	(567067526,1092030929)	
625400510	63524922	(625400510,63524922)	
1644271784	1299479918	(1644271784,1299479918)	
1137055681	923948706	(1137055681,923948706)	
1936469110	1861769677	(1936469110,1861769677)	
1529586757	86560154	(1529586757,86560154)	
617521712	1991761119	(617521712,1991761119)	
141095348	1714650808	(141095348,1714650808)	
81956469	1223305183	(81956469,1223305183)	
2114393422	1167007518	(2114393422,1167007518)	
463236563	1412683575	(463236563,1412683575)	
1652196142	1729952550	(1652196142,1729952550)	
511936704	1284985371	(511936704,1284985371)	
708817664	2053975950	(708817664,2053975950)	
1831920297	1939604441	(1831920297,1939604441)	
1874134206	251504175	(1874134206,251504175)	
884151722	352051068	(884151722,352051068)	
315029098	380939859	(315029098,380939859)	
1651530986	1452084779	(1651530986,1452084779)	
1304888565	1440516448	(1304888565,1440516448)	
1166370809	686991674	(1166370809,686991674)	
1527076602	1783892521	(1527076602,1783892521)	
531269146	1668171950	(531269146,1668171950)	
1351059681	613225615	(1351059681,613225615)	
743993486	1317969456	(743993486,1317969456)	
1780233134	1207230049	(1780233134,1207230049)	
583169383	1284945628	(583169383,1284945628)	
789698951	1095106087	(789698951,1095106087)	
422447351	1498516616	(422447351,1498516616)	
1001598389	106884001	(1001598389,106884001)	
1290637409	728248947	(1290637409,728248947)	
358388176	27305484	(358388176,27305484)	
1080300015	673417274	(1080300015,673417274)	
408245343	584347354	(408245343,584347354)	
2125502054	1713133908	(2125502054,1713133908)	
2024863802	1144389215	(2024863802,1144389215)	
252641934	1404456757	(252641934,1404456757)	
780798088	783911080	(780798088,783911080)	
925145059	2131857770	(925145059,2131857770)	
1397136696	1669138545	(1397136696,1669138545)	
1302343578	1029886182	(1302343578,1029886182)	
728884947	1885512961	(728884947,1885512961)	
167348162	1518583898	(167348162,1518583898)	
833135400	589795513	(833135400,589795513)	
869616866	1834733789	(869616866,1834733789)	
696679514	12770628	(696679514,12770628)	
415499088	1055067691	(415499088,1055067691)	
40076112	1495799103	(40076112,1495799103)	
1728484965	448321455	(1728484965,448321455)	
2080146457	1706503371	(2080146457,1706503371)	
13971715	1957526612	(13971715,1957526612)	
703408938	266613649	(703408938,266613649)	
1214499721	1484207027	(1214499721,1484207027)	
1050524730	2139644780	(1050524730,2139644780)	
1468581149	300177778	(1468581149,300177778)	
1661299678	623441079	(1661299678,623441079)	
1330063960	242700977	(1330063960,242700977)	
361470392	1497412122	(361470392,1497412122)	
1761284875	1194605792	(1761284875,1194605792)	
2087207635	483418094	(2087207635,483418094)	
881855933	636403502	(881855933,636403502)	
496188722	1297355021	(496188722,1297355021)	
1691471193	536264834	(1691471193,536264834)	
645670476	1272472510	(645670476,1272472510)	
984586289	578333286	(984586289,578333286)	
831492234	998558004	(831492234,998558004)	
388376250	1534901172	(388376250,1534901172)	
1265171653	1602875971	(1265171653,1602875971)	
871624551	168212735	(871624551,168212735)	
1595037103	192722052	(1595037103,192722052)	
468390513	1108853133	(468390513,1108853133)	
816163131	1798454473	(816163131,1798454473)	
1351554110	1177633523	(1351554110,1177633523)	
1148382947	965355338	(1148382947,965355338)	
224755667	1088106935	(224755667,1088106935)	
1448773432	1106611600	(1448773432,1106611600)	
1724510437	1944962154	(1724510437,1944962154)	
256482973	1268497982	(256482973,1268497982)	
333743340	902153450	(333743340,902153450)	
393486844	1318329629	(393486844,1318329629)	
1480486736	1224979078	(1480486736,1224979078)	
169403985	1868862986	(169403985,1868862986)	
612396603	1434575638	(612396603,1434575638)	
1324255309	1484021154	(1324255309,1484021154)	
1602788374	771808764	(1602788374,771808764)	
1676743207	2071178887	(1676743207,2071178887)	
1880661898	345422690	(1880661898,345422690)	
1722149713	1084732360	(1722149713,1084732360)	
1523056214	723049012	(1523056214,723049012)	
2050087698	1747811881	(2050087698,1747811881)	
1811155947	1351377482	(1811155947,1351377482)	
706939834	1388182736	(706939834,1388182736)	
1148855988	963422807	(1148855988,963422807)	
509197070	1482599328	(509197070,1482599328)	
1865576257	902683915	(1865576257,902683915)	
653445309	1198579345	(653445309,1198579345)	
2127662993	822849294	(2127662993,822849294)	
919958683	592575948	(919958683,592575948)	
109941285	96730344	(109941285,96730344)	
2076597103	1712729659	(2076597103,1712729659)	
868539109	1605856662	(868539109,1605856662)	
1636424898	601717359	(1636424898,601717359)	
1951279352	1211090963	(1951279352,1211090963)	
1686449719	1326851918	(1686449719,1326851918)	
1934139976	1589053770	(1934139976,1589053770)	
927180152	1597812275	(927180152,1597812275)	
792947604	1634119986	(792947604,1634119986)	
838511364	1941803593	(838511364,1941803593)	
450059145	1347708434	(450059145,1347708434)	
1276919273	168151755	(1276919273,168151755)	
102908701	1930364583	(102908701,1930364583)	
1366731100	83088047	(1366731100,83088047)	
605730229	139206136	(605730229,139206136)	
675663995	715671514	(675663995,715671514)	
235936480	604777450	(235936480,604777450)	
280917525	1104475589	(280917525,1104475589)	
63150464	1917342424	(63150464,1917342424)	
1706192948	2014429817	(1706192948,2014429817)	
980949739	1245159020	(980949739,1245159020)	
1193798087	767606067	(1193798087,767606067)	
686729142	2120978239	(686729142,2120978239)	
217934695	1479676746	(217934695,1479676746)	
1607614577	1056446059	(1607614577,1056446059)	
1273996691	2057673723	(1273996691,2057673723)	
256670845	403432317	(256670845,403432317)	
78341830	359579547	(78341830,359579547)	
186313252	1445072930	(186313252,1445072930)	
442667594	792043481	(442667594,792043481)	
1584279066	1118331589	(1584279066,1118331589)	
1507714996	1820215547	(1507714996,1820215547)	
1723109040	1788632521	(1723109040,1788632521)	
777207488	1786259504	(777207488,1786259504)	
1558491297	335916789	(1558491297,335916789)	
1653205673	391957389	(1653205673,391957389)	
1581075809	699520113	(1581075809,699520113)	
1159563456	120321303	(1159563456,120321303)	
673014704	1377498151	(673014704,1377498151)	
1599998049	133145634	(1599998049,133145634)	
286460562	726511093	(286460562,726511093)	
43335709	543131408	(43335709,543131408)	
1129943410	121677539	(1129943410,121677539)	
902710955	1316256662	(902710955,1316256662)	
1566750469	1345378549	(1566750469,1345378549)	
2108300143	1003545888	(2108300143,1003545888)	
316226490	1468531491	(316226490,1468531491)	
676277787	2039335530	(676277787,2039335530)	
1109680365	1453485275	(1109680365,1453485275)	
1678111387	520688014	(1678111387,520688014)	
1789402064	1183833412	(1789402064,1183833412)	
912645403	1222994225	(912645403,1222994225)	
1883353525	2072208860	(1883353525,2072208860)	
1343315528	408884582	(1343315528,408884582)	
1302223363	795829930	(1302223363,795829930)	
542030216	1588683926	(542030216,1588683926)	
1522341023	585365925	(1522341023,585365925)	
2131815334	504800785	(2131815334,504800785)	
707043464	887042641	(707043464,887042641)	
1821057447	126310285	(1821057447,126310285)	
84937542	1781873942	(84937542,1781873942)	
1129856173	401164032	(1129856173,401164032)	
1102921786	1806133960	(1102921786,1806133960)	
293015915	65118503	(293015915,65118503)	
1112135588	1971127302	(1112135588,1971127302)	
585806517	754054004	(585806517,754054004)	
1007477066	1498451921	(1007477066,1498451921)	
1977048230	743346944	(1977048230,743346944)	
1423177133	1172880110	(1423177133,1172880110)	
1152231526	577916848	(1152231526,577916848)	
1968710040	1694261742	(1968710040,1694261742)	
19117126	1343567415	(19117126,1343567415)	
132144019	3448812	(132144019,3448812)	
1848368200	839187483	(1848368200,839187483)	
890491453	1521941999	(890491453,1521941999)	
965497768	975428995	(965497768,975428995)	
1156332294	2095353942	(1156332294,2095353942)	
1376593028	111770432	(1376593028,111770432)	
1754004254	1669608943	(1754004254,1669608943)	
176888935	718656194	(176888935,718656194)	
1493252597	762695452	(1493252597,762695452)	
1472710199	353246015	(1472710199,353246015)	
113663725	1302274781	(113663725,1302274781)	
1096592959	1536840858	(1096592959,1536840858)	
327671243	101340837	(327671243,101340837)	
2114757707	148897636	(2114757707,148897636)	
1795602579	2133874833	(1795602579,2133874833)	
1492465051	1927746598	(1492465051,1927746598)	
2137323646	1193349604	(2137323646,1193349604)	
619450433	880331451	(619450433,880331451)	
567807955	1584948202	(567807955,1584948202)	
1855760447	1724140249	(1855760447,1724140249)	
1532818496	1084869827	(1532818496,1084869827)	
1835910681	1139339102	(1835910681,1139339102)	
606995122	2012799616	(606995122,2012799616)	
1857995297	2100247719	(1857995297,2100247719)	
628011421	1183221848	(628011421,1183221848)	
306010086	741675146	(306010086,741675146)	
338012981	1402603046	(338012981,1402603046)	
131032357	665684224	(131032357,665684224)	
1503943883	98306416	(1503943883,98306416)	
814581860	1152062815	(814581860,1152062815)	
84697601	159563264	(84697601,159563264)	
932325765	74537599	(932325765,74537599)	
1352912868	1551776199	(1352912868,1551776199)	
954869051	1920720823	(954869051,1920720823)	
989240753	663145850	(989240753,663145850)	
1497377425	374575601	(1497377425,374575601)	
1748015677	1185804458	(1748015677,1185804458)	
1513914703	207527151	(1513914703,207527151)	
1051120427	1224426352	(1051120427,1224426352)	
160291222	1679131848	(160291222,1679131848)	
260164552	466301308	(260164552,466301308)	
273323346	598177533	(273323346,598177533)	
1868904354	404355703	(1868904354,404355703)	
1263861758	1225364590	(1263861758,1225364590)	
502662119	2078443618	(502662119,2078443618)	
229943757	587359721	(229943757,587359721)	
90523234	1162269522	(90523234,1162269522)	
661897320	1443436102	(661897320,1443436102)	
566562073	1616766371	(566562073,1616766371)	
1216673278	1555802826	(1216673278,1555802826)	
132428573	566567055	(132428573,566567055)	
1930378427	1880444250	(1930378427,1880444250)	
1752371513	1296809483	(1752371513,1296809483)	
2087971401	656008292	(2087971401,656008292)	
373752187	100778975	(373752187,100778975)	
187656492	633916740	(187656492,633916740)	
567080284	460979839	(567080284,460979839)	
1232094273	288500990	(1232094273,288500990)	
865335542	348472383	(865335542,348472383)	
1513865580	1367997662	(1513865580,1367997662)	
279432354	1743809337	(279432354,1743809337)	
1955357383	369955588	(1955357383,369955588)	
758595212	469771055	(758595212,469771055)	
1813391691	1325157285	(1813391691,1325157285)	
2086537427	882581321	(2086537427,882581321)	
733476464	71482352	(733476464,71482352)	
1449148376	516371243	(1449148376,516371243)	
1951926603	1054036241	(1951926603,1054036241)	
1813180726	1892414356	(1813180726,1892414356)	
1710044534	39449266	(1710044534,39449266)	
1993193332	1897701026	(1993193332,1897701026)	
673366006	412789968	(673366006,412789968)	
211197217	1905460279	(211197217,1905460279)	
701290958	1076532760	(701290958,1076532760)	
106449015	67672891	(106449015,67672891)	
297046774	385881369	(297046774,385881369)	
1811482228	104920509	(1811482228,104920509)	
755836957	422593792	(755836957,422593792)	
574691564	421745000	(574691564,421745000)	
1747751078	513745343	(1747751078,513745343)	
1304326321	333743894	(1304326321,333743894)	
585227696	605991049	(585227696,605991049)	
850115137	389670651	(850115137,389670651)	
1660027291	515812216	(1660027291,515812216)	
134601359	1222588177	(134601359,1222588177)	
555261482	2127794691	(555261482,2127794691)	
972805555	1228627488	(972805555,1228627488)	
393101011	1184002773	(393101011,1184002773)	
986604119	1094391970	(986604119,1094391970)	
113051885	1093053134	(113051885,1093053134)	
1162064861	410098659	(1162064861,410098659)	
1478934503	826063441	(1478934503,826063441)	
515019168	87287813	(515019168,87287813)	
1248657234	1089710732	(1248657234,1089710732)	
509032813	848924664	(509032813,848924664)	
1603456076	1813359135	(1603456076,1813359135)	
1182668558	41200124	(1182668558,41200124)	
271866536	2032783695	(271866536,2032783695)	
430870775	1931893827	(430870775,1931893827)	
401112263	565472134	(401112263,565472134)	
1006998356	956373745	(1006998356,956373745)	
545783178	1979803912	(545783178,1979803912)	
37517585	938884189	(37517585,938884189)	
1016323037	1024121705	(1016323037,1024121705)	
2033276159	1129374922	(2033276159,1129374922)	
2117174839	1047857372	(2117174839,1047857372)	
1539473581	1448625695	(1539473581,1448625695)	
1873920814	2054492749	(1873920814,2054492749)	
1535913508	975094400	(1535913508,975094400)	
996719833	2044946321	(996719833,2044946321)	
1824019064	452692261	(1824019064,452692261)	
1710821808	859203974	(1710821808,859203974)	
493892385	1982688345	(493892385,1982688345)	
744504021	924763160	(744504021,924763160)	
1767098524	1145616285	(1767098524,1145616285)	
1490235295	626613233	(1490235295,626613233)	
2101990030	2036018473	(2101990030,2036018473)	
458933497	2139507616	(458933497,2139507616)	
827419014	1475256534	(827419014,1475256534)	
1016145673	713211526	(1016145673,713211526)	
457147808	985836864	(457147808,985836864)	
1761068898	1996621389	(1761068898,1996621389)	
286978911	1487506064	(286978911,1487506064)	
1903630490	1822892419	(1903630490,1822892419)	
315116816	752866675	(315116816,752866675)	
1720355093	2139135880	(1720355093,2139135880)	
1205558937	1283693253	(1205558937,1283693253)	
850856206	1699451322	(850856206,1699451322)	
1118897950	1595360228	(1118897950,1595360228)	
476730835	738512827	(476730835,738512827)	
593492865	1966966130	(593492865,1966966130)	
1365126060	547999247	(1365126060,547999247)	
1855500955	1824059557	(1855500955,1824059557)	
540023215	535436321	(540023215,535436321)	
1151832443	1556168888	(1151832443,1556168888)	
1248647847	1608980251	(1248647847,1608980251)	
394522105	862233098	(394522105,862233098)	
1458117992	681501016	(1458117992,681501016)	
202255514	1214264834	(202255514,1214264834)	
356909788	517372331	(356909788,517372331)	
1967131509	2077264881	(1967131509,2077264881)	
509024563	1025206798	(509024563,1025206798)	
1213474486	1359880770	(1213474486,1359880770)	
577174473	184888789	(577174473,184888789)	
807757350	1053905308	(807757350,1053905308)	
923401616	1401250215	(923401616,1401250215)	
873387790	141044028	(873387790,141044028)	
1949249462	581405097	(1949249462,581405097)	
1965103585	341789030	(1965103585,341789030)	
1116841418	969452380	(1116841418,969452380)	
1897957918	218005618	(1897957918,218005618)	
430948983	144996375	(430948983,144996375)	
1080238716	1889066975	(1080238716,1889066975)	
826497392	1282494230	(826497392,1282494230)	
955848161	1183407180	(955848161,1183407180)	
1799866561	775496022	(1799866561,775496022)	
1113188413	161407477	(1113188413,161407477)	
1800702821	179179251	(1800702821,179179251)	
1521288247	230393646	(1521288247,230393646)	
364068040	181561949	(364068040,181561949)	
1284298954	1287469656	(1284298954,1287469656)	
1582812164	10203096	(1582812164,10203096)	
1428513684	1384577978	(1428513684,1384577978)	
591608193	1246133621	(591608193,1246133621)	
1726367008	1708449611	(1726367008,1708449611)	
68102353	1476841279	(68102353,1476841279)	
1926455229	499051336	(1926455229,499051336)	
1621837654	859210297	(1621837654,859210297)	
240634663	300851398	(240634663,300851398)	
2141704528	1196482824	(2141704528,1196482824)	
1484258578	1794087441	(1484258578,1794087441)	
1971978847	449963343	(1971978847,449963343)	
1955494918	1625198020	(1955494918,1625198020)	
629142595	1329299517	(629142595,1329299517)	
1855591666	993210635	(1855591666,993210635)	
1510861466	992406972	(1510861466,992406972)	
133196644	946189982	(133196644,946189982)	
1002610068	1561710328	(1002610068,1561710328)	
183284313	1594218261	(183284313,1594218261)	
660360302	1909651321	(660360302,1909651321)	
1155184224	728462655	(1155184224,728462655)	
1239008952	934155806	(1239008952,934155806)	
1227513992	713362959	(1227513992,713362959)	
1793366103	1468148655	(1793366103,1468148655)	
1014214357	1787586983	(1014214357,1787586983)	
517147832	350989288	(517147832,350989288)	
1434190777	341643031	(1434190777,341643031)	
800952631	1242202047	(800952631,1242202047)	
1966841051	1430095226	(1966841051,1430095226)	
424017917	1674949069	(424017917,1674949069)	
275822214	1934879383	(275822214,1934879383)	
519872393	409018858	(519872393,409018858)	
733585718	1522482461	(733585718,1522482461)	
1970729186	916870031	(1970729186,916870031)	
969217074	483605840	(969217074,483605840)	
679037704	2124401298	(679037704,2124401298)	
1212068496	1918046657	(1212068496,1918046657)	
911073456	292098840	(911073456,292098840)	
483925968	556955912	(483925968,556955912)	
1760247495	1498140325	(1760247495,1498140325)	
197059247	129911679	(197059247,129911679)	
1849129613	1631250024	(1849129613,1631250024)	
471554710	502598597	(471554710,502598597)	
725968424	290912113	(725968424,290912113)	
1932693823	1149986341	(1932693823,1149986341)	
1965861182	61032389	(1965861182,61032389)	
937382076	338249927	(937382076,338249927)	
470051247	1670967794	(470051247,1670967794)	
1860732388	293296786	(1860732388,293296786)	
440354177	682465814	(440354177,682465814)	
776902626	1119391882	(776902626,1119391882)	
659383465	1988971122	(659383465,1988971122)	
889954891	1570456921	(889954891,1570456921)	
133586314	1373880859	(133586314,1373880859)	
2127412833	1893833810	(2127412833,1893833810)	
724537536	176988433	(724537536,176988433)	
2023745489	426183502	(2023745489,426183502)	
1808238457	347816552	(1808238457,347816552)	
928782099	386723233	(928782099,386723233)	
638728665	713992274	(638728665,713992274)	
1536709574	457106200	(1536709574,457106200)	
775024664	326608003	(775024664,326608003)	
795356127	1245075911	(795356127,1245075911)	
1997575797	508604868	(1997575797,508604868)	
1538372697	290446327	(1538372697,290446327)	
1191070682	167791676	(1191070682,167791676)	
1409838209	1850454147	(1409838209,1850454147)	
9279150	152309452	(9279150,152309452)	
1273427421	142865465	(1273427421,142865465)	
1526190311	1253356606	(1526190311,1253356606)	
2036699275	103244199	(2036699275,103244199)	
1430345039	1912961116	(1430345039,1912961116)	
529427701	1091099849	(529427701,1091099849)	
113294020	1458209800	(113294020,1458209800)	
1477823082	752022686	(1477823082,752022686)	
24718427	867049009	(24718427,867049009)	
1209128886	799743091	(1209128886,799743091)	
1193657012	2004485013	(1193657012,2004485013)	
2044819002	1043749161	(2044819002,1043749161)	
365606233	1435708052	(365606233,1435708052)	
1334195488	1556676916	(1334195488,1556676916)	
1603499728	596550049	(1603499728,596550049)	
1259647415	1612778878	(1259647415,1612778878)	
748859501	385591188	(748859501,385591188)	
1755644343	127566164	(1755644343,127566164)	
1638947795	1644859970	(1638947795,1644859970)	
230810364	921809186	(230810364,921809186)	
1410337439	760238065	(1410337439,760238065)	
2012909035	1523631459	(2012909035,1523631459)	
70964218	1343248470	(70964218,1343248470)	
128170497	95682645	(128170497,95682645)	
62813831	1337299383	(62813831,1337299383)	
895425736	1256470843	(895425736,1256470843)	
1194300749	792761090	(1194300749,792761090)	
152736356	1559906982	(152736356,1559906982)	
80985494	1486931845	(80985494,1486931845)	
969100250	1684485222	(969100250,1684485222)	
2083481894	81264018	(2083481894,81264018)	
1149780453	684857748	(1149780453,684857748)	
466855206	757941148	(466855206,757941148)	
812423912	2105803001	(812423912,2105803001)	
255317471	1043234276	(255317471,1043234276)	
880128540	1665654910	(880128540,1665654910)	
1803472342	745553927	(1803472342,745553927)	
1041802721	1874436560	(1041802721,1874436560)	
2088802397	1169973219	(2088802397,1169973219)	
1970119205	4132580	(1970119205,4132580)	
359788954	718061293	(359788954,718061293)	
1260603423	1554089703	(1260603423,1554089703)	
1510822383	1413339780	(1510822383,1413339780)	
966513038	1591807878	(966513038,1591807878)	
752787977	1935613288	(752787977,1935613288)	
1128809452	688786223	(1128809452,688786223)	
2016877306	131106257	(2016877306,131106257)	
1373643971	336248865	(1373643971,336248865)	
889047406	38584236	(889047406,38584236)	
294568218	1144364877	(294568218,1144364877)	
1081818512	1174696758	(1081818512,1174696758)	
662536139	737807206	(662536139,737807206)	
1920250686	1704338860	(1920250686,1704338860)	
464760118	1861569435	(464760118,1861569435)	
726828431	287395675	(726828431,287395675)	
1865702016	1086617386	(1865702016,1086617386)	
1005456968	978821791	(1005456968,978821791)	
493223441	368795704	(493223441,368795704)	
244677923	1459736479	(244677923,1459736479)	
1960603582	997465900	(1960603582,997465900)	
1247866120	941929386	(1247866120,941929386)	
1686252124	1117259778	(1686252124,1117259778)	
1073035644	912412447	(1073035644,912412447)	
1453508643	1962083050	(1453508643,1962083050)	
950996683	1748076862	(950996683,1748076862)	
958964279	2032815196	(958964279,2032815196)	
775289972	1621500418	(775289972,1621500418)	
623138754	548057010	(623138754,548057010)	
1178355630	1087898873	(1178355630,1087898873)	
262142798	1905184062	(262142798,1905184062)	
1375294548	2127844814	(1375294548,2127844814)	
844317800	233267869	(844317800,233267869)	
959182957	1337541241	(959182957,1337541241)	
602063573	1203860881	(602063573,1203860881)	
649794073	415183507	(649794073,415183507)	
53843133	1897660193	(53843133,1897660193)	
1357112893	1740095257	(1357112893,1740095257)	
867436323	282664889	(867436323,282664889)	
505024057	173461319	(505024057,173461319)	
97264291	1456020740	(97264291,1456020740)	
1921538181	1056228570	(1921538181,1056228570)	
1341352288	549344505	(1341352288,549344505)	
530245340	1964491043	(530245340,1964491043)	
1097401516	1708600971	(1097401516,1708600971)	
904906268	1359544314	(904906268,1359544314)	
1466301385	132717168	(1466301385,132717168)	
1339905480	163135537	(1339905480,163135537)	
365985037	151604789	(365985037,151604789)	
1500676778	968048610	(1500676778,968048610)	
1355465670	2987203	(1355465670,2987203)	
1383232117	1409308804	(1383232117,1409308804)	
1900647396	592861363	(1900647396,592861363)	
1001920413	620600072	(1001920413,620600072)	
875526252	1506944470	(875526252,1506944470)	
794061391	972790544	(794061391,972790544)	
815481563	568115924	(815481563,568115924)	
2029019114	9350203	(2029019114,9350203)	
1117460429	411780807	(1117460429,411780807)	
1973841246	67378297	(1973841246,67378297)	
2120381778	731263866	(2120381778,731263866)	
1426922611	1439199515	(1426922611,1439199515)	
863981035	619344443	(863981035,619344443)	
1602335052	1229966072	(1602335052,1229966072)	
770949233	955528182	(770949233,955528182)	
50531035	2126414903	(50531035,2126414903)	
958515386	1433763152	(958515386,1433763152)	
1388240059	711679134	(1388240059,711679134)	
2026624515	242676825	(2026624515,242676825)	
1332279206	754667120	(1332279206,754667120)	
1749621295	2126340597	(1749621295,2126340597)	
1727457664	417619210	(1727457664,417619210)	
546972873	1608993130	(546972873,1608993130)	
426969414	1664433303	(426969414,1664433303)	
2020773937	253327012	(2020773937,253327012)	
1731811600	1993672067	(1731811600,1993672067)	
984590879	1011250564	(984590879,1011250564)	
1285387934	1848571914	(1285387934,1848571914)	
1630595007	740239338	(1630595007,740239338)	
931054338	254060592	(931054338,254060592)	
1695767521	981585373	(1695767521,981585373)	
232991848	506799259	(232991848,506799259)	
267864878	1621231907	(267864878,1621231907)	
1218478393	147005745	(1218478393,147005745)	
1863908732	403273952	(1863908732,403273952)	
901672865	1466046380	(901672865,1466046380)	
382130901	481646881	(382130901,481646881)	
1883665590	929103775	(1883665590,929103775)	
2090640012	163151356	(2090640012,163151356)	
446053430	1963930301	(446053430,1963930301)	
416478369	30381382	(416478369,30381382)	
1810118721	1401069248	(1810118721,1401069248)	
1041631946	948023007	(1041631946,948023007)	
1102157514	524743306	(1102157514,524743306)	
1688262346	2033211852	(1688262346,2033211852)	
778803898	1236546219	(778803898,1236546219)	
867313578	1011795746	(867313578,1011795746)	
1743345478	1135178456	(1743345478,1135178456)	
485544006	814340223	(485544006,814340223)	
1282184201	201969090	(1282184201,201969090)	
1217614175	36373419	(1217614175,36373419)	
1668015470	1599745077	(1668015470,1599745077)	
518020300	1404197413	(518020300,1404197413)	
381365204	461176664	(381365204,461176664)	
1567348769	827418634	(1567348769,827418634)	
277623318	1983827138	(277623318,1983827138)	
857800016	2087742039	(857800016,2087742039)	
1237412738	1899431963	(1237412738,1899431963)	
888281398	192086604	(888281398,192086604)	
276691621	429060096	(276691621,429060096)	
77814809	1055495519	(77814809,1055495519)	
1665606315	945128387	(1665606315,945128387)	
2067291266	1261468145	(2067291266,1261468145)	
2080306843	405351624	(2080306843,405351624)	
2075808369	1215007396	(2075808369,1215007396)	
607320714	1145938896	(607320714,1145938896)	
1251380815	127852537	(1251380815,127852537)	
598200325	1769401116	(598200325,1769401116)	
1532049950	979565529	(1532049950,979565529)	
83094132	951915071	(83094132,951915071)	
1806984163	360717450	(1806984163,360717450)	
788258562	517300532	(788258562,517300532)	
300975841	2025671300	(300975841,2025671300)	
269248847	1189257240	(269248847,1189257240)	
70274257	545940468	(70274257,545940468)	
1618317336	148089066	(1618317336,148089066)	
1601435987	1136440004	(1601435987,1136440004)	
1093217453	1521243605	(1093217453,1521243605)	
250424501	1026040648	(250424501,1026040648)	
1926595229	178749222	(1926595229,178749222)	
93564396	386432296	(93564396,386432296)	
1324688119	1344945212	(1324688119,1344945212)	
514284833	1922888444	(514284833,1922888444)	
966862680	2046334783	(966862680,2046334783)	
754970326	1049956812	(754970326,1049956812)	
850766206	414470841	(850766206,414470841)	
1410674263	1639024768	(1410674263,1639024768)	
931771373	1711650104	(931771373,1711650104)	
1517212421	1201020220	(1517212421,1201020220)	
753423696	1587486678	(753423696,1587486678)	
1746960688	224257385	(1746960688,224257385)	
1735575744	1200913028	(1735575744,1200913028)	
1360697389	681309549	(1360697389,681309549)	
574672985	1611121890	(574672985,1611121890)	
1707350197	353784567	(1707350197,353784567)	
1789871113	1800914593	(1789871113,1800914593)	
740216863	967075584	(740216863,967075584)	
998376157	1254501696	(998376157,1254501696)	
742480380	1965238837	(742480380,1965238837)	
1153352831	1497450706	(1153352831,1497450706)	
867712002	2004119037	(867712002,2004119037)	
1911921548	130902617	(1911921548,130902617)	
1495660158	696209273	(1495660158,696209273)	
1842552721	865388931	(1842552721,865388931)	
1897229494	448492770	(1897229494,448492770)	
305391961	1496706534	(305391961,1496706534)	
672750155	2040967705	(672750155,2040967705)	
550135914	2033447544	(550135914,2033447544)	
574793606	1124808900	(574793606,1124808900)	
1497085786	134660155	(1497085786,134660155)	
1478593467	1139473251	(1478593467,1139473251)	
1935574748	71326682	(1935574748,71326682)	
2106548835	786467258	(2106548835,786467258)	
1325828378	701545568	(1325828378,701545568)	
604222447	331697561	(604222447,331697561)	
51512626	1471934449	(51512626,1471934449)	
188332950	1963434174	(188332950,1963434174)	
1602837066	1683993108	(1602837066,1683993108)	
512159800	1297906140	(512159800,1297906140)	
401898391	261905646	(401898391,261905646)	
1746398910	707290352	(1746398910,707290352)	
1758612180	271665417	(1758612180,271665417)	
600774409	161264447	(600774409,161264447)	
157629313	1175568015	(157629313,1175568015)	
1286073347	1654715099	(1286073347,1654715099)	
1310228170	617183166	(1310228170,617183166)	
646704703	1098319271	(646704703,1098319271)	
688509848	605769890	(688509848,605769890)	
1884786529	2014338226	(1884786529,2014338226)	
1307315458	341525328	(1307315458,341525328)	
198552139	1358828085	(198552139,1358828085)	
1813459778	386885089	(1813459778,386885089)	
1174778611	1268813196	(1174778611,1268813196)	
2070878198	1686938411	(2070878198,1686938411)	
419235688	325292941	(419235688,325292941)	
1948844057	18150950	(1948844057,18150950)	
1032583294	1559972590	(1032583294,1559972590)	
289816367	1633357703	(289816367,1633357703)	
1721237037	447445680	(1721237037,447445680)	
661442071	859826736	(661442071,859826736)	
2102160780	1971670241	(2102160780,1971670241)	
1477009902	601381835	(1477009902,601381835)	
922505864	18036102	(922505864,18036102)	
1207151725	659808745	(1207151725,659808745)	
2032374328	366983536	(2032374328,366983536)	
1001334074	83442819	(1001334074,83442819)	
1725811621	667310204	(1725811621,667310204)	
470327908	753106584	(470327908,753106584)	
1936123400	393722458	(1936123400,393722458)	
292561348	207875441	(292561348,207875441)	
719015400	93921757	(719015400,93921757)	
226026391	1751598694	(226026391,1751598694)	
1653894347	515842759	(1653894347,515842759)	
1237472749	1227647736	(1237472749,1227647736)	
963288439	1898914820	(963288439,1898914820)	
2087474472	917965571	(2087474472,917965571)	
1723101414	1417000726	(1723101414,1417000726)	
1519347406	498123630	(1519347406,498123630)	
1435036828	579015484	(1435036828,579015484)	
1157932376	1319927508	(1157932376,1319927508)	
945999020	11782802	(945999020,11782802)	
1403370327	524326993	(1403370327,524326993)	
679093006	1873698236	(679093006,1873698236)	
1277433577	467732758	(1277433577,467732758)	
119937046	1569994925	(119937046,1569994925)	
675608199	838952446	(675608199,838952446)	
1663916683	901634591	(1663916683,901634591)	
443067492	1170327382	(443067492,1170327382)	
1417477350	1680540242	(1417477350,1680540242)	
250491471	233282141	(250491471,233282141)	
1431971414	190482295	(1431971414,190482295)	
1151247713	1007589180	(1151247713,1007589180)	
1607483022	523111471	(1607483022,523111471)	
1505712811	895036202	(1505712811,895036202)	
1102126955	516161539	(1102126955,516161539)	
67480063	2048125975	(67480063,2048125975)	
527944341	1470850390	(527944341,1470850390)	
424969320	1207037347	(424969320,1207037347)	
1197064978	1702402898	(1197064978,1702402898)	
1674770105	1317002025	(1674770105,1317002025)	
1124914175	202894657	(1124914175,202894657)	
8470823	641347210	(8470823,641347210)	
