1	-4.67272	17.9641	26.5069
2	14.7499	-15.0136	-19.6471
3	34.8466	14.0408	11.7628
4	-10.6145	-4.96209	-10.4508
5	29.0405	2.79695	21.1704
6	-19.9175	-27.0744	28.041
7	-1.32941	4.10849	17.0587
8	-26.1393	22.0129	19.4097
9	2.91766	5.76752	-0.285954
10	45.149	-18.0134	36.5752
11	-15.5797	-21.4291	-14.405
12	32.574	2.63607	15.9171
13	-9.44028	-10.023	37.3608
14	19.0879	-4.63114	17.2089
15	-14.0949	-14.8457	-14.289
16	-4.5343	-20.0897	17.3648
17	42.7189	-23.3723	11.0388
18	-0.144433	-0.699142	7.99835
19	16.8963	-17.6135	-5.10351
20	9.86287	-3.05418	22.7946
21	24.392	0.248498	5.27262
22	-32.4749	13.9104	-23.3065
23	20.92	-21.3164	-2.31706
24	25.6081	4.83716	10.8873
25	40.5551	3.04237	14.073
26	-25.6237	9.85272	-40.3713
27	42.7897	21.3717	3.53354
28	-1.69737	0.350284	2.85334
29	34.9919	2.1648	24.8282
30	-11.0737	-2.86811	6.61313
31	-7.95981	-0.203337	-15.2659
32	9.63652	-16.2781	3.32334
33	17.5893	30.355	-17.8056
34	20.1512	9.95037	-22.1786
35	-15.485	-4.06637	-1.71628
36	-21.5479	1.26152	1.23875
37	23.2595	15.4117	-24.0139
38	-7.45801	-16.8629	-35.3155
39	2.16464	12.2788	13.7851
40	13.458	-6.08834	-13.2575
41	-14.0813	-1.86435	-8.93298
42	-9.02481	10.8268	18.7801
43	-3.38298	-41.5699	25.3357
44	-15.2224	20.265	-3.93026
45	1.09041	19.7331	-0.759295
46	-10.6505	10.0712	-3.27678
47	14.9377	2.66859	1.41769
48	4.79978	-1.28987	-17.5619
49	-26.7418	26.0308	-26.859
50	1.34501	2.69013	17.057
51	7.67344	-12.5081	-23.2108
52	5.42683	-19.1307	-13.0611
53	8.19243	-13.3639	-1.87719
54	-8.22705	-1.27988	-10.8567
55	-29.4133	-24.5495	-5.62537
56	8.60128	-33.2516	-4.5729
57	15.0526	38.3661	-21.8474
58	-26.3006	-25.9772	12.0532
59	13.0721	0.721749	7.15526
60	-19.4379	-37.3859	-8.58753
61	-18.882	13.1505	5.69924
62	9.92053	-28.479	-18.5424
63	-2.6575	14.644	-1.94003
64	-20.7087	-30.2456	22.9499
65	-5.26526	-1.82295	9.6243
66	0.789035	-5.92585	16.5182
67	2.79973	-35.6779	3.85587
68	-36.3223	2.71084	-34.4697
69	-10.0928	11.9206	-20.927
70	-22.9381	-10.9233	0.7775
71	-14.177	35.4281	31.0388
72	4.19513	0.608975	-17.0292
73	2.3522	-23.5464	1.36454
74	22.5066	-3.56739	11.0501
75	0.0867434	-8.98161	27.7242
76	3.32826	-19.2481	-9.69414
77	3.1071	-23.5454	11.8831
78	-30.8006	11.6747	14.313
79	21.8242	-16.2372	-6.46252
80	12.8633	-17.9797	6.67754
81	23.1787	15.9585	-18.032
82	-4.40086	-11.7684	-27.4041
83	17.8382	0.216491	-12.4953
84	12.8688	-16.5948	16.2263
85	15.6748	1.62014	0.804806
86	-4.60376	8.23881	9.87268
87	20.1481	2.69957	43.9433
88	-2.713	7.92606	0.981577
89	10.55	-27.6609	-14.6845
90	-17.4946	15.0195	26.9511
91	9.78638	20.35	-47.6473
92	44.8439	-0.291439	-22.2476
93	32.4304	8.92036	-17.9505
94	-8.90291	-12.409	2.36394
95	-14.63	31.8938	-12.6952
96	30.5529	-14.5327	29.018
97	29.0783	-5.75858	21.074
98	-8.11737	-33.5173	25.2596
99	-59.863	2.14571	-1.66519
100	26.4685	-0.871977	5.81848
101	-33.985	20.3695	5.86475
102	13.7812	29.3706	-23.7073
103	5.38318	14.4751	19.8317
104	-13.2273	18.1621	-9.35454
105	30.0335	8.63777	29.1966
106	-5.40201	20.1414	22.5143
107	-7.22218	25.4342	-1.0712
108	-11.9963	-9.44358	6.33261
109	26.1571	3.72813	-8.96592
110	-9.42577	35.1336	-13.7366
111	49.6716	18.4594	-16.6053
112	-21.2039	-6.97382	-31.0537
113	-5.18661	-10.2836	6.42233
114	13.1486	-9.7151	18.0566
115	9.5515	0.125965	49.5235
116	-24.8953	7.04791	-7.32356
117	16.9964	-6.45789	7.37731
118	13.3929	16.2721	-18.5206
119	31.367	-24.2254	12.0258
120	-18.3872	10.3765	2.72662
121	-20.6014	5.66332	-21.2233
122	-1.03828	-8.3699	14.0764
123	26.4431	27.0731	-16.0811
124	6.02545	-18.7129	-15.7948
125	-31.1989	13.7348	12.2503
126	-6.29195	-14.4949	-13.7577
127	-4.09722	-4.52353	22.418
128	16.0174	11.3569	-0.984113
129	-25.9749	-16.0173	12.071
130	0.519169	12.0603	22.1124
131	-48.2296	-25.604	24.8261
132	5.80754	1.40217	22.748
133	-10.9324	-31.3907	9.04515
134	21.2759	-6.35788	16.4528
135	3.31695	-15.7542	-9.57451
136	-19.9924	3.9398	7.56738
137	11.3871	23.3552	10.4031
138	10.7202	-6.46646	15.5518
139	13.9866	-19.6511	-11.6325
140	37.0587	-3.88578	7.10713
141	-17.5946	34.7867	-8.31005
142	-5.43178	-11.394	22.1098
143	-45.4322	-14.8593	-20.4364
144	13.1095	6.60915	-22.642
145	32.4741	-7.4934	10.6564
146	-14.5763	-16.7921	2.13053
147	-14.9358	-0.510879	0.576257
148	9.78647	25.9402	29.5589
149	5.28755	-39.514	-8.85097
150	14.1046	-17.089	-14.1889
151	18.7048	-13.2823	7.50888
152	14.9048	5.90778	-0.911859
153	8.79342	2.60324	-10.999
154	-14.679	-0.0337422	-11.5668
155	-34.4744	-15.1618	-18.103
156	-6.11479	8.43972	66.3532
157	-1.39254	10.6219	-6.07718
158	6.376	1.02819	11.2531
159	6.08012	7.9495	36.5988
160	3.51328	-29.1849	35.6821
161	2.25301	-16.5654	-26.6072
162	6.6365	12.3568	4.39287
163	21.1285	-26.5337	5.68546
164	42.7454	-14.9731	-3.7866
165	-10.4148	-10.8042	14.5479
166	13.8994	-3.48591	-16.2693
167	-11.9441	0.458829	-3.66788
168	-14.4611	24.192	-15.2125
169	-21.9673	-23.273	22.074
170	16.8938	-24.1069	11.7914
171	6.94946	-5.52916	-3.29168
172	5.4122	25.9981	-1.16342
173	-20.3586	-14.5775	0.0968957
174	-2.93812	8.03936	2.63749
175	-15.9726	-9.34281	9.86869
176	17.3565	-1.63544	-2.72421
177	-1.69635	30.8507	-5.92725
178	11.0743	-28.192	24.7593
179	-0.184392	23.6877	-2.35647
180	22.7434	-4.40756	-12.6065
181	14.3091	8.56456	-21.3213
182	-9.33226	17.7311	-26.0342
183	0.660061	-19.3388	28.5295
184	20.8108	-8.13054	-8.25796
185	-5.27349	11.8456	-8.29647
186	-10.0177	-39.4018	18.2755
187	7.02907	-18.5835	-0.419852
188	14.5547	0.803258	11.0284
189	12.5095	8.28891	-6.06174
190	-6.15849	-17.1973	10.8065
191	-12.2462	-2.94879	-17.7033
192	-21.6086	9.90497	19.0049
193	10.5154	5.68353	45.0668
194	-32.6064	22.4154	-9.33229
195	5.88767	-30.4138	10.5184
196	23.9248	-15.6686	-0.640556
197	-18.2734	20.5374	3.55666
198	-12.0205	11.6701	-6.15093
199	-23.9404	-40.9335	20.3134
200	-18.2724	20.2209	18.6066
201	8.29289	-20.3854	-23.4507
202	4.10241	38.0846	-3.88766
203	-40.0505	16.6775	5.86946
204	29.49	15.1178	-3.02189
205	1.66473	-3.33139	21.7511
206	-1.85612	10.2736	5.88169
207	-6.32381	13.4329	-8.61583
208	-14.9668	13.4515	37.3132
209	-1.09871	-10.8821	-10.6762
210	-42.8084	-3.87066	-34.8657
211	-20.0775	-21.4649	-29.0441
212	-0.137177	0.720086	-18.0503
213	8.26198	24.0829	29.775
214	-14.3397	-15.6416	0.291137
215	-1.19999	-11.5196	4.47443
216	-33.6478	-11.8123	31.6142
217	-8.2866	19.3313	15.8492
218	-28.3183	-23.8904	-6.89273
219	-20.5395	4.15831	-4.48867
220	14.1648	-15.1561	8.31307
221	-61.2738	-7.69658	-1.58215
222	11.3176	-10.3453	-2.43718
223	-9.59187	5.52391	13.2109
224	13.8507	5.10227	6.22279
225	5.71429	-15.2582	24.3705
226	1.82448	-24.2466	2.75339
227	-10.1842	4.77718	8.1804
228	-13.5943	-2.16227	0.580748
229	15.5744	-20.8209	-29.4948
230	-42.1011	-5.44459	-22.2192
231	4.44959	3.63458	20.3812
232	34.3038	25.6977	-25.4242
233	26.3171	-29.5665	11.419
234	-15.6193	-19.6557	10.6436
235	10.749	-11.8572	5.01897
236	23.176	2.9488	12.2389
237	6.59786	-13.5184	9.39887
238	3.90232	6.49231	-2.87229
239	-2.81762	-13.2761	-1.56558
240	-6.20996	15.7742	-0.666312
241	-12.6322	18.9312	28.312
242	-35.0797	4.77569	-6.30274
243	11.4015	-1.60674	-4.00597
244	-15.7758	-10.5828	32.2472
245	-10.7527	17.9824	-32.5033
246	14.8529	-4.48441	-11.6151
247	9.81107	17.1928	-0.0194577
248	0.661434	-4.60134	16.8806
249	-5.80842	-21.6878	13.6529
250	11.0683	14.2899	9.68264
251	11.77	-1.26856	25.4837
252	-11.4184	3.57897	15.5393
253	2.16695	-12.9025	-29.2672
254	-13.9698	5.16356	-14.5677
255	6.34119	32.2214	-5.70925
256	12.1592	17.4857	-18.1758
257	-21.4801	6.61449	-16.1686
258	-31.1812	14.0747	-26.2835
259	13.3532	-28.8958	-29.2228
260	-3.74782	13.684	15.522
261	-17.8309	13.0119	23.0772
262	2.13697	-9.05322	-0.251431
263	13.2692	16.2036	-14.2027
264	-6.62283	-15.7261	-12.5042
265	-10.6794	21.1727	-0.476931
266	-0.419215	28.6485	-5.23591
267	-25.6174	-6.15352	26.5749
268	-5.09185	-0.765176	-1.42396
269	13.3712	6.73175	13.0363
270	-30.0324	12.4004	12.9108
271	17.5333	17.2862	16.5938
272	12.3592	-3.54744	4.45057
273	20.2019	11.4471	-15.8101
274	0.841657	40.8575	6.13958
275	3.02253	23.6257	-14.5116
276	-20.3733	-11.2811	-9.44421
277	31.4148	7.10155	-13.8475
278	-4.40703	-17.3156	1.09491
279	-2.54159	31.8809	-13.0653
280	18.9753	-2.3673	-9.03299
281	-35.2989	28.269	18.5798
282	27.8544	-11.7141	2.00559
283	2.77019	-45.3779	38.5403
284	6.37346	2.2945	3.28917
285	13.9429	0.821466	7.50432
286	-1.87718	14.1242	31.5753
287	2.06157	-7.72274	9.73567
288	-38.2684	7.86109	-18.4526
289	23.4687	-4.61749	-18.7732
290	-5.20882	-6.38851	23.8734
291	-13.0111	-2.56038	-8.33566
292	11.1914	-13.8158	-20.9223
293	-7.22166	8.77066	-43.7935
294	-0.0257709	16.1124	-20.7748
295	-3.91827	-1.36179	-22.9263
296	-6.2687	18.7792	-8.58234
297	17.4887	4.00466	6.95141
298	-23.5832	-13.141	9.10297
299	-37.9432	-15.6277	-19.7945
300	-1.46431	-32.0566	39.1967
301	-1.08229	18.0256	7.90973
302	-10.9789	-12.1764	23.0163
303	-12.0088	-17.11	-5.31338
304	3.46064	31.6963	-2.97272
305	36.5169	-16.7424	5.35983
306	23.7944	-3.3085	3.40282
307	23.5221	-32.3336	-2.58029
308	43.4616	4.15428	14.395
309	4.25285	-24.5059	9.3011
310	3.94338	-14.6086	16.5189
311	19.1226	-24.4518	-15.5264
312	16.7163	8.14134	22.5494
313	35.476	-12.455	53.3446
314	-10.3134	-13.2192	-4.66984
315	-0.754802	20.1566	22.9743
316	7.85832	30.0931	15.3949
317	18.5391	-11.595	24.6036
318	10.485	35.9423	-1.5979
319	0.588309	-3.24855	8.99498
320	1.50177	14.9599	-3.61907
321	1.16927	-3.6887	-20.4156
322	-13.2712	4.84116	-1.20919
323	9.96366	-26.822	-4.55258
324	-6.84771	14.0558	17.3927
325	23.1373	-8.35394	-29.9234
326	3.61095	-1.63546	-15.0665
327	-26.9196	-27.6183	1.97201
328	10.8043	-32.1927	9.64217
329	-5.09042	-5.67563	-14.956
330	3.06139	-19.6129	-12.4608
331	-6.87961	-43.8777	-1.17137
332	6.44812	-23.3062	6.55812
333	13.3563	-10.9479	-19.4847
334	-33.656	0.0779613	6.4794
335	-33.43	4.04342	-7.21276
336	46.8101	-4.09998	8.67722
337	5.38065	-28.0915	11.4744
338	30.246	6.00209	1.6785
339	25.0877	-3.71724	17.0185
340	1.08076	2.45609	-25.4655
341	-21.6514	15.8585	7.75121
342	26.3073	-11.3792	-5.99532
343	-6.96635	-0.666676	-7.01569
344	-22.0036	15.5916	3.55377
345	-17.5265	-25.8819	-6.08754
346	-0.414543	-45.7225	-1.83964
347	-4.54084	1.48925	-25.6713
348	1.32809	-13.6573	2.93874
349	-13.8331	-13.1507	-0.848014
350	-9.35213	3.78197	-2.42711
351	13.7395	22.3615	12.768
352	34.1998	-25.1941	-25.4369
353	20.8335	-19.4329	3.18153
354	12.9086	-1.81686	-12.7148
355	21.9303	1.05921	-4.01798
356	-3.90672	-1.22598	-8.13838
357	7.27935	5.8282	2.12136
358	5.40634	1.78856	-3.15379
359	-40.077	13.236	-18.4958
360	17.3351	-13.4281	34.7203
361	-22.4209	11.517	12.3909
362	31.3228	18.7857	5.20189
363	31.8393	-12.8313	-31.3875
364	-3.0638	35.0303	-1.63264
365	4.28183	-20.9881	14.5992
366	-18.8395	-14.3328	-12.4146
367	14.5882	0.77354	12.22
368	11.3985	-16.6594	-17.7362
369	3.31192	-24.0461	27.4359
370	11.0812	-42.242	-15.5918
371	10.3146	16.1254	-25.2347
372	24.8547	-15.065	8.99388
373	-17.7781	-10.8301	-22.4384
374	10.8678	3.46311	-15.85
375	10.5021	0.887937	2.10351
376	16.8251	17.3463	29.1559
377	-30.1911	-17.8735	17.4983
378	6.18124	8.23861	-31.7498
379	25.5144	4.88156	23.3966
380	8.77039	-4.64595	-29.7473
381	7.72804	-2.92984	25.5206
382	-6.87892	-11.2277	-8.002
383	-16.5403	4.49144	-46.9959
384	-26.0849	22.4802	-14.4176
385	28.5577	0.217519	-14.4543
386	-14.6676	10.9057	7.423
387	0.0713574	12.4788	-11.6263
388	30.4112	-1.84258	-26.871
389	-6.58603	-0.513523	11.0245
390	-24.4336	-22.8459	18.1861
391	27.3604	23.7767	5.93213
392	-13.1734	9.31912	-33.5471
393	15.5565	-9.25429	0.83191
394	-12.4145	0.4939	22.47
395	19.704	12.9583	-33.0247
396	-10.4096	-3.60528	-2.4184
397	-2.10707	30.1299	-8.84228
398	-21.7654	-8.16493	-8.13032
399	-17.8246	-12.4756	3.55923
400	6.68635	-23.0213	15.9004
401	-18.3642	44.0204	-8.603
402	15.5649	10.3341	-9.71668
403	0.877879	-7.07432	-1.60919
404	3.38812	11.733	-16.9571
405	-25.2776	26.0808	12.0409
406	6.51982	-7.73647	24.8027
407	-19.7764	8.14809	24.7181
408	-6.75481	-30.6464	11.7817
409	12.9201	21.6204	54.567
410	-6.04506	1.82395	-13.3962
411	-9.9521	-21.1152	-3.77886
412	-1.30628	-15.312	6.91901
413	1.49195	-16.142	7.33056
414	-29.9411	19.4014	-36.1623
415	-8.48257	-0.490633	-25.0974
416	14.9289	41.4877	14.1772
417	12.1825	12.9555	11.4543
418	14.8398	11.0781	8.52087
419	9.77574	-8.01556	30.9782
420	-5.75324	23.311	-20.9104
421	15.832	-3.77787	10.7196
422	20.4181	0.263055	-36.574
423	19.4588	7.38928	4.76758
424	-10.4576	5.31894	-8.10909
425	-9.08989	-20.4271	25.4571
426	-17.6683	17.9561	14.9725
427	2.0502	10.7057	4.58491
428	21.1408	3.14689	-9.592
429	-37.0428	-3.47049	-11.563
430	5.7792	3.67296	-1.88259
431	-13.4323	-21.6188	16.6293
432	-10.3339	-7.62904	22.9505
433	0.843457	-0.242233	-25.24
434	24.8355	-3.10836	13.2455
435	1.19556	13.2625	10.8756
436	-2.63896	-21.0527	13.2012
437	-26.8921	12.8128	-16.2522
438	13.3783	-27.6759	29.0605
439	-7.17385	7.46803	8.96489
440	-10.2787	9.17468	-6.89286
441	18.0458	-10.2056	8.8337
442	43.2605	16.5249	-2.52489
443	-4.26316	9.37472	-23.9046
444	19.5721	-4.33152	41.7698
445	1.17429	-34.5367	-14.5468
446	-19.982	5.80563	0.502269
447	11.3747	-3.57907	-3.08723
448	3.92845	14.5866	-21.6641
449	-3.92654	-2.64218	-1.06514
450	35.2586	-2.21476	-12.8547
451	-9.22484	-22.3721	9.40088
452	24.8879	14.9309	16.888
453	-6.34086	-44.8125	12.3906
454	0.849414	-38.6158	22.2886
455	14.8894	-13.1377	-1.22757
456	24.3122	-0.721506	-22.6648
457	18.0675	-12.8639	-33.3935
458	15.7513	-5.78889	-4.41141
459	-1.66539	-6.26036	-34.6404
460	-7.78056	30.5765	-11.6963
461	13.8298	32.2632	-30.0666
462	25.3276	4.15642	-11.6361
463	23.1219	14.1912	-25.4955
464	5.99742	-7.27165	18.0273
465	-24.8414	-4.54825	-23.8225
466	10.7892	24.9733	22.4863
467	-35.865	39.3966	18.4501
468	24.3874	-11.1461	-12.7616
469	24.6248	8.77535	-43.5088
470	5.6147	-10.7091	-26.7289
471	20.4016	-16.2063	-19.7693
472	19.1254	11.0062	-25.9419
473	23.5657	-24.2512	-2.73679
474	13.2243	-3.36002	0.36816
475	5.17266	-19.6261	-16.4375
476	-22.3591	26.1376	38.8872
477	2.06797	-16.9719	0.00976619
478	5.84475	-16.3716	-41.348
479	10.7909	-0.251779	12.7341
480	13.8168	-17.5502	-48.7032
481	1.87496	-13.6163	11.2649
482	-15.2018	11.7081	-18.8872
483	8.31935	6.71616	2.49749
484	3.68379	39.6869	-3.0811
485	0.362305	-1.02532	4.47101
486	-3.51682	-6.07412	5.74677
487	15.4285	-35.8522	21.9585
488	14.3678	-4.14165	-7.66326
489	-22.2697	30.3934	-22.1301
490	-17.1562	13.3158	18.4471
491	7.22392	-6.76094	-13.5327
492	-12.8655	-18.8947	-12.0241
493	33.8058	16.2831	8.39292
494	3.65949	-19.5681	5.89441
495	-17.9862	-11.8484	-8.49079
496	7.79393	-6.40355	-1.00552
497	-0.0450958	4.60469	-34.4481
498	-24.3168	14.3163	-1.5529
499	9.77268	-13.3411	20.5952
500	16.1225	12.8917	20.1742
501	-26.7783	45.1872	11.3296
502	-7.32136	20.4368	-0.967537
503	3.78776	2.25112	11.1525
504	-37.7202	15.7888	-17.1896
505	10.2881	-27.9141	-17.9294
506	-4.37021	-26.0414	38.037
507	-34.089	-5.24053	4.41543
508	21.5912	-8.80021	-0.396593
509	8.55449	-8.64307	4.3714
510	-4.88345	-22.4044	-19.8029
511	-0.42969	-32.5312	-26.6842
512	13.5376	11.3945	-14.4515
513	4.63622	-16.7882	-27.0283
514	5.87314	-15.5658	19.4898
515	-4.68269	-17.9664	-1.62642
516	6.72662	-23.332	4.82693
517	-6.84288	-8.50783	24.6447
518	3.1112	-8.45239	-1.97676
519	33.0446	-3.9101	-16.4124
520	6.66252	15.2578	39.6964
521	2.01314	-14.8815	16.0874
522	-20.6757	27.9759	-19.0727
523	-9.31208	-17.0561	-1.67375
524	15.2475	23.9521	7.38165
525	6.27197	-24.2376	-12.1881
526	7.99874	13.1333	-14.7558
527	-0.166067	-21.9461	33.2178
528	23.1451	2.05677	2.96527
529	-13.8418	0.806313	20.0356
530	16.981	-12.4665	14.8196
531	-15.4115	4.32404	2.04122
532	-0.219793	-21.2526	0.278125
533	-0.177314	-8.27485	14.5719
534	-19.0978	32.7036	35.1922
535	27.4698	51.3339	-24.383
536	6.51447	-3.07467	18.7901
537	-8.29987	11.8458	-15.2793
538	-11.5873	-11.2642	-21.5144
539	-3.23643	22.7103	-18.3026
540	-21.8681	-15.7496	-23.4994
541	28.628	10.1394	-2.84066
542	-1.40199	-30.3519	-17.702
543	9.0048	-3.47362	-29.1427
544	-12.0986	12.2941	-11.1707
545	1.94191	1.96503	35.833
546	4.45497	-25.1162	4.59304
547	-17.8678	-10.0556	-1.61527
548	15.4608	9.44708	-28.4932
549	-5.54168	-32.1038	-30.1548
550	13.8052	-7.81133	-1.40921
551	0.0742854	-12.2638	4.17169
552	6.06037	-12.3262	-14.535
553	25.4375	0.909564	7.34891
554	-6.34611	15.4498	11.6579
555	12.8895	16.5499	0.604474
556	-7.36994	8.41629	5.7282
557	-5.59141	-5.01351	5.4366
558	-14.6214	-39.0805	14.1987
559	-1.33195	-30.6424	-19.5455
560	-26.5803	44.6821	-17.6969
561	4.70199	-18.1248	-21.9688
562	-25.143	20.5389	-27.4548
563	-0.0175261	-20.7386	6.76888
564	-6.72586	26.7017	23.07
565	-0.917608	-15.4132	-30.2233
566	17.0084	-13.2008	23.8483
567	2.32278	-17.244	28.7611
568	3.44772	-13.0215	4.67294
569	-16.1772	10.0262	23.9286
570	-1.56755	-22.9522	-41.0319
571	6.48759	10.0922	-18.2986
572	12.9879	9.19005	11.4108
573	-13.0406	8.22783	-5.7552
574	-12.9689	11.4841	-0.635191
575	-5.23779	-17.8704	-1.19216
576	-23.7778	24.2161	14.1275
577	-1.34934	1.57918	-19.124
578	-17.3518	58.4612	-4.01109
579	-14.293	16.7417	23.1366
580	11.271	16.6161	-0.896972
581	-16.1688	-8.20952	-1.74358
582	-26.963	9.50073	-7.82779
583	5.8098	26.9423	-2.52751
584	-6.26144	0.579249	24.9436
585	0.0453323	17.3089	-23.0056
586	38.691	-3.88801	-13.4818
587	-15.5159	4.42269	-19.7799
588	-34.2777	14.5843	3.47267
589	-15.7968	-9.9865	-6.23685
590	6.93122	-14.6098	-4.20702
591	2.28082	-11.8688	-20.7062
592	43.9692	27.0499	44.6214
593	-9.76174	-5.02677	11.1911
594	2.54237	4.82425	37.8154
595	23.6229	-2.47561	-11.9912
596	-18.3076	-12.2377	-16.6807
597	-5.37471	4.2366	39.7527
598	1.54432	-20.4264	-19.6517
599	-6.79669	-16.852	6.97154
600	4.86725	33.4559	-17.6151
601	28.8316	39.6252	-10.3408
602	55.3406	-5.51923	9.98848
603	-35.3512	-0.124902	15.9706
604	-7.79989	19.3256	-2.58372
605	46.3567	5.9448	-3.251
606	-23.8386	-23.1306	-12.9421
607	0.765424	18.6875	-10.1331
608	23.6931	11.6119	11.6817
609	5.04508	22.4902	-5.62168
610	19.075	6.17009	-9.50603
611	3.26731	-18.2263	-15.5154
612	-0.0175481	-13.7732	-4.9896
613	25.24	26.3088	15.312
614	-3.67318	3.40862	18.7403
615	1.91013	19.4536	-25.4981
616	-0.386545	-23.2517	-1.31702
617	0.623591	-3.93464	19.6139
618	-4.6987	-3.46312	20.6372
619	-27.0348	4.22741	-34.6589
620	-8.13888	-30.9141	6.32221
621	-0.260799	-10.5833	-13.4622
622	16.2366	-13.187	0.31243
623	32.4566	14.0796	-40.9401
624	-0.712515	27.0343	-3.21643
625	-9.0388	-13.8842	-19.5823
626	-28.881	-35.1854	-19.9281
627	-6.32562	-7.07456	4.24142
628	-5.67663	20.7981	19.0459
629	-20.0984	-1.05524	-11.4413
630	26.0258	39.3133	11.2901
631	21.9776	13.7012	-8.11471
632	-1.16221	-11.2351	7.10194
633	18.931	10.6765	-8.87245
634	-17.3127	17.5741	-20.6993
635	34.7238	-0.194919	-0.701984
636	3.65372	-0.911605	-13.1508
637	-8.0997	-11.3715	-14.9568
638	18.1017	-26.6967	4.28753
639	12.2656	18.7225	5.98367
640	-33.1035	-14.687	6.9802
641	-34.1311	24.1262	-18.1326
642	-15.7118	-20.414	-33.8253
643	20.8391	22.6746	-8.46547
644	-23.7978	-27.9275	21.8735
645	3.8644	3.21019	-2.30439
646	-18.3035	14.4312	3.51775
647	7.803	8.81551	-22.4783
648	9.86453	-12.527	-31.5159
649	-20.8955	16.2705	-16.9527
650	-17.3294	10.7188	20.3937
651	0.273503	-4.21985	-32.6143
652	16.554	-8.36001	-12.766
653	4.99517	-31.1751	6.75676
654	-24.9057	6.16284	15.2923
655	16.3068	18.0643	12.3272
656	22.3983	-29.1444	2.90298
657	0.484609	-15.6029	9.86358
658	14.4091	-3.0485	-21.9939
659	15.4775	-18.4402	23.1975
660	14.3949	6.35165	-20.4808
661	18.6564	-44.3224	-12.4966
662	6.48552	-6.29756	-21.4786
663	19.8523	2.23184	6.38915
664	-2.15669	3.27375	-30.7501
665	4.471	-0.843961	-7.20147
666	7.70721	33.4422	-28.0911
667	26.8359	-5.08771	-22.2732
668	-3.58798	9.40015	-8.70839
669	8.1512	13.3912	-27.2515
670	-11.7604	-15.1552	-26.786
671	-30.172	-11.2507	-43.6424
672	32.5627	16.6303	8.7614
673	-40.6435	21.6682	-11.8793
674	6.87104	-4.56876	-9.65224
675	-2.86969	6.69522	-3.35812
676	1.81066	-12.4038	-14.413
677	7.10757	11.2274	-12.659
678	41.2559	-12.2248	2.97743
679	1.71407	38.5927	-13.9562
680	-1.29366	12.246	39.3978
681	19.47	-11.8275	-21.6154
682	-17.0973	0.452965	19.417
683	10.05	-51.9195	-4.97803
684	-0.277385	39.2751	24.4151
685	32.4785	-17.299	-43.3337
686	-20.2891	-18.7997	-0.482098
687	-6.48355	-12.8836	12.9201
688	-22.3654	-17.4784	6.34307
689	5.83721	10.3096	-1.06886
690	-9.14493	-7.27955	-32.4404
691	8.65846	-17.5548	-2.1425
692	1.82436	6.10202	21.2591
693	-19.9869	-0.135877	-22.8545
694	0.364572	-21.6089	9.14014
695	19.0802	9.79933	22.6199
696	-20.1877	17.6365	-19.4954
697	-36.166	-2.55454	8.38713
698	9.27017	14.4938	8.06702
699	-17.3317	-15.2514	-3.44997
700	-28.1642	-8.62522	-6.42424
701	-5.67026	5.364	0.736183
702	-9.26179	-18.4278	15.2475
703	-29.7281	-15.9457	-0.562001
704	34.9506	-0.71316	19.0137
705	9.14456	3.74884	-0.834378
706	17.2287	-6.85946	31.5795
707	-4.79333	-6.97449	-34.5878
708	-1.65188	8.9729	-2.70436
709	-23.9374	23.6495	-12.5681
710	-22.4987	1.99264	18.8421
711	7.22082	19.2109	-3.17
712	22.9016	8.76912	-6.2749
713	-23.3202	9.85176	3.96577
714	1.17794	-0.427673	-19.414
715	23.0171	-13.1722	-7.83205
716	16.2198	-14.4757	-16.6772
717	-3.37476	-33.1002	-2.23752
718	33.3948	-7.00007	5.02448
719	1.56601	1.35541	-22.0872
720	-29.3553	1.54926	-10.2828
721	-6.97785	-12.8607	-39.7271
722	17.5613	10.3796	13.9238
723	-7.0482	-20.5844	8.45211
724	24.122	19.5452	20.0351
725	33.5917	-11.1663	5.29367
726	-1.63179	-20.8955	21.494
727	-22.1839	-19.2093	-4.03548
728	7.42771	-34.981	13.7921
729	16.3317	-25.4959	-9.14167
730	29.1134	15.54	-0.720877
731	-9.8274	-0.887481	-3.68921
732	1.93289	-5.574	27.7838
733	-4.75775	1.07922	-18.8725
734	-11.055	-19.2122	25.0485
735	-19.7282	-0.359493	16.9242
736	8.3799	-7.47448	0.975562
737	-2.39971	-46.0547	6.27972
738	4.22029	12.5827	25.6866
739	-16.326	-12.8338	-7.29877
740	-3.55018	9.80499	3.39394
741	20.2675	0.460977	-3.59792
742	-36.3741	-9.79381	12.0845
743	-8.89734	4.11944	17.8922
744	-10.4311	23.1038	-20.9832
745	5.24336	8.31452	-2.61926
746	5.59012	-24.8636	6.02972
747	-19.6217	0.773013	-6.00824
748	12.9123	18.6414	-17.3358
749	-20.5836	7.84057	-13.2083
750	-13.0087	16.1445	-8.90268
751	-10.9802	3.00392	-16.3702
752	14.1229	2.31371	22.8889
753	1.3472	-3.85527	-22.2088
754	7.53403	-14.7166	-30.4596
755	-31.0981	11.7244	-45.5381
756	3.82132	-8.40538	-3.13315
757	27.4097	4.5622	-10.9933
758	-36.1417	0.721202	-8.81933
759	-4.79779	-15.0039	29.0597
760	16.1911	35.5717	3.28828
761	-11.9792	-0.595245	6.42708
762	7.97461	4.31541	18.2992
763	7.8214	20.0521	6.80217
764	9.75608	30.8511	17.2478
765	21.7586	17.6425	13.2936
766	0.410629	-15.4992	-39.473
767	-0.402383	5.59862	11.7656
768	3.35589	3.21123	-6.86467
769	-26.8064	12.8841	9.99044
770	22.05	-18.9704	45.7356
771	17.9721	16.9732	-3.38559
772	-5.53348	-4.42417	-20.4734
773	-21.2783	7.85913	-2.06485
774	-6.78911	6.8783	6.92747
775	18.4423	23.8268	-1.50788
776	-49.7787	13.6095	2.07385
777	14.4174	10.5446	-24.5305
778	0.788643	4.56068	-8.87277
779	10.4604	8.54012	-11.0885
780	-24.6488	12.9515	-3.60358
781	-17.8453	-9.27902	-0.249957
782	-15.8336	-23.7199	6.2717
783	11.6776	3.70502	11.6454
784	18.5642	10.0529	-5.02865
785	23.7398	11.618	-5.36135
786	-2.17382	4.56525	-23.8992
787	-12.4253	-22.1425	10.6174
788	-12.2896	-33.2777	28.0241
789	-13.8886	-5.67581	-15.4068
790	0.455761	7.90611	19.0481
791	20.6501	-1.99841	-20.2076
792	-22.5718	4.18367	-5.58104
793	-41.5528	-9.82534	-9.44165
794	-2.60133	-31.5047	7.13139
795	1.41913	-0.744825	1.06726
796	-19.0527	-1.64305	28.55
797	-2.79084	-0.481673	9.85578
798	2.965	-8.51212	26.8435
799	9.54081	18.5404	-9.83861
800	-22.3235	45.5339	-0.76858
801	11.7604	7.83405	16.0752
802	19.2415	40.3479	0.0428274
803	3.04035	-27.0888	4.5074
804	14.331	10.9659	16.5883
805	-6.56908	14.2571	-3.03514
806	14.8175	-2.14644	-13.1563
807	19.3473	-7.43598	15.1417
808	6.15609	18.482	-1.05286
809	7.16952	6.64504	2.32203
810	0.979713	14.5069	4.50753
811	21.5643	30.5914	20.5952
812	-7.76949	-9.55266	-4.27337
813	14.4074	12.1443	-16.1162
814	0.508921	28.8527	-21.6671
815	14.2082	14.6902	-19.2162
816	11.3958	7.90987	6.32814
817	-9.81512	-4.78275	-8.78235
818	-4.45471	-6.77892	20.5466
819	-25.7125	-15.788	0.899234
820	1.11647	5.96885	-12.9736
821	-11.5864	15.7905	33.612
822	0.952338	-7.79567	37.1939
823	10.2267	3.92864	-32.7006
824	3.80352	7.58617	-14.1399
825	7.49863	-0.427757	7.96711
826	25.0605	-2.60849	11.0296
827	8.56494	-11.9106	-2.60085
828	12.4145	-9.58487	-16.4775
829	-19.3669	-16.3078	-23.3148
830	12.0913	21.8341	0.408254
831	-9.48054	-38.0794	-16.4389
832	1.10452	24.1985	26.2522
833	-7.98151	14.6238	1.56155
834	12.9493	6.18583	22.175
835	-29.7576	12.3866	-29.0142
836	-12.8577	8.37975	14.7236
837	37.6121	8.48467	17.6749
838	-0.758082	59.3769	14.5561
839	18.9806	19.9611	-18.3972
840	15.7789	-16.8729	20.9376
841	15.0108	16.7028	17.2783
842	13.8871	22.966	-9.95033
843	-10.3039	-12.4687	11.961
844	12.8228	2.10464	-16.888
845	-3.6943	0.472163	-34.3108
846	-5.01367	-14.9847	-19.6838
847	25.9058	20.0933	9.11954
848	3.63128	-12.3519	-9.4274
849	-21.5855	23.2352	11.1807
850	7.41698	8.89771	15.0692
851	-17.33	-16.0312	-29.462
852	23.3404	20.9491	-27.3566
853	0.0761759	-4.13675	0.871834
854	30.6999	-13.3541	12.966
855	-45.0481	5.81007	7.96749
856	9.60915	-35.4707	13.5375
857	30.1178	23.8555	18.6183
858	31.4652	10.8195	4.49791
859	10.0108	-9.92016	7.34093
860	7.6098	9.21955	-14.7525
861	-11.2474	-12.8845	-11.0969
862	14.0338	5.67066	2.88146
863	8.91726	-5.20557	-3.3361
864	-26.3839	9.40913	2.4362
865	1.45575	-9.62972	-25.2731
866	-13.5781	-22.6259	2.94856
867	12.9068	11.6293	1.90512
868	1.06376	-28.4422	7.32732
869	-39.891	-33.9821	11.4991
870	-55.319	19.7341	-11.9627
871	-0.0488882	0.801339	18.8872
872	-2.61422	3.59615	42.596
873	33.6126	2.64934	-43.0718
874	-1.64762	-4.60587	-15.1173
875	21.5632	-10.6353	-26.823
876	0.980295	-23.1806	-15.7403
877	-0.660446	23.8138	-15.0876
878	-5.45571	-9.65414	-15.4931
879	-4.99088	-11.6117	9.97684
880	2.57485	19.6229	-29.4318
881	-25.2485	1.71419	-0.569811
882	27.2929	19.3417	3.11034
883	35.3297	-0.621137	-43.9857
884	-15.8041	-15.3817	28.8949
885	22.8605	-41.2816	-29.5687
886	-23.2268	-30.4942	-5.03794
887	6.81904	4.71906	-42.5664
888	-29.7297	16.1315	10.6273
889	-11.8886	-16.6149	-32.273
890	19.2866	8.74816	-12.7097
891	6.97913	-4.44759	-2.3143
892	27.0735	25.6944	-29.9429
893	-4.94752	30.6654	28.8806
894	-7.25643	-2.362	-4.82657
895	27.9467	-38.9098	33.4192
896	11.6975	15.4651	-22.7283
897	-28.0024	4.45504	3.0987
898	-9.18135	-13.04	38.4301
899	23.562	-48.5566	40.371
900	-19.8601	-0.899934	19.044
901	27.5632	-29.0802	23.1211
902	24.9103	14.4038	18.5102
903	1.53791	-5.60195	9.25671
904	24.7814	34.9541	-8.27653
905	-11.3916	21.2488	-32.8882
906	3.49133	2.22735	17.3855
907	-2.22899	-11.3826	19.6613
908	-5.12074	1.79122	-9.87323
909	20.3725	39.9034	38.5496
910	20.2942	-13.5187	18.4402
911	31.8121	3.82312	-2.06992
912	9.53847	-5.76088	20.4282
913	-3.96087	-6.33268	-3.88134
914	42.6942	-9.94453	-2.6386
915	0.768941	-13.3594	-4.94125
916	-5.04872	-20.3285	15.0504
917	-38.528	-21.2514	-44.4008
918	-17.4331	6.94649	-26.9701
919	-19.042	17.3601	-25.4155
920	-23.652	-26.8531	7.55512
921	29.1763	-8.54124	1.75797
922	13.3444	-12.4319	12.4109
923	7.53189	-30.6844	-3.52346
924	-0.437673	-14.7314	7.53353
925	12.0179	-27.6295	14.2391
926	32.2955	6.78531	7.44445
927	-6.76134	-14.9632	5.02644
928	-9.39845	-4.45283	35.4971
929	3.73578	-14.4581	11.4544
930	-11.2977	18.0829	-0.0639426
931	-9.23197	-13.9449	20.7391
932	-20.7728	40.5042	-20.2317
933	24.7685	-34.8828	-13.5255
934	-0.57913	1.70784	12.4475
935	3.27987	32.7757	40.2233
936	15.5143	10.5863	-10.6292
937	-28.9299	17.8498	-5.08103
938	-14.5197	7.39218	-6.81267
939	-7.47341	-23.194	16.082
940	-6.30479	2.42576	2.92049
941	16.7502	-13.6805	-13.1529
942	-12.0795	-6.16264	12.9015
943	0.816685	-5.02086	-15.1964
944	21.8888	9.65771	-18.4839
945	12.0925	24.7727	-27.3514
946	24.4076	-3.82702	-16.2361
947	30.9026	-14.4485	4.65188
948	2.74791	16.8861	-8.37034
949	-3.67735	-42.4955	-41.0658
950	-7.8957	-32.7799	-9.73264
951	-42.3663	-3.84759	3.55715
952	-15.9765	1.1894	-44.003
953	36.8354	-17.9123	8.42634
954	12.1702	-0.370464	-21.8863
955	8.71527	15.2073	-0.99345
956	3.21068	6.37581	10.5089
957	-2.05826	-5.76059	1.84964
958	0.654261	10.9246	19.1048
959	-37.6711	-9.67643	-18.0652
960	-2.4226	-28.3773	1.10092
961	34.1391	10.9329	5.8216
962	-17.866	-8.63507	-45.967
963	-11.5342	27.4406	4.61494
964	28.1107	1.56306	-3.35515
965	-30.1608	2.53707	-15.2567
966	20.1849	13.9616	41.572
967	-25.0757	-0.854087	-1.45136
968	14.2578	18.4781	-18.1612
969	22.2087	-37.0157	0.689751
970	-1.25829	-22.0276	-14.8329
971	-4.90188	-28.8159	-1.64287
972	14.1019	28.0891	-13.902
973	-22.4999	16.7593	-2.69899
974	-14.2445	-7.82868	-10.074
975	2.17566	-5.497	21.6717
976	14.3428	42.3357	-25.5546
977	9.99438	-1.17944	-2.32767
978	1.0843	27.1512	-0.490507
979	-20.6437	18.4862	15.0243
980	-16.7499	18.9219	2.40225
981	8.32063	18.4318	12.245
982	21.2048	1.12999	-28.9779
983	-19.5863	25.5689	7.73827
984	12.9807	-19.0535	-19.1211
985	6.19282	22.908	-27.303
986	-2.65045	-10.4868	-4.09734
987	18.4429	18.1557	27.8188
988	50.8844	6.83264	9.06529
989	2.01872	-9.80951	-0.166472
990	29.9624	-20.0416	14.8147
991	8.72485	-28.5578	-6.15624
992	-1.34902	1.37387	3.32144
993	-6.30667	-37.4766	-2.52238
994	2.23643	-4.76012	0.53755
995	11.3314	-27.8434	-3.14589
996	-24.7071	5.96217	-3.93163
997	-14.5441	-20.4235	-17.6391
998	4.64149	-0.614088	26.8565
999	6.42711	5.59453	-1.7553
1000	-2.16687	-7.2137	6.67849
