0  0  0
1  0.942121  0.0297925
2  1.28064  0.0404973
3  1.52895  0.0483498
4  1.77659  0.0561806
5  1.96648  0.0621854
6  2.1639  0.0684284
7  2.34199  0.0740601
8  2.50445  0.0791976
9  2.66455  0.0842605
10  2.81485  0.0890133
11  2.93213  0.0927221
12  3.0558  0.096633
13  3.19662  0.101086
14  3.29549  0.104212
15  3.44771  0.109026
16  3.55502  0.11242
17  3.6497  0.115414
18  3.74772  0.118513
19  3.84964  0.121736
20  3.94763  0.124835
21  4.05779  0.128318
22  4.16496  0.131708
23  4.25638  0.134599
24  4.34641  0.137446
25  4.43745  0.140325
26  4.59373  0.145266
27  4.70674  0.14884
28  4.81143  0.152151
29  4.90709  0.155176
30  4.98683  0.157698
31  5.06771  0.160255
32  5.17485  0.163643
33  5.20809  0.164694
34  5.30029  0.16761
35  5.37789  0.170064
36  5.46872  0.172936
37  5.58219  0.176524
38  5.65697  0.178889
39  5.76123  0.182186
40  5.85404  0.185121
41  5.92854  0.187477
42  5.97614  0.188982
43  6.07171  0.192004
44  6.15343  0.194588
45  6.16274  0.194883
46  6.20545  0.196234
47  6.24645  0.19753
48  6.2873  0.198822
49  6.33714  0.200398
50  6.40982  0.202696
51  6.49995  0.205546
52  6.54701  0.207035
53  6.58758  0.208318
54  6.63892  0.209941
55  6.66993  0.210922
56  6.74525  0.213303
57  6.77547  0.214259
58  6.83835  0.216248
59  6.93834  0.21941
60  6.98058  0.220745
61  6.98728  0.220957
62  7.05975  0.223249
63  7.11654  0.225045
64  7.13857  0.225741
65  7.20586  0.227869
66  7.26414  0.229712
67  7.33037  0.231807
68  7.40515  0.234171
69  7.45708  0.235813
70  7.49949  0.237155
71  7.5376  0.23836
72  7.59613  0.240211
73  7.66184  0.242289
74  7.68302  0.242959
75  7.71888  0.244092
76  7.75855  0.245347
77  7.8071  0.246882
78  7.85033  0.248249
79  7.94617  0.25128
80  8.033  0.254026
81  8.11279  0.256549
82  8.16775  0.258287
83  8.23106  0.260289
84  8.28016  0.261842
85  8.30135  0.262512
86  8.3612  0.264405
87  8.42518  0.266427
88  8.48482  0.268313
89  8.51113  0.269146
90  8.55667  0.270586
91  8.57717  0.271234
92  8.61725  0.272501
93  8.63058  0.272923
94  8.68791  0.274736
95  8.75279  0.276787
96  8.80701  0.278502
97  8.85358  0.279975
98  8.88967  0.281116
99  8.97869  0.283931
100  9.03846  0.285821
101  9.06601  0.286692
102  9.1199  0.288397
103  9.18058  0.290315
104  9.19108  0.290647
105  9.24389  0.292317
106  9.27213  0.29321
107  9.28961  0.293763
108  9.33478  0.295192
109  9.38957  0.296924
110  9.41062  0.29759
111  9.43699  0.298424
112  9.4801  0.299787
113  9.51415  0.300864
114  9.52903  0.301335
115  9.57865  0.302904
116  9.64228  0.304916
117  9.7074  0.306975
118  9.69553  0.3066
119  9.74529  0.308173
120  9.86275  0.311888
121  9.93148  0.314061
122  9.95248  0.314725
123  9.97898  0.315563
124  9.98399  0.315722
125  10.0008  0.316253
126  10.0262  0.317056
127  10.0673  0.318356
128  10.1029  0.319482
129  10.1806  0.321939
130  10.2559  0.32432
131  10.3311  0.326699
132  10.3494  0.327277
133  10.3681  0.327869
134  10.42  0.329509
135  10.4249  0.329665
136  10.4363  0.330025
137  10.5037  0.332155
138  10.5344  0.333128
139  10.5358  0.333171
140  10.5863  0.334769
141  10.6278  0.336081
142  10.6497  0.336773
143  10.6688  0.337377
144  10.711  0.338712
145  10.7606  0.34028
146  10.7746  0.340723
147  10.8135  0.341952
148  10.9025  0.344766
149  10.987  0.347441
150  10.9829  0.347311
151  11.0682  0.350008
152  11.1127  0.351414
153  11.1309  0.351991
154  11.1767  0.353438
155  11.2361  0.355318
156  11.2761  0.356582
157  11.28  0.356705
158  11.3169  0.357872
159  11.3705  0.359566
160  11.4007  0.360523
161  11.4204  0.361145
162  11.435  0.361605
163  11.4743  0.36285
164  11.4941  0.363476
165  11.5314  0.364655
166  11.5873  0.366424
167  11.61  0.36714
168  11.6357  0.367954
169  11.6544  0.368543
170  11.7106  0.37032
171  11.7555  0.371743
172  11.7705  0.372214
173  11.8132  0.373566
174  11.8447  0.374562
175  11.8975  0.376231
176  11.9507  0.377913
177  11.9592  0.378185
178  11.9856  0.379017
179  12.0289  0.380388
180  12.111  0.382982
181  12.121  0.3833
182  12.147  0.384123
183  12.1476  0.38414
184  12.2138  0.386234
185  12.2203  0.38644
186  12.2688  0.387974
187  12.2568  0.387594
188  12.221  0.386463
189  12.25  0.38738
190  12.3045  0.389103
191  12.3262  0.389788
192  12.387  0.391712
193  12.4473  0.393618
194  12.4856  0.394831
195  12.5262  0.396112
196  12.5613  0.397223
197  12.575  0.397657
198  12.5709  0.397526
199  12.6087  0.398722
200  12.6117  0.398818
201  12.6286  0.399352
202  12.6622  0.400415
203  12.668  0.400596
204  12.6915  0.40134
205  12.7163  0.402124
206  12.7916  0.404506
207  12.8275  0.40564
208  12.8431  0.406133
209  12.9326  0.408965
210  13.0202  0.411734
211  13.0897  0.413933
212  13.1045  0.414402
213  13.1296  0.415194
214  13.1322  0.415277
215  13.1531  0.415936
216  13.1585  0.41611
217  13.2117  0.417791
218  13.2608  0.419344
219  13.3053  0.42075
220  13.3388  0.42181
221  13.382  0.423175
222  13.429  0.424661
223  13.4546  0.425471
224  13.4986  0.426862
225  13.4972  0.42682
226  13.5208  0.427564
227  13.5454  0.428343
228  13.5395  0.428157
229  13.566  0.428996
230  13.6127  0.430472
231  13.6592  0.431941
232  13.6768  0.432498
233  13.6639  0.432091
234  13.713  0.433643
235  13.7175  0.433786
236  13.6886  0.432871
237  13.6854  0.432769
238  13.7679  0.435379
239  13.7818  0.435818
240  13.8181  0.436966
241  13.8326  0.437426
242  13.8748  0.43876
243  13.883  0.439019
244  13.902  0.43962
245  13.9286  0.440462
246  13.969  0.441738
247  13.9632  0.441557
248  14.001  0.442751
249  14.0404  0.443998
250  14.0735  0.445042
251  14.1563  0.447661
252  14.1745  0.448238
253  14.2101  0.449363
254  14.2451  0.45047
255  14.2566  0.450834
256  14.2839  0.451695
257  14.2938  0.45201
258  14.2946  0.452036
259  14.3338  0.453276
260  14.3897  0.455042
261  14.3844  0.454874
262  14.4662  0.45746
263  14.5274  0.459397
264  14.5523  0.460185
265  14.5615  0.460476
266  14.6361  0.462836
267  14.6267  0.462538
268  14.6539  0.463396
269  14.6893  0.464517
270  14.7185  0.46544
271  14.7614  0.466798
272  14.8447  0.469431
273  14.8884  0.470813
274  14.8549  0.469752
275  14.8424  0.469358
276  14.8777  0.470474
277  14.8941  0.470993
278  14.9142  0.47163
279  14.9345  0.47227
280  14.9825  0.473787
281  15.0352  0.475456
282  15.0398  0.475601
283  15.0844  0.47701
284  15.137  0.478673
285  15.133  0.478547
286  15.1621  0.479467
287  15.135  0.47861
288  15.2049  0.480822
289  15.2386  0.481886
290  15.2398  0.481924
291  15.2764  0.483083
292  15.3329  0.484868
293  15.3842  0.48649
294  15.4198  0.487616
295  15.4383  0.488202
296  15.4576  0.488812
297  15.4662  0.489085
298  15.468  0.48914
299  15.536  0.491291
300  15.5888  0.49296
301  15.588  0.492937
302  15.6016  0.493366
303  15.6218  0.494004
304  15.6166  0.493839
305  15.6647  0.495361
306  15.6917  0.496216
307  15.7381  0.497681
308  15.7752  0.498856
309  15.7904  0.499335
310  15.8433  0.50101
311  15.8472  0.501131
312  15.9007  0.502824
313  15.9322  0.503819
314  15.9956  0.505826
315  15.9783  0.505277
316  16.0122  0.506352
317  16.0184  0.506545
318  16.0304  0.506925
319  16.0662  0.508057
320  16.0991  0.509097
321  16.1349  0.510229
322  16.1487  0.510668
323  16.1937  0.512091
324  16.1751  0.511503
325  16.2232  0.513024
326  16.2519  0.513931
327  16.2383  0.5135
328  16.288  0.515073
329  16.3301  0.516402
330  16.3411  0.51675
331  16.339  0.516683
332  16.356  0.517221
333  16.3833  0.518085
334  16.3851  0.518141
335  16.3945  0.51844
336  16.4234  0.519353
337  16.4454  0.52005
338  16.4499  0.52019
339  16.4731  0.520924
340  16.4707  0.520849
341  16.4837  0.521261
342  16.5368  0.522941
343  16.5576  0.523598
344  16.5985  0.52489
345  16.6423  0.526276
346  16.6627  0.52692
347  16.6976  0.528025
348  16.7277  0.528976
349  16.7323  0.529122
350  16.7385  0.529319
351  16.7824  0.530705
352  16.8011  0.531297
353  16.8187  0.531854
354  16.7998  0.531255
355  16.8103  0.531589
356  16.8372  0.53244
357  16.8352  0.532376
358  16.8695  0.533459
359  16.9261  0.535252
360  16.9445  0.535833
361  16.9677  0.536565
362  17.0086  0.537858
363  17.0563  0.539366
364  17.0703  0.539809
365  17.1163  0.541265
366  17.1539  0.542453
367  17.2126  0.544311
368  17.2303  0.544871
369  17.2749  0.546282
370  17.2914  0.546801
371  17.2789  0.546406
372  17.2995  0.547059
373  17.3297  0.548015
374  17.3705  0.549305
375  17.4166  0.550762
376  17.4181  0.550808
377  17.4301  0.55119
378  17.4261  0.551063
379  17.4618  0.552191
380  17.4977  0.553327
381  17.5266  0.55424
382  17.5249  0.554187
383  17.5492  0.554955
384  17.6031  0.55666
385  17.602  0.556623
386  17.6238  0.557312
387  17.633  0.557605
388  17.6754  0.558946
389  17.7  0.559722
390  17.6917  0.559461
391  17.6866  0.5593
392  17.7485  0.561258
393  17.7691  0.561908
394  17.7728  0.562024
395  17.7946  0.562714
396  17.8006  0.562905
397  17.8237  0.563635
398  17.8398  0.564144
399  17.8345  0.563976
400  17.8468  0.564366
401  17.8515  0.564513
402  17.8832  0.565515
403  17.8921  0.565798
404  17.9079  0.566296
405  17.9404  0.567325
406  17.9749  0.568416
407  17.9653  0.568114
408  17.9954  0.569066
409  18.0346  0.570306
410  18.0915  0.572105
411  18.0967  0.572267
412  18.1432  0.573737
413  18.1895  0.575204
414  18.2089  0.575817
415  18.2257  0.576347
416  18.2626  0.577516
417  18.2414  0.576842
418  18.266  0.577622
419  18.2696  0.577734
420  18.2994  0.578679
421  18.3733  0.581014
422  18.4062  0.582056
423  18.4172  0.582402
424  18.4411  0.583157
425  18.4683  0.584019
426  18.5711  0.587269
427  18.6002  0.588188
428  18.6061  0.588378
429  18.6273  0.589047
430  18.6561  0.589957
431  18.6762  0.590593
432  18.6731  0.590495
433  18.6497  0.589755
434  18.676  0.590588
435  18.6674  0.590314
436  18.662  0.590144
437  18.6783  0.59066
438  18.6919  0.591089
439  18.6995  0.591329
440  18.6707  0.590418
441  18.7264  0.592182
442  18.7513  0.592969
443  18.7798  0.593868
444  18.7841  0.594005
445  18.8209  0.59517
446  18.8474  0.596008
447  18.8612  0.596443
448  18.8726  0.596804
449  18.8818  0.597095
450  18.9055  0.597844
451  18.9525  0.599331
452  18.9959  0.600702
453  18.9947  0.600665
454  19.0082  0.601091
455  18.9773  0.600114
456  18.9904  0.600529
457  19.0033  0.600938
458  19.0146  0.601294
459  19.0069  0.601052
460  18.9784  0.600149
461  19.0018  0.60089
462  19.0249  0.601621
463  19.0772  0.603274
464  19.1466  0.60547
465  19.165  0.606051
466  19.221  0.607821
467  19.2433  0.608528
468  19.2941  0.610134
469  19.2896  0.609992
470  19.2987  0.61028
471  19.2946  0.610147
472  19.3082  0.610578
473  19.3208  0.610977
474  19.3602  0.612223
475  19.3465  0.61179
476  19.34  0.611586
477  19.3402  0.611592
478  19.3718  0.61259
479  19.3696  0.61252
480  19.3825  0.61293
481  19.4055  0.613656
482  19.4412  0.614786
483  19.4355  0.614605
484  19.481  0.616044
485  19.5223  0.617349
486  19.5173  0.61719
487  19.5529  0.618316
488  19.5631  0.61864
489  19.5762  0.619052
490  19.5992  0.619782
491  19.6273  0.620669
492  19.6705  0.622037
493  19.7119  0.623345
494  19.7384  0.624184
495  19.7446  0.624378
496  19.7586  0.624823
497  19.7689  0.625147
498  19.8356  0.627257
499  19.846  0.627587
500  19.8547  0.62786
501  19.8258  0.626947
502  19.8205  0.62678
503  19.8422  0.627467
504  19.8606  0.628047
505  19.9097  0.629601
506  19.9272  0.630154
507  19.9305  0.630257
508  19.9745  0.631649
509  19.9867  0.632036
510  19.9969  0.632358
511  20.0018  0.632513
512  20.038  0.633658
513  20.0541  0.634167
514  20.0397  0.633711
515  20.0614  0.634396
516  20.0622  0.634422
517  20.0994  0.6356
518  20.1047  0.635768
519  20.142  0.636946
520  20.1565  0.637405
521  20.1529  0.637292
522  20.1484  0.637147
523  20.1462  0.637078
524  20.1428  0.636972
525  20.1588  0.637476
526  20.1475  0.637119
527  20.1322  0.636636
528  20.1316  0.636617
529  20.1438  0.637004
530  20.2018  0.638836
531  20.2854  0.64148
532  20.3074  0.642176
533  20.3172  0.642487
534  20.3694  0.644136
535  20.3828  0.64456
536  20.417  0.645642
537  20.4664  0.647206
538  20.4709  0.647348
539  20.5076  0.648506
540  20.5683  0.650426
541  20.5989  0.651395
542  20.6197  0.652053
543  20.6214  0.652105
544  20.6506  0.653031
545  20.6593  0.653304
546  20.6805  0.653976
547  20.6803  0.65397
548  20.7256  0.655402
549  20.7444  0.655996
550  20.7507  0.656195
551  20.7885  0.657391
552  20.7802  0.657127
553  20.7878  0.657367
554  20.7636  0.656604
555  20.8045  0.657895
556  20.8082  0.658012
557  20.8259  0.658572
558  20.8323  0.658775
559  20.8318  0.658761
560  20.8586  0.659608
561  20.8893  0.660577
562  20.9335  0.661977
563  20.9336  0.661978
564  20.9229  0.661639
565  20.9054  0.661087
566  20.9511  0.662531
567  20.9627  0.662897
568  20.9637  0.662931
569  20.9586  0.66277
570  20.9609  0.662842
571  20.9529  0.662588
572  20.9538  0.662618
573  20.981  0.663478
574  20.9826  0.663528
575  20.9975  0.664
576  21.0024  0.664155
577  21.0444  0.665481
578  21.0837  0.666726
579  21.1233  0.667978
580  21.0939  0.667047
581  21.131  0.66822
582  21.1457  0.668686
583  21.1427  0.668591
584  21.1365  0.668395
585  21.1189  0.667837
586  21.1414  0.66855
587  21.1989  0.670369
588  21.2374  0.671587
589  21.2658  0.672482
590  21.3234  0.674306
591  21.3544  0.675286
592  21.3995  0.676713
593  21.4466  0.678201
594  21.4961  0.679766
595  21.5256  0.680698
596  21.5503  0.68148
597  21.5727  0.68219
598  21.5601  0.68179
599  21.5531  0.681569
600  21.5648  0.681939
601  21.5599  0.681785
602  21.5585  0.681741
603  21.5774  0.682338
604  21.619  0.683652
605  21.6552  0.684796
606  21.6242  0.683817
607  21.6767  0.685478
608  21.661  0.684979
609  21.698  0.686152
610  21.7355  0.687338
611  21.7449  0.687636
612  21.761  0.688142
613  21.7841  0.688875
614  21.8026  0.689457
615  21.844  0.690768
616  21.8577  0.691201
617  21.8954  0.692393
618  21.9202  0.693178
619  21.9677  0.694679
620  21.9539  0.694243
621  21.9572  0.694348
622  22.0281  0.696589
623  22.0529  0.697374
624  22.0847  0.698381
625  22.1273  0.699725
626  22.1144  0.699319
627  22.1348  0.699965
628  22.1486  0.700399
629  22.1531  0.700541
630  22.2135  0.702452
631  22.2383  0.703238
632  22.2649  0.704079
633  22.293  0.704966
634  22.3329  0.706229
635  22.306  0.705379
636  22.3135  0.705616
637  22.3361  0.706331
638  22.3576  0.707009
639  22.3619  0.707146
640  22.4014  0.708394
641  22.3556  0.706947
642  22.3709  0.707429
643  22.4013  0.708391
644  22.4082  0.70861
645  22.4333  0.709402
646  22.4045  0.708491
647  22.4126  0.708748
648  22.4842  0.711014
649  22.4855  0.711054
650  22.5225  0.712223
651  22.5426  0.712858
652  22.5648  0.713561
653  22.5641  0.713541
654  22.606  0.714866
655  22.6114  0.715035
656  22.6366  0.715833
657  22.6467  0.716153
658  22.6438  0.716059
659  22.6884  0.717472
660  22.7201  0.718473
661  22.7489  0.719384
662  22.8155  0.72149
663  22.8199  0.721629
664  22.8206  0.721651
665  22.8028  0.721088
666  22.8499  0.722577
667  22.8864  0.723731
668  22.9104  0.724491
669  22.922  0.724858
670  22.9506  0.725761
671  22.9295  0.725093
672  22.975  0.726533
673  22.998  0.72726
674  22.9866  0.726899
675  23.0142  0.727773
676  23.0154  0.727809
677  23.0392  0.728563
678  23.0873  0.730085
679  23.0469  0.728808
680  23.0319  0.728334
681  23.0415  0.728635
682  23.0491  0.728877
683  23.0708  0.729564
684  23.0739  0.72966
685  23.0835  0.729964
686  23.1011  0.730522
687  23.113  0.730896
688  23.0647  0.729368
689  23.0681  0.729477
690  23.1064  0.730687
691  23.1459  0.731937
692  23.1642  0.732517
693  23.1573  0.732297
694  23.2101  0.733967
695  23.225  0.734439
696  23.2624  0.73562
697  23.2847  0.736328
698  23.2981  0.73675
699  23.2782  0.736121
700  23.3069  0.737028
701  23.3261  0.737635
702  23.3653  0.738875
703  23.3588  0.73867
704  23.3687  0.738984
705  23.4053  0.74014
706  23.3965  0.739863
707  23.4745  0.742329
708  23.4613  0.741913
709  23.466  0.742059
710  23.4459  0.741423
711  23.4706  0.742206
712  23.4852  0.742668
713  23.5246  0.743912
714  23.5402  0.744408
715  23.5413  0.744442
716  23.5781  0.745604
717  23.6392  0.747537
718  23.7115  0.749823
719  23.7241  0.750222
720  23.715  0.749934
721  23.6757  0.74869
722  23.6801  0.74883
723  23.6663  0.748394
724  23.6884  0.749094
725  23.6865  0.749034
726  23.7203  0.750103
727  23.7409  0.750754
728  23.7511  0.751074
729  23.7644  0.751496
730  23.7855  0.752164
731  23.7918  0.752363
732  23.8322  0.753642
733  23.8855  0.755325
734  23.894  0.755596
735  23.9246  0.756563
736  23.8975  0.755706
737  23.9401  0.757051
738  23.9387  0.757008
739  23.9471  0.757273
740  23.9577  0.757608
741  23.9795  0.758297
742  23.9893  0.758608
743  24.0227  0.759666
744  24.0623  0.760917
745  24.0737  0.761279
746  24.08  0.761478
747  24.0766  0.761369
748  24.0873  0.761708
749  24.0921  0.761858
750  24.1128  0.762512
751  24.1273  0.762973
752  24.104  0.762236
753  24.1145  0.762566
754  24.1932  0.765055
755  24.2058  0.765455
756  24.2512  0.76689
757  24.2719  0.767543
758  24.3071  0.768659
759  24.3393  0.769676
760  24.3653  0.770498
761  24.3855  0.771137
762  24.3834  0.771072
763  24.3771  0.770872
764  24.3781  0.770902
765  24.3995  0.771579
766  24.4212  0.772266
767  24.4361  0.772739
768  24.4565  0.773382
769  24.4777  0.774054
770  24.4809  0.774154
771  24.5268  0.775606
772  24.5651  0.776817
773  24.5574  0.776572
774  24.5617  0.776709
775  24.6079  0.778169
776  24.6529  0.779594
777  24.6817  0.780505
778  24.7209  0.781745
779  24.7378  0.782278
780  24.7747  0.783445
781  24.7766  0.783504
782  24.7925  0.784009
783  24.79  0.783927
784  24.8012  0.784282
785  24.8015  0.784292
786  24.8248  0.785028
787  24.8603  0.786152
788  24.9048  0.787559
789  24.9482  0.78893
790  24.9802  0.789942
791  25.0497  0.792142
792  25.0862  0.793296
793  25.0958  0.793597
794  25.1216  0.794415
795  25.1269  0.794583
796  25.1788  0.796224
797  25.2298  0.797836
798  25.2921  0.799807
799  25.2851  0.799586
800  25.3069  0.800276
801  25.3232  0.800791
802  25.3441  0.80145
803  25.391  0.802934
804  25.4009  0.803248
805  25.4006  0.803236
806  25.3837  0.802703
807  25.4186  0.803805
808  25.3965  0.803109
809  25.3865  0.802791
810  25.4206  0.803871
811  25.4208  0.803878
812  25.4447  0.804633
813  25.479  0.805718
814  25.4714  0.805475
815  25.4601  0.805118
816  25.4494  0.804782
817  25.4586  0.805073
818  25.4748  0.805584
819  25.4915  0.806113
820  25.4919  0.806125
821  25.5082  0.80664
822  25.5212  0.807052
823  25.509  0.806665
824  25.525  0.80717
825  25.5866  0.80912
826  25.6137  0.809975
827  25.6  0.809544
828  25.6049  0.809697
829  25.5878  0.809156
830  25.6458  0.810992
831  25.6397  0.8108
832  25.6725  0.811835
833  25.685  0.812231
834  25.718  0.813276
835  25.7839  0.815359
836  25.7683  0.814867
837  25.7911  0.815588
838  25.7928  0.815639
839  25.7857  0.815415
840  25.7755  0.815094
841  25.8068  0.816084
842  25.8193  0.816478
843  25.8293  0.816794
844  25.8151  0.816346
845  25.8368  0.81703
846  25.8658  0.81795
847  25.839  0.817101
848  25.8448  0.817285
849  25.9002  0.819036
850  25.8645  0.817907
851  25.9012  0.819067
852  25.8985  0.818983
853  25.8786  0.818353
854  25.9303  0.819987
855  25.955  0.82077
856  25.9871  0.821783
857  25.9983  0.822139
858  25.998  0.822128
859  26.0028  0.822281
860  26.0026  0.822274
861  26.0597  0.824082
862  26.0928  0.825126
863  26.1105  0.825687
864  26.1209  0.826017
865  26.1561  0.827128
866  26.1584  0.8272
867  26.1825  0.827962
868  26.1968  0.828416
869  26.1924  0.828275
870  26.2424  0.829859
871  26.2455  0.829957
872  26.286  0.831235
873  26.3153  0.832162
874  26.3345  0.83277
875  26.3452  0.833108
876  26.3351  0.83279
877  26.3794  0.83419
878  26.3635  0.833688
879  26.3704  0.833906
880  26.3598  0.833569
881  26.3609  0.833603
882  26.3516  0.833312
883  26.3529  0.833353
884  26.3928  0.834615
885  26.4349  0.835944
886  26.464  0.836865
887  26.4592  0.836713
888  26.5202  0.838642
889  26.5523  0.839658
890  26.5573  0.839816
891  26.544  0.839396
892  26.57  0.840217
893  26.5718  0.840275
894  26.5525  0.839663
895  26.5472  0.839497
896  26.5658  0.840083
897  26.5916  0.8409
898  26.5903  0.84086
899  26.6005  0.841181
900  26.6101  0.841484
901  26.6296  0.842102
902  26.6782  0.843639
903  26.7017  0.84438
904  26.7205  0.844976
905  26.7384  0.845542
906  26.7031  0.844425
907  26.7165  0.844849
908  26.7379  0.845526
909  26.7446  0.84574
910  26.7386  0.845549
911  26.7707  0.846562
912  26.7413  0.845635
913  26.7729  0.846632
914  26.7881  0.847116
915  26.8447  0.848904
916  26.8138  0.847926
917  26.8581  0.849327
918  26.8827  0.850105
919  26.9005  0.850668
920  26.8683  0.849651
921  26.9172  0.851197
922  26.9074  0.850888
923  26.9073  0.850883
924  26.916  0.851158
925  26.9666  0.852758
926  26.961  0.852583
927  26.9929  0.85359
928  27.0381  0.855019
929  27.0336  0.854878
930  27.0469  0.855297
931  27.0713  0.856068
932  27.076  0.85622
933  27.0976  0.856901
934  27.133  0.858022
935  27.1561  0.858751
936  27.1734  0.859297
937  27.2155  0.860629
938  27.2578  0.861968
939  27.2755  0.862527
940  27.2822  0.862739
941  27.2691  0.862324
942  27.3002  0.863309
943  27.3006  0.863319
944  27.335  0.864408
945  27.322  0.863999
946  27.3065  0.863508
947  27.3637  0.865315
948  27.3775  0.865752
949  27.3423  0.864641
950  27.394  0.866274
951  27.4385  0.867681
952  27.4174  0.867016
953  27.4123  0.866851
954  27.4084  0.86673
955  27.3898  0.866143
956  27.3992  0.86644
957  27.3862  0.866027
958  27.4068  0.86668
959  27.4376  0.867655
960  27.4474  0.867964
961  27.4543  0.86818
962  27.4767  0.86889
963  27.5244  0.870397
964  27.5582  0.871466
965  27.557  0.871429
966  27.5901  0.872475
967  27.6244  0.87356
968  27.6492  0.874343
969  27.6307  0.873758
970  27.6343  0.873872
971  27.6328  0.873825
972  27.6182  0.873363
973  27.6283  0.873685
974  27.6708  0.875028
975  27.7134  0.876376
976  27.7364  0.877101
977  27.7739  0.878288
978  27.7957  0.878976
979  27.8069  0.879331
980  27.8108  0.879455
981  27.8431  0.880477
982  27.8421  0.880444
983  27.8636  0.881123
984  27.8955  0.882135
985  27.9182  0.88285
986  27.9121  0.88266
987  27.9263  0.883108
988  27.9462  0.883735
989  27.9481  0.883798
990  27.954  0.883983
991  27.9503  0.883867
992  27.9648  0.884326
993  27.9847  0.884953
994  28.0021  0.885505
995  28.0496  0.887005
996  28.05  0.88702
997  28.0441  0.886833
998  28.0174  0.885989
999  28.0489  0.886984
1000  28.093  0.888379
