0 0.0 0.0
1 -0.956944 0.938808
2 -1.69287 0.92454
3 -2.6455 1.35612
4 -3.29613 2.1209
5 -2.31048 1.7699
6 -1.46647 2.74735
7 -2.34242 3.70572
8 -1.34297 3.38946
9 -0.352975 4.35695
10 -1.34343 4.05934
11 -1.48795 3.83392
12 -0.639967 3.42613
13 -0.781512 4.30327
14 -0.829469 5.04145
15 -1.57577 4.06627
16 -2.04074 3.07736
17 -2.65117 4.05301
18 -2.1018 4.77306
19 -1.16065 3.82142
20 -2.02885 3.04612
21 -1.70152 2.05059
22 -0.728479 3.04798
23 -1.67051 2.53195
24 -1.03698 3.26247
25 -0.492125 3.05657
26 -1.48701 3.44487
27 -2.07048 2.5589
28 -1.66519 1.61686
29 -2.56497 0.621148
30 -2.4472 0.619462
31 -3.42291 -0.26187
32 -3.41772 -1.01685
33 -2.52054 -2.01663
34 -3.52008 -1.12083
35 -4.51864 -1.73696
36 -4.24279 -2.28425
37 -3.4285 -2.54888
38 -2.82155 -2.21862
39 -2.80131 -2.08903
40 -2.83223 -1.62741
41 -1.84709 -2.55894
42 -2.81478 -2.70692
43 -3.50397 -2.15544
44 -2.54131 -1.41914
45 -2.7117 -0.582436
46 -3.70801 0.205605
47 -3.40015 -0.270294
48 -2.81005 -0.269948
49 -2.22732 0.624853
50 -2.38201 0.769336
51 -1.69118 -0.0678071
52 -0.772142 -1.03266
53 -1.76082 -1.81833
54 -1.91696 -2.77424
55 -1.84965 -2.07135
56 -1.64092 -2.02114
57 -0.89774 -2.29811
58 -0.116111 -1.30076
59 -1.04936 -0.922899
60 -1.23596 0.0731798
61 -2.00598 -0.848885
62 -2.37563 -1.26471
63 -1.55506 -2.11621
64 -2.00029 -1.17745
65 -2.51314 -1.8361
66 -1.57012 -0.962667
67 -1.62358 -0.00260645
68 -2.34375 -0.727239
69 -1.82702 0.270652
70 -0.829894 0.392877
71 -0.575196 -0.599203
72 -0.235479 -0.0124037
73 -0.309022 -0.940503
74 0.578446 -1.42314
75 0.962832 -2.14657
76 0.394541 -1.25933
77 -0.377978 -0.308175
78 -0.987609 0.561054
79 0.00851372 1.49683
80 -0.51526 0.546691
81 -1.43111 1.5213
82 -1.55541 2.21185
83 -2.5526 3.20196
84 -1.63355 2.49707
85 -1.87326 1.52404
86 -1.43316 0.55598
87 -0.455074 1.30311
88 -1.10557 2.24677
89 -1.52981 1.95667
90 -1.73014 2.94319
91 -2.63551 3.38279
92 -1.65577 3.0446
93 -1.22625 3.27617
94 -1.53768 4.03487
95 -0.641156 4.93214
96 -0.97204 5.92872
97 -1.84299 5.65522
98 -0.846855 6.64579
99 -1.70127 6.8032
100 -0.764888 7.54216
101 -1.74632 7.02535
102 -0.764113 6.02658
103 0.0210898 6.50448
104 0.177121 7.41852
105 -0.611137 7.00354
106 0.376374 7.62922
107 -0.622376 6.6616
108 -0.0579903 7.06005
109 0.693585 6.22772
110 -0.0448136 6.12927
111 -0.786715 5.13078
112 -0.557057 4.14296
113 -1.11017 3.31765
114 -0.119117 3.99124
115 -0.454698 4.96533
116 -0.0476933 4.76049
117 0.672005 4.24288
118 1.2465 3.30504
119 0.730338 3.15463
120 1.29164 3.68182
121 1.72929 2.81591
122 1.78231 2.24433
123 1.18018 1.83665
124 0.187645 2.27544
125 -0.244161 1.60778
126 0.726191 1.33507
127 1.59236 0.338752
128 0.628107 -0.234191
129 1.57507 -0.948187
130 2.48118 -1.6957
131 2.03182 -1.3995
132 2.55166 -0.418941
133 1.86928 0.568356
134 2.86274 0.06727
135 3.44522 -0.684696
136 3.14576 -0.333628
137 4.13345 -1.33346
138 3.13408 -2.28627
139 2.55667 -1.79666
140 2.33658 -1.04727
141 3.30374 -0.366077
142 4.29409 0.437157
143 4.59188 0.00349684
144 4.48356 0.787948
145 5.46556 1.67344
146 5.77703 0.841709
147 6.73 1.0886
148 6.82838 2.00707
149 7.12037 1.62632
150 7.89971 0.639811
151 8.65355 -0.0143565
152 8.97233 -0.752577
153 9.60086 -1.12153
154 9.11564 -1.59116
155 8.14714 -2.5064
156 8.27657 -1.5817
157 7.33508 -1.26633
158 6.34221 -2.19247
159 6.82828 -2.28896
160 6.01263 -1.82549
161 5.63066 -0.894654
162 6.45007 -0.06414
163 6.97755 -0.5644
164 7.89373 -1.55514
165 8.73103 -0.581209
166 7.79614 -0.381783
167 8.68806 -1.16585
168 9.56748 -0.19802
169 8.61621 -1.01115
170 8.48332 -1.81071
171 7.56942 -2.74159
172 6.70583 -2.35828
173 6.08823 -1.4274
174 6.9039 -0.478484
175 7.6441 -0.646993
176 7.1845 0.275957
177 7.07835 -0.599834
178 8.05446 -1.46609
179 8.80252 -2.16534
180 9.77005 -3.16471
181 9.00997 -4.16462
182 9.99816 -3.38967
183 9.61441 -2.51833
184 9.63945 -2.36848
185 10.1522 -2.63194
186 10.8554 -3.62034
187 11.2919 -4.57336
188 11.4 -5.54788
189 10.4805 -6.52835
190 9.57157 -7.52575
191 8.67281 -8.08517
192 9.65654 -8.31378
193 9.7198 -7.33434
194 10.431 -6.36002
195 11.4099 -5.49335
196 10.4159 -4.72724
197 10.0894 -5.01309
198 10.4887 -5.966
199 11.2557 -6.10378
200 11.857 -5.22082
201 12.6556 -4.61889
202 13.1144 -3.76046
203 13.2164 -4.38335
204 14.19 -3.52096
205 15.1577 -4.46876
206 15.6923 -3.47375
207 16.0394 -4.46563
208 15.5165 -3.46572
209 15.8345 -3.83931
210 16.8319 -2.85479
211 16.7725 -3.0159
212 17.3366 -3.86407
213 16.3652 -4.85587
214 15.5826 -4.81873
215 16.2649 -5.80226
216 17.0875 -6.79571
217 18.0847 -6.99939
218 19.034 -6.19844
219 18.1851 -7.1911
220 17.7817 -6.34995
221 17.3888 -6.23239
222 17.4992 -6.75015
223 18.3362 -7.4167
224 19.2651 -7.99657
225 20.2181 -7.11379
226 20.9504 -7.90227
227 21.9496 -6.94136
228 22.9173 -7.47222
229 22.4739 -6.57099
230 22.4752 -5.65082
231 23.3227 -6.64295
232 22.6263 -5.67071
233 22.3467 -5.72396
234 23.3067 -5.06427
235 23.2862 -5.91055
236 23.8584 -6.90446
237 22.8586 -7.89383
238 22.8432 -7.22239
239 23.3076 -7.74628
240 22.6618 -7.6546
241 22.0696 -7.08244
242 21.3411 -6.09505
243 20.3797 -6.90856
244 19.5619 -5.93314
245 19.4191 -5.65431
246 18.4704 -6.50524
247 19.4377 -5.74561
248 19.7158 -4.76098
249 20.5831 -5.54158
250 19.6134 -4.97527
251 20.5413 -4.02416
252 21.4872 -4.92671
253 21.2175 -4.19775
254 22.0903 -3.85482
255 22.5238 -3.4503
256 22.3444 -4.33383
257 23.0131 -3.48852
258 22.0616 -3.941
259 23.0567 -3.695
260 22.2759 -4.20416
261 21.5944 -3.50009
262 22.3945 -2.62172
263 21.4796 -3.35444
264 20.5228 -3.91062
265 21.4936 -3.76587
266 22.4822 -3.18359
267 22.1488 -3.32471
268 22.0725 -3.53108
269 22.9757 -2.58867
270 22.1565 -3.03143
271 23.0039 -2.2503
272 22.2063 -2.88466
273 21.7674 -3.57042
274 20.768 -4.56757
275 19.7964 -4.40196
276 20.2155 -4.77095
277 21.0696 -5.60564
278 21.9439 -6.37044
279 21.0244 -6.35016
280 21.6002 -6.76676
281 22.1502 -7.74421
282 23.0646 -8.41457
283 23.994 -8.64919
284 24.2791 -9.60592
285 23.6179 -10.2334
286 24.6006 -11.0223
287 25.583 -10.1769
288 26.3223 -11.1199
289 25.4936 -11.9021
290 25.2256 -12.8095
291 26.2249 -13.8084
292 25.4668 -14.5307
293 24.7726 -14.1424
294 24.4743 -15.1203
295 24.1732 -14.2559
296 24.9227 -14.6883
297 24.3254 -13.7945
298 24.9165 -12.799
299 23.9237 -12.8647
300 24.8367 -12.5052
301 25.8363 -13.4399
302 25.4533 -14.4249
303 25.4425 -14.0716
304 25.9059 -13.3701
305 25.1626 -12.709
306 26.0063 -12.3855
307 26.0619 -11.7566
308 26.2119 -11.6268
309 26.7469 -11.0014
310 26.6648 -11.9804
311 26.9228 -11.3481
312 27.1142 -11.7336
313 26.4052 -11.7579
314 25.513 -12.7209
315 26.183 -13.5009
316 26.269 -12.5012
317 26.1093 -11.7838
318 25.1401 -10.8117
319 25.2955 -10.678
320 25.1607 -9.70167
321 25.1011 -10.3501
322 24.5322 -11.2319
323 24.2392 -12.2312
324 23.9155 -12.0323
325 22.9898 -12.0661
326 22.1914 -11.1075
327 21.4321 -10.6343
328 21.2673 -9.69142
329 22.2551 -10.5739
330 22.9439 -9.97647
331 22.5042 -9.04193
332 23.504 -9.27137
333 23.3397 -8.3831
334 22.5428 -7.52945
335 22.6511 -8.48518
336 23.2761 -7.92233
337 24.2469 -6.95205
338 25.1923 -7.03321
339 24.499 -7.46889
340 25.1407 -8.16466
341 25.6399 -7.90558
342 24.6399 -7.70879
343 24.0787 -7.83924
344 24.5936 -8.08756
345 24.4486 -9.0343
346 25.2418 -8.13284
347 24.9531 -7.20608
348 24.0211 -8.2037
349 23.9282 -7.56749
350 24.0837 -8.52529
351 23.1135 -7.72562
352 23.4394 -8.51834
353 23.7263 -7.92717
354 23.1329 -8.91962
355 22.2172 -9.90493
356 22.1455 -10.7355
357 23.14 -10.267
358 23.2113 -10.3885
359 22.8819 -9.41247
360 23.7229 -8.5292
361 24.5646 -7.53432
362 25.2855 -6.82715
363 25.8589 -6.49698
364 26.8368 -7.28767
365 25.8368 -7.24093
366 24.8526 -8.19196
367 24.7258 -8.683
368 25.6887 -7.94014
369 26.6872 -7.18501
370 27.0031 -7.0743
371 27.6614 -6.33115
372 27.6627 -6.83658
373 28.4157 -6.74981
374 27.4317 -5.80112
375 28.388 -6.32339
376 27.937 -5.59002
377 27.3943 -4.64262
378 27.4503 -4.24705
379 26.4964 -3.73695
380 27.2407 -4.25929
381 28.1955 -3.31434
382 27.7008 -4.28086
383 26.8778 -4.28341
384 27.7997 -5.03083
385 26.9308 -4.03747
386 27.1665 -3.46385
387 27.545 -2.70445
388 28.0269 -1.82262
389 28.435 -1.00744
390 29.1816 -1.88103
391 28.2484 -0.882943
392 28.7378 -0.468989
393 28.4595 -0.524877
394 29.4015 -1.39344
395 30.3122 -0.4585
396 29.5449 -0.743118
397 28.558 -1.74233
398 29.1459 -1.30848
399 28.9819 -2.30845
400 29.5838 -3.27376
401 30.4615 -4.09945
402 29.5271 -4.67486
403 28.71 -4.54116
404 28.5547 -4.74999
405 27.652 -5.45943
406 26.9215 -5.53758
407 27.6547 -6.30015
408 26.7465 -5.35907
409 26.5725 -6.35901
410 25.6305 -5.3745
411 26.3522 -4.46351
412 27.3364 -5.44864
413 27.8924 -5.94228
414 27.2464 -5.26057
415 27.9861 -4.72468
416 27.4526 -3.72564
417 27.6361 -3.97951
418 28.636 -3.62255
419 29.5514 -4.30708
420 29.2283 -5.23503
421 29.585 -6.162
422 30.4709 -6.80078
423 29.6361 -6.73845
424 29.6868 -6.53763
425 30.0628 -7.35807
426 31.0365 -8.18955
427 31.4367 -9.10018
428 32.2838 -9.21876
429 33.2159 -8.36054
430 33.439 -7.97385
431 32.4486 -8.97139
432 31.8359 -9.90529
433 30.8375 -9.31614
434 30.3889 -9.36185
435 29.4232 -9.42077
436 30.3292 -8.69416
437 30.0536 -9.58898
438 29.0643 -9.80261
439 29.0539 -9.37968
440 29.5997 -9.36142
441 29.053 -10.337
442 28.8026 -9.46696
443 29.3508 -8.4744
444 28.6337 -9.45274
445 28.3761 -9.00313
446 28.5775 -9.87608
447 27.6345 -9.9904
448 26.9194 -10.4521
449 27.2771 -10.3247
450 26.3883 -10.7874
451 26.7356 -9.82541
452 26.9965 -10.794
453 26.4448 -10.1715
454 25.5063 -9.23329
455 24.5584 -8.67632
456 24.2694 -9.67632
457 24.9338 -9.21295
458 24.1001 -9.83077
459 24.0551 -9.81653
460 24.7385 -10.5967
461 25.3997 -11.5763
462 26.1266 -11.453
463 25.6906 -12.3256
464 26.5578 -12.9567
465 25.8318 -13.4208
466 24.8765 -14.1007
467 24.4696 -13.6657
468 25.4396 -14.6649
469 25.5271 -15.5112
470 24.9344 -14.7564
471 25.6061 -13.9468
472 25.8689 -14.9325
473 26.8485 -14.5511
474 25.8731 -14.065
475 26.7459 -13.5382
476 26.9945 -14.4256
477 27.6911 -14.1634
478 28.3871 -13.9355
479 29.274 -14.4884
480 30.1472 -14.1863
481 29.5579 -13.7767
482 30.4389 -14.5825
483 31.0879 -14.7111
484 32.0253 -14.3325
485 32.1765 -13.6391
486 33.1734 -12.6864
487 33.8018 -12.6886
488 33.0787 -12.4476
489 32.1922 -11.8618
490 33.1874 -11.1243
491 34.0354 -10.9745
492 33.5511 -10.2164
493 33.0093 -9.93329
494 32.0266 -10.933
495 32.7255 -9.9333
496 33.724 -9.99472
497 34.7236 -9.20283
498 34.0195 -9.68743
499 33.2736 -10.1297
500 34.0574 -9.49663
501 35.0264 -10.4446
502 35.3439 -9.44571
503 36.3071 -8.6606
504 37.1415 -9.36969
505 37.726 -9.58782
506 37.6476 -9.93745
507 36.7287 -9.03296
508 35.7988 -9.06443
509 34.9589 -10.0187
510 34.9697 -9.09359
511 34.8617 -8.1557
512 33.9518 -9.07037
513 33.0954 -8.20016
514 32.3971 -9.08451
515 32.2 -8.09772
516 32.5126 -7.13712
517 32.2208 -6.28285
518 33.1767 -6.3838
519 32.2513 -6.77881
520 33.2503 -7.1546
521 34.1925 -6.24557
522 34.9777 -6.32573
523 34.3409 -6.43175
524 34.0419 -7.39923
525 34.3065 -7.6229
526 35.2031 -7.05328
527 35.916 -7.18088
528 35.7666 -7.764
529 35.418 -8.76389
530 36.0302 -7.76422
531 37.0289 -7.0686
532 37.7806 -7.31963
533 36.85 -6.32287
534 35.8577 -6.90434
535 35.7013 -7.81869
536 36.5068 -8.05068
537 36.0658 -8.46466
538 35.1336 -8.10487
539 34.1376 -7.147
540 33.2342 -6.1898
541 33.559 -6.14713
542 34.2917 -5.76218
543 33.2924 -5.09044
544 33.7888 -5.92799
545 33.2441 -6.2379
546 32.9418 -5.3412
547 32.0086 -4.82152
548 32.9124 -5.80505
549 33.3351 -5.35586
550 32.9152 -6.34787
551 33.6582 -6.15602
552 33.1656 -7.1296
553 33.2993 -7.62874
554 33.8309 -8.61421
555 34.8285 -9.19005
556 33.8471 -8.73833
557 34.4775 -8.40193
558 33.8193 -7.45544
559 33.7193 -7.04152
560 34.7192 -6.04638
561 34.4826 -5.53049
562 35.4737 -5.08113
563 36.4255 -5.93219
564 35.4515 -6.84533
565 35.4293 -6.64814
566 35.4258 -7.36152
567 34.74 -6.38896
568 33.7426 -6.2433
569 32.7427 -7.17746
570 32.0142 -6.19889
571 32.4609 -5.66349
572 31.5333 -5.78742
573 30.5333 -6.7087
574 29.5881 -7.01294
575 29.9779 -8.00244
576 29.3154 -8.19792
577 28.3472 -8.80725
578 27.769 -9.16511
579 28.4141 -9.47451
580 27.8767 -8.76703
581 28.6164 -8.15971
582 28.2905 -7.49334
583 28.9682 -8.23604
584 28.7076 -7.3992
585 29.6499 -6.40022
586 28.9698 -5.73704
587 29.6916 -4.8129
588 30.4215 -5.46065
589 29.7709 -5.18956
590 29.0399 -4.93723
591 28.2682 -5.50833
592 29.126 -5.24272
593 29.5084 -5.56244
594 28.8207 -6.38064
595 29.4276 -6.75531
596 28.4747 -5.79377
597 28.9685 -6.79331
598 28.5583 -5.88266
599 29.1437 -5.61579
600 28.752 -4.67899
601 29.3864 -5.6198
602 29.8118 -6.61973
603 29.2884 -5.65268
604 30.2884 -6.18701
605 29.3617 -6.37698
606 30.1302 -7.31725
607 29.156 -6.54607
608 28.3193 -7.08486
609 28.438 -6.18275
610 27.9835 -5.96572
611 27.2786 -6.40421
612 27.2093 -6.7595
613 28.1595 -5.77022
614 29.1454 -6.00417
615 30.1451 -5.1666
616 30.6078 -6.04018
617 30.3075 -5.269
618 30.7178 -5.536
619 29.8287 -5.34873
620 29.5139 -6.10779
621 29.9281 -6.99248
622 30.7333 -6.84183
623 29.9312 -6.61066
624 28.9827 -6.68825
625 28.0271 -5.84671
626 28.4773 -6.84094
627 29.1528 -7.84088
628 29.4777 -7.012
629 30.469 -6.35168
630 31.3185 -7.30994
631 31.6941 -8.24921
632 31.5159 -7.27476
633 31.1823 -6.59535
634 31.3512 -5.71092
635 30.7943 -6.58941
636 29.808 -7.2198
637 30.7943 -7.67027
638 31.7102 -8.29477
639 30.9696 -7.32193
640 30.0537 -7.70686
641 29.7942 -6.75528
642 28.8346 -6.97744
643 29.4444 -6.12419
644 28.4916 -5.19758
645 27.5529 -4.43211
646 26.7466 -3.4463
647 27.673 -4.25826
648 26.926 -5.24983
649 25.9978 -4.46767
650 25.9307 -5.25269
651 25.244 -6.24062
652 24.6083 -7.22011
653 23.6191 -7.5415
654 24.6145 -7.10418
655 25.4114 -7.76699
656 25.6684 -6.86966
657 26.6668 -7.86357
658 26.0247 -7.83084
659 26.6389 -8.35932
660 25.6768 -8.04529
661 24.8594 -7.06681
662 25.6902 -7.77627
663 26.6471 -8.09335
664 27.1773 -7.96183
665 26.9349 -8.96179
666 27.5973 -9.59624
667 27.3096 -10.4873
668 26.3104 -11.0968
669 26.3479 -11.8756
670 26.9545 -12.8692
671 26.7465 -12.0281
672 25.7573 -12.4344
673 26.1418 -12.6178
674 25.2149 -13.3075
675 25.4555 -12.3153
676 26.3473 -11.3191
677 25.3744 -10.3287
678 24.5316 -11.0597
679 24.2883 -11.197
680 23.3601 -10.3954
681 23.2316 -11.3631
682 24.1856 -10.8635
683 24.834 -11.3912
684 25.3743 -11.1904
685 25.9068 -10.8639
686 26.8207 -11.2264
687 27.8114 -12.0803
688 27.0142 -12.5796
689 28.014 -12.0207
690 28.3194 -11.0286
691 28.0831 -11.4702
692 27.2291 -10.8772
693 26.4751 -10.3643
694 26.8058 -10.0275
695 26.7666 -10.4
696 26.2011 -11.0147
697 26.9516 -10.3981
698 27.9484 -9.91128
699 27.317 -10.6592
700 28.2707 -10.8178
701 29.2438 -11.5507
702 30.1284 -12.4817
703 30.9534 -11.5185
704 29.9558 -12.3076
705 30.0043 -11.3662
706 30.7325 -11.2565
707 31.0083 -11.9477
708 32.0038 -10.9576
709 31.6162 -10.9897
710 32.2529 -10.4641
711 31.648 -9.61447
712 31.5954 -9.04822
713 32.4845 -9.09405
714 33.2128 -9.8683
715 34.1993 -10.5712
716 34.9787 -11.2285
717 35.9781 -11.565
718 36.4078 -12.5533
719 35.4437 -11.6204
720 34.9027 -12.5525
721 35.208 -12.5112
722 35.5973 -11.585
723 35.953 -12.5758
724 35.0846 -11.5771
725 35.0494 -12.4712
726 34.5907 -13.2308
727 35.5875 -12.622
728 35.4984 -12.9289
729 36.4768 -13.8069
730 36.3617 -12.8474
731 37.1972 -12.6485
732 36.8549 -12.2725
733 37.7645 -12.2813
734 38.6954 -13.0203
735 39.6224 -13.0116
736 38.7283 -12.0118
737 39.694 -11.2622
738 39.2873 -10.7272
739 39.0365 -10.3046
740 38.9072 -10.5807
741 39.7965 -11.5494
742 40.687 -12.4679
743 40.6491 -11.7251
744 41.5166 -12.7246
745 42.3261 -12.8728
746 42.7727 -12.2632
747 42.3872 -11.9372
748 41.4098 -12.1745
749 42.0452 -12.1471
750 41.2794 -12.9591
751 41.7292 -11.9797
752 40.9723 -11.9701
753 41.6961 -12.1804
754 41.848 -12.5012
755 42.5818 -11.5843
756 42.4084 -11.898
757 43.3578 -11.1272
758 44.0033 -10.2797
759 44.596 -10.9653
760 45.3899 -11.7973
761 44.9472 -10.8569
762 45.7963 -11.7489
763 44.8234 -12.7436
764 45.1977 -12.3839
765 44.4722 -13.2759
766 45.0857 -13.6708
767 45.5157 -13.0887
768 46.5149 -12.4916
769 45.6174 -12.74
770 46.4226 -13.623
771 47.3396 -13.0613
772 47.332 -12.1471
773 48.1209 -11.1887
774 48.6591 -10.1917
775 48.4033 -10.0809
776 47.49 -11.031
777 48.4572 -10.224
778 48.7949 -10.9194
779 48.1671 -10.5184
780 47.898 -11.1573
781 48.8844 -12.1034
782 48.7505 -11.5307
783 49.2737 -10.7366
784 50.1363 -11.2587
785 49.2736 -11.671
786 48.4837 -10.735
787 49.4729 -11.6014
788 50.0393 -12.5513
789 50.1109 -13.348
790 51.1025 -13.0984
791 52.1024 -12.2191
792 51.1651 -13.0546
793 52.1409 -13.3362
794 52.5009 -14.2654
795 51.5891 -14.8146
796 51.321 -14.8256
797 52.2816 -15.1642
798 52.015 -15.922
799 51.5337 -15.0992
800 50.5463 -14.0994
801 50.8951 -14.8891
802 51.3852 -14.9998
803 52.3246 -14.029
804 53.2686 -14.5512
805 52.6416 -13.5517
806 53.1914 -14.3077
807 52.4845 -14.2769
808 53.437 -14.6954
809 54.1227 -13.7183
810 55.1164 -14.0591
811 55.8607 -14.3146
812 55.8937 -13.8273
813 56.3012 -14.4364
814 57.0569 -14.7636
815 56.2257 -13.9124
816 57.2246 -14.6351
817 57.9266 -13.6384
818 58.6194 -14.0587
819 58.9504 -14.9445
820 58.0254 -14.3647
821 58.6111 -13.4322
822 57.6521 -13.9875
823 58.0921 -14.5001
824 57.7198 -14.2987
825 58.2861 -13.3912
826 58.5162 -12.768
827 59.1718 -11.904
828 60.1559 -12.2096
829 61.0374 -11.4725
830 61.4031 -11.7484
831 61.4191 -10.7709
832 61.0858 -11.6924
833 61.4573 -11.0012
834 62.3677 -11.1426
835 63.3464 -10.8147
836 62.4235 -9.82168
837 63.0111 -9.40705
838 62.4837 -9.63272
839 62.6257 -9.07509
840 63.0999 -8.11711
841 62.2884 -7.26937
842 61.2897 -6.82495
843 62.1859 -7.12469
844 61.4557 -8.11065
845 60.947 -8.47987
846 60.3119 -9.29078
847 59.5947 -9.02315
848 59.7129 -10.0012
849 59.3322 -9.00265
850 58.3479 -8.08353
851 58.7181 -7.60302
852 57.8201 -6.78491
853 58.5968 -6.44308
854 59.0838 -7.30866
855 59.9414 -6.32357
856 58.9604 -7.16427
857 59.2206 -7.35953
858 58.4726 -7.96827
859 57.742 -8.44699
860 57.3658 -9.35995
861 56.9459 -10.2955
862 57.9212 -11.2217
863 57.5504 -12.1365
864 57.8793 -11.2559
865 58.8398 -10.5738
866 57.9551 -10.5235
867 57.3357 -10.2519
868 56.4461 -9.41594
869 55.7533 -8.45323
870 55.9901 -9.25663
871 55.611 -9.78347
872 55.3391 -8.96226
873 54.41 -8.20349
874 53.4728 -7.20593
875 52.611 -6.26267
876 52.0725 -5.31231
877 51.8523 -4.94446
878 52.8096 -4.55179
879 53.8067 -3.55381
880 54.6595 -4.47197
881 53.7485 -3.47219
882 52.7507 -3.09666
883 53.6817 -3.06322
884 53.525 -3.13181
885 53.4644 -2.32035
886 53.1646 -1.67634
887 52.1753 -2.14839
888 51.3422 -2.21637
889 52.2976 -3.01023
890 52.8528 -2.73085
891 52.6516 -2.08567
892 52.4732 -1.6595
893 52.614 -1.70822
894 52.4 -0.926024
895 51.5296 -0.866134
896 52.5074 -1.81535
897 51.6213 -1.72246
898 51.9318 -0.794753
899 52.9236 -1.55332
900 51.929 -2.4981
901 50.9803 -3.25274
902 50.386 -4.23556
903 50.4855 -4.26064
904 50.0308 -4.72346
905 49.7543 -4.28919
906 48.9558 -5.28726
907 49.888 -6.20214
908 50.7142 -6.71026
909 49.879 -7.23694
910 49.1746 -6.24449
911 50.072 -5.62558
912 49.2163 -5.20168
913 48.7094 -5.985
914 47.8415 -6.93766
915 48.7509 -6.17771
916 49.7304 -5.29817
917 48.8028 -5.23571
918 49.7915 -5.36145
919 49.3608 -5.41839
920 48.6308 -4.86098
921 48.6011 -5.47497
922 48.4911 -4.48866
923 47.6897 -4.79855
924 46.7299 -3.79859
925 46.5736 -3.22775
926 47.5536 -4.22771
927 48.3661 -4.8353
928 48.3615 -5.3
929 48.3393 -5.24237
930 49.2555 -4.49152
931 48.272 -4.6029
932 48.0555 -5.53347
933 47.1118 -4.75371
934 46.1884 -4.40899
935 46.8327 -3.73169
936 46.2162 -4.32304
937 46.3552 -5.31218
938 47.086 -6.30564
939 46.0862 -7.1713
940 47.0285 -6.42214
941 46.2065 -6.83373
942 46.4758 -7.79988
943 47.4708 -7.72635
944 46.5139 -8.54699
945 46.2572 -9.54266
946 45.3514 -10.0262
947 44.4129 -10.9326
948 45.1872 -11.8973
949 45.9325 -12.8877
950 45.1731 -11.9273
951 45.9716 -11.868
952 46.722 -12.5113
953 45.8021 -13.2009
954 46.3156 -14.1976
955 46.3032 -14.909
956 45.9758 -15.1712
957 44.9759 -16.1631
958 44.3688 -15.7783
959 43.5124 -15.8608
960 42.7138 -16.0781
961 42.856 -15.5338
962 41.858 -14.6919
963 41.994 -13.7074
964 41.1535 -14.3026
965 40.2436 -13.3198
966 39.6337 -12.3488
967 39.0148 -11.5895
968 39.9699 -10.6489
969 39.4139 -10.553
970 40.1271 -11.2597
971 41.0148 -12.1595
972 40.0969 -11.341
973 40.145 -11.6772
974 40.5145 -12.5065
975 39.6072 -13.0351
976 40.6008 -14.0329
977 39.6013 -13.1649
978 40.6006 -13.6508
979 39.8285 -12.6932
980 38.9634 -12.3683
981 39.0449 -13.3329
982 38.5866 -12.9124
983 39.2893 -12.1246
984 39.3811 -11.428
985 40.262 -11.8812
986 41.2504 -10.8886
987 42.1911 -11.887
988 42.9401 -11.3434
989 42.4667 -11.7573
990 41.7154 -10.8699
991 40.9787 -10.9421
992 40.1626 -11.7544
993 39.1626 -11.1222
994 39.229 -12.0695
995 38.8719 -12.9983
996 38.9535 -12.3398
997 37.954 -11.7405
998 37.8862 -10.7584
999 36.9391 -9.84211
1000 36.1662 -10.4598
