# (1) STAR POSITIONS		MASSES
-28.9645  -1.1534  0.775732  6.75335
-29.6008  -0.944213  0.927711  56.414
-27.8729  -0.897168  14.5419  60.8645
-35.922  -0.430995  1.59039  47.1743
-30.0761  -0.296068  0.329237  22.5808
-36.6924  -1.31912  2.86677  6.91641
-40.8232  3.04124  -4.43867  145.486
-15.269  11.7711  -18.5323  24.8881
-39.2531  7.11085  3.00687  11.9582
-51.0525  -8.48741  6.95869  46.6545
-34.288  -3.89436  26.4782  58.0043
-29.4083  -0.0410455  0.307454  36.5997
-44.6573  19.2248  2.35775  128.379
-19.0027  20.4877  13.7944  15.7384
-15.1104  3.39243  -4.58665  42.8326
-11.8929  -16.542  3.62052  128.335
-50.5737  4.91303  2.89616  31.8132
-37.1377  -10.7028  6.02027  82.068
-7.31349  0.766077  -4.26788  86.179
-23.7851  -21.2614  18.9774  85.3586
-18.1756  3.44527  5.22958  82.3032
-28.1918  -12.092  26.2527  14.8701
-36.6215  3.21024  -11.078  41.3692
-27.9702  1.27885  -7.99354  50.4972
-42.527  -1.03709  -15.2302  42.0642
-21.4155  4.82769  7.65198  87.8348
-35.4354  4.8246  6.47492  112.054
-37.599  -3.95818  -0.486621  93.0353
-32.0558  1.19924  -6.4134  71.6633
-40.7555  -1.96665  21.6373  57.8117
-30.3366  0.0457446  -0.889433  123.667
-28.8182  -8.30113  4.27609  55.086
-30.9164  1.75951  4.13642  5.17806
-26.4666  -2.2405  -5.22337  110.199
-38.3372  14.4928  4.73502  125.975
-32.1579  1.43902  0.732967  147.039
-28.0201  -5.42566  -3.66691  104.967
-26.0429  -1.32556  4.40152  79.372
-33.6127  0.982208  0.0587957  125.448
-25.059  -11.2399  -4.79018  25.7012
-42.0249  -14.1659  -13.5678  60.811
-29.4899  -3.53995  1.14342  39.6956
-16.3925  -17.3623  -4.60432  103.93
-34.7409  12.7079  -21.8276  62.86
-28.7672  -4.83505  18.9182  139.097
-24.1438  10.0634  11.5392  7.05411
-23.9244  4.42282  5.96347  103.322
-45.1757  -14.4527  -5.39429  101.799
-30.3187  -0.333764  0.288439  96.2004
-11.9618  -2.10405  -2.9173  60.4471
-35.3017  -4.1577  0.678736  38.279
-26.6961  -12.4676  -4.56563  107.957
-25.5184  -1.06526  2.09093  43.5673
-31.2531  -1.25717  10.2591  102.524
-30.6498  -0.492716  0.502763  84.1404
-18.7793  22.5439  14.9302  41.2329
-38.8552  5.83524  9.4328  54.8143
-23.7531  10.5631  -12.4104  26.5249
-11.7214  0.135171  1.99411  4.28678
-25.2834  -3.55504  4.76631  60.4613
-30.0153  -0.00482729  -0.00640585  34.6755
-25.8378  -6.0431  0.246082  148.285
-31.3821  5.85805  8.03307  12.5064
-12.2757  19.2097  10.8829  7.31651
-26.8816  -8.69071  -1.53696  102.157
-12.1682  11.5313  17.8856  112.825
-35.9325  -14.9143  3.6572  28.1472
-42.8376  6.85846  -8.18488  139.311
-17.2962  -22.7967  -6.2496  134.098
-22.2765  23.7505  -10.7939  19.1984
-30.0145  -0.0134104  0.00534707  93.4572
-29.1726  -4.24512  1.55626  74.2861
-31.1437  -4.59989  -2.13528  130.435
-30.3273  3.04801  -1.52293  7.37063
-46.6432  6.3618  -11.8711  16.9889
-38.2218  -15.0069  -10.5407  53.28
-26.6158  1.16306  9.9825  47.7082
-43.0837  2.89527  -5.34348  146.816
-28.1615  -5.84238  1.10495  84.7769
-24.536  0.277426  15.2166  63.1985
-25.3088  -11.1844  -18.3074  2.3099
-12.2486  -11.1989  -0.140588  86.0011
-28.8743  1.33468  1.4338  6.22692
-11.417  -4.28114  -15.9005  7.14419
-31.9022  8.64554  -21.3925  99.6188
-30.2967  0.350166  -0.495738  57.5984
-11.3573  4.11037  0.8611  5.63425
-26.2381  21.9106  12.5111  111.575
-14.6114  -5.76277  5.04562  26.2529
-8.13325  0.216548  -19.1586  23.9599
-18.7559  6.47093  -13.2211  26.1305
-42.5011  4.74822  0.0855822  73.9286
-27.6552  -2.95612  8.92002  91.6394
-32.2204  8.43214  7.32596  132
-25.9447  2.26257  -3.50793  142.363
-23.2711  9.49132  -5.86759  129.583
-34.4071  10.6302  9.35624  56.5001
-30.6068  1.69293  1.14123  145.043
-45.682  12.1986  -12.9861  127.087
-33.5975  9.15741  -1.69413  148.285
-29.8721  4.09899  -18.7094  93.03
-21.6177  8.27232  -4.06918  126.631
-34.0539  0.687398  -6.99894  98.1791
-28.8856  0.15675  3.80148  29.6844
-33.9885  -11.4078  3.76288  103.356
-55.188  -8.51177  3.94239  66.1166
-31.6893  -17.741  -4.96172  46.7551
-36.9579  -10.6327  21.559  60.1028
-27.1877  -5.87391  12.4198  83.5937
-25.7081  2.85436  -3.5558  134.679
-31.2175  9.85219  7.48904  17.9553
-21.4703  21.3644  0.419412  76.4973
-26.2031  4.00562  17.9537  26.0654
-44.728  18.4819  -1.88525  22.0435
-18.8079  6.88715  19.1477  34.1387
-32.7753  8.38633  -1.07591  10.412
-39.588  -9.06714  13.4487  87.8095
-46.5488  -22.3543  7.91884  82.6164
-21.0925  -4.51442  -6.79932  61.8894
-30.3687  -0.349694  -1.12381  111.604
-13.3653  -10.7923  19.052  46.1696
-11.1235  -11.6016  10.8835  45.81
-30.0262  -4.60714  -0.461013  47.0324
-33.6361  -19.199  -11.0069  61.0237
-28.4704  19.6116  -0.160068  111.835
-39.348  -2.0623  21.9415  98.2672
-29.61  2.25433  1.21417  24.9301
-20.1404  -13.3084  6.22975  6.68851
-47.2461  -19.7183  10.2809  122.224
-21.5335  4.82417  -22.2902  99.9659
-25.1238  2.63729  -0.438515  56.3555
-28.6246  6.61429  -5.3666  94.6563
-20.7535  10.0294  12.1804  144.335
-36.0857  8.5098  2.57637  123.762
-29.7555  -0.0969499  28.6949  117.758
-17.9036  6.67616  -1.36364  125.726
-36.5269  -16.6308  3.98834  65.405
-23.2557  15.9422  8.25823  109.338
-7.02356  -7.52854  4.77094  88.5339
-32.1538  -10.2939  -5.14584  91.5295
-14.4199  2.69546  -1.08693  71.699
-38.043  4.75355  5.11396  29.5526
-28.0016  4.01418  -3.10662  77.3835
-18.2516  -3.18997  -3.67246  148.444
-27.1307  -1.81758  -2.65774  45.462
-46.7218  -0.677457  -4.90441  122.889
-24.2606  8.82048  -3.07531  14.8579
-31.5706  2.10536  -0.969256  123.552
-30.1582  -0.569073  0.367889  129.787
-23.5045  -0.186405  14.737  149.671
-5.46972  -7.7297  -7.01637  117.06
-32.4365  2.8966  -3.47672  13.9449
-42.5925  17.8038  -16.865  13.6088
-35.9842  3.07965  7.85251  59.5311
-35.3203  4.80154  -5.45666  124.121
-14.0801  -0.952466  23.5959  148.304
-31.8218  3.99023  -13.1772  132.438
-34.1569  -4.79032  13.6877  42.2088
-17.0264  -15.9151  3.7145  135.192
-5.53809  3.94759  9.56172  45.2297
-22.1068  -23.8789  -0.992147  141.323
-26.2227  0.569854  -12.2632  4.22707
-30.5457  -0.154521  0.712254  5.8242
-29.9784  9.8604  -14.3895  146.509
-30.9358  0.831668  -3.9325  48.5093
-21.8814  -20.3195  12.3944  100.058
-23.5645  22.0693  17.8511  140.793
-35.4347  10.9382  1.47091  40.3825
-36.1891  11.1292  -11.2264  83.6429
-28.1105  0.548049  1.1422  135.722
-42.8944  -22.7994  1.52875  26.3309
-29.9464  18.871  12.8496  43.1059
-10.8563  -4.50979  -6.83722  145.781
-16.1276  -1.50367  -11.9468  83.3526
-26.8054  4.67398  -28.0572  52.2172
-28.8243  -24.5851  -8.76523  144.852
-30.7323  9.00922  -1.70592  64.3865
-25.1613  16.7079  9.94761  65.8667
-50.1705  -12.3523  -6.0979  88.5474
-32.4237  1.09215  0.175645  70.3634
-29.8381  -0.12152  0.064201  84.0692
-29.7426  -1.46799  -2.46897  35.2122
-6.56436  -0.774173  4.60123  22.515
-25.1418  -8.62131  15.4993  83.6401
-19.2877  9.19351  8.6044  70.318
-15.1258  16.1614  7.53362  54.6262
-18.9941  -2.20981  1.82178  8.03154
-24.9468  10.3017  14.6724  90.748
-27.6013  -6.63103  12.8724  31.4047
-10.5798  10.835  -4.22861  67.8809
-40.3265  -16.2082  3.72858  82.6309
-29.2445  -0.372864  -0.273022  107.738
-37.2588  -4.72635  -6.55956  97.0787
-38.1458  1.56311  -5.58842  22.0366
-36.5945  11.01  14.8608  30.8416
-31.4096  -3.38727  -1.4789  16.9314
-39.7571  8.7458  14.6711  89.6482
-31.3125  -1.80002  -1.8658  103.606
-27.8797  4.72794  8.56419  40.0005
-32.2871  -1.83239  2.18999  35.3417
-29.8655  6.2758  13.2316  43.2713
-24.9738  6.83464  -12.546  129.63
-17.7725  -12.8874  -11.5968  139.474
-30.3471  -2.60753  -3.85114  138.926
-30.0725  -14.3343  -7.20617  72.363
-21.1045  10.5179  -21.3672  136.182
-33.3293  -15.3668  -5.07607  48.7236
-41.4837  6.74147  7.01177  1.78223
-44.4714  7.64617  -13.3591  141.358
-34.742  16.8737  -8.63271  95.6069
-17.6238  -16.0148  10.8993  2.37369
-28.8528  12.7599  -6.67959  59.8687
-23.668  -4.79122  0.428904  94.7548
-31.7986  1.59671  2.56259  130.951
-26.2474  14.4071  -7.80161  125.005
-30.0169  -0.0649327  0.170786  16.1195
-19.9687  6.13583  -1.99959  84.0543
-19.0431  -11.4774  -13.3402  100.866
-32.3674  -6.07436  -3.69949  95.2632
-38.9836  -4.22288  -7.93025  145.404
-20.2374  -3.2649  26.0387  90.9273
-34.7963  10.228  -21.8458  40.6977
-29.964  -0.378673  -0.0947797  144.424
-33.419  1.86177  -2.65477  123.602
-30.9287  -0.836329  14.4968  109.665
-16.6696  -14.5748  -0.425642  67.3841
-35.8517  1.38783  0.0290737  4.37104
-48.0637  19.82  -1.69545  23.5163
-34.7475  -7.3248  -7.98413  144.635
-24.7105  -0.401905  13.5393  97.3567
-29.635  0.15059  0.125593  60.8162
-28.4651  -7.68136  6.4348  54.5619
-21.9839  -3.43722  1.63353  66.7728
-47.1993  -7.3641  -13.5877  16.8374
-17.2487  -1.00126  23.3011  3.13777
-32.0589  2.58963  -3.67161  13.9081
-36.2413  -10.7734  6.28889  100.632
-18.2727  -12.9651  -19.3166  142.686
-13.4807  13.9717  -12.0527  107.138
-10.0811  12.9779  5.16899  7.3993
-31.5379  1.01226  0.718535  96.9354
-42.727  12.0071  -3.28226  19.8464
-31.0676  5.08245  -4.72008  47.5325
-30.9312  1.20128  0.0490617  63.7821
-28.4972  11.5826  9.81536  68.627
-24.7893  -0.090165  -9.53528  115.627
-23.9167  -3.35973  5.68806  35.1304
-45.0065  4.40522  -3.16453  108.02
-34.3037  -2.76266  -0.122281  50.4975
-30.215  -1.03836  0.751904  70.7188
-33.5247  8.6162  -7.34836  14.8115
-26.2255  -10.2314  -0.595327  25.4766
-30.1826  -0.166073  -0.379937  134.22
-31.293  3.03029  2.15911  109.408
-56.8918  11.247  -1.84128  105.895
-26.5359  2.78616  0.520922  60.5318
-34.5038  2.28826  -1.11322  98.3031
-38.0942  14.9567  -22.7986  145.637
-29.8958  -2.21281  1.30558  137.343
-31.804  -11.5588  -7.75757  97.4884
-21.5221  2.08676  5.48565  110.09
-25.4854  2.56058  3.21966  56.111
-52.5812  10.4654  -7.82832  56.1755
-47.384  -4.47518  -1.84518  145.547
-31.8761  -0.826377  -5.06504  95.034
-20.1326  -11.2313  -15.3051  69.341
-42.1541  2.52456  -0.95142  143.528
-29.989  -0.742918  -1.27773  99.8816
-25.1052  -6.5397  -5.0831  124.047
-35.9752  3.91112  -7.76778  110.339
-35.2751  -7.25846  -2.87818  3.6441
-22.2085  -2.23119  6.33875  33.2293
-55.4484  4.22149  9.3223  121.053
-38.2086  -2.8555  4.07709  18.5083
-10.9476  4.38971  8.20971  60.3664
-29.2827  3.45907  13.8034  70.986
-6.17851  -8.08666  8.49124  98.8924
-44.3288  0.341165  -9.97275  47.3936
-20.1854  -13.5712  -9.1014  66.377
-23.8542  -4.52448  -10.7493  50.6081
-32.6641  0.76273  -4.65235  143.022
-32.5812  9.89949  5.96455  147.238
-28.1624  -4.55856  7.94166  6.83341
-37.4484  -9.44604  8.46051  46.1066
-41.2147  0.713117  6.78969  1.37883
-39.2368  -5.44317  -0.273627  79.377
-26.9865  -1.67491  9.14144  117.458
-20.9459  -4.57231  -14.2707  78.8087
-24.9801  10.3277  -1.00633  81.7033
-22.7393  -7.22962  -8.6961  4.28673
-44.2134  12.8412  -0.799325  48.9739
-15.2221  -0.691316  -1.80879  106.215
-27.3614  -9.36511  27.9463  117.343
-36.0665  7.45911  3.3008  129.488
-36.0574  0.570998  1.97973  83.7352
-22.9773  7.10995  -10.2322  35.5975
-23.7397  21.8635  -13.2598  50.7021
-36.9067  -11.2872  -11.7313  40.0127
-41.5187  12.4299  4.81403  93.9618
-27.1323  5.75583  1.0743  8.25114
-25.3674  -5.66346  15.8338  68.8926
-21.3804  7.60462  5.80559  122.404
-21.6003  -1.46942  7.10467  59.7226
-29.5666  0.242683  -0.186852  32.0855
-14.2285  -15.9291  -8.70208  112.514
-31.9062  -0.530858  -0.741484  51.8008
-24.4012  0.363382  0.790072  0.823918
-24.7357  -2.5971  -2.94712  48.2621
-6.67762  12.783  5.87081  116.31
-23.5442  -0.155805  -3.95165  64.566
-19.833  23.6886  -4.46309  37.4595
-35.3365  2.34145  -7.8822  55.0442
-31.526  7.80388  0.00606492  36.5732
-15.7183  -12.8441  18.8339  99.159
-24.1275  -18.7243  7.20972  85.0904
-15.5808  1.26504  -6.39182  51.5999
-27.725  -2.89645  -6.31037  93.5691
-32.2202  26.3532  1.07763  103.915
-25.9159  0.12567  -1.78701  54.8168
-34.0542  -19.6775  13.837  46.0697
-38.1737  9.17068  1.92053  145.06
-28.8387  -1.08306  -14.677  111.09
-17.8191  -1.10119  1.96005  49.805
-19.9946  3.93408  -6.30394  68.8461
-30.2586  3.09912  -8.41657  12.1522
-21.395  -16.6149  -7.83448  48.6405
-26.7779  -6.89837  -12.3483  48.2792
-35.194  5.04361  -3.5256  30.7861
-27.3267  -0.425268  2.2929  60.5229
-36.8082  -23.9444  -15.0857  91.8315
-41.4046  2.2275  -0.798981  102.61
-29.1703  -3.0189  11.4317  113.473
-47.7651  -9.27677  9.26547  89.5343
-19.9816  5.20356  -6.60371  71.825
-28.1566  -7.79133  -3.3073  43.6304
-21.196  4.0843  -2.80865  83.4048
-44.4414  8.75753  -8.26235  67.9152
-26.3462  -8.51481  28.4009  35.0895
-20.3831  9.10809  -14.7454  90.011
-42.4286  -1.37205  7.45386  130.529
-34.5278  10.98  -2.61299  38.4567
-31.5563  -0.109223  25.3273  114.986
-28.982  -0.198741  -0.494149  147.226
-34.9949  16.8065  10.1617  48.7569
-42.9967  15.4761  -0.34151  121.907
-18.0958  -8.22319  0.446962  88.9594
-22.8063  20.3059  18.4398  47.9208
-12.0751  -20.9247  8.07393  85.8441
-40.894  -2.35926  -12.8067  116.788
-32.3346  -3.19389  4.31272  77.4175
-27.3664  -6.71283  0.174495  148.153
-32.3083  12.8679  -15.4053  131.883
-28.597  0.770456  -0.986981  148.336
-25.7972  12.9449  5.28074  147.357
-22.2993  -0.50695  18.5963  77.7032
-59.2202  0.724438  5.18937  40.8376
-45.2751  2.8145  -2.46393  117.458
-42.3038  13.7137  15.5415  93.9575
-34.981  15.1251  1.70823  108.558
-39.538  -9.50994  17.8827  23.4077
-34.5436  -4.6813  -23.8131  63.9118
-13.5154  4.3545  6.42525  8.45035
-51.4886  17.076  -7.64521  138.14
-57.3352  6.6034  9.37019  133.1
-22.9924  0.742035  -5.27542  47.1263
-21.4812  -0.964572  -4.13722  77.7951
-39.3944  -3.55531  -25.7303  125.747
-9.88455  -17.0762  12.1329  60.7458
-35.5628  15.0079  1.56873  99.7349
-29.9261  0.0593876  -0.0913426  107.79
-40.9331  1.29576  -8.72573  133.084
-14.1863  14.0944  5.90084  68.8374
-44.9808  8.85169  -24.0523  43.3873
-29.949  4.1439  -0.458059  87.7507
-33.0056  5.86648  -5.89383  109.872
-32.538  0.87307  3.21548  7.65888
-26.7344  -11.7413  -1.7618  50.4275
-22.2741  8.57356  20.5008  98.6196
-34.6613  -11.396  -4.37009  113.492
-30.1657  1.01553  -0.322084  40.171
-48.1619  13.2357  -5.82739  136.452
-28.3621  -12.6724  16.3203  47.5491
-30.3461  22.4623  7.22738  114.572
-36.4056  6.95777  -1.56722  15.3569
-31.9313  3.37573  -1.3697  147.593
-58.1567  1.12216  9.55716  24.6384
-43.9841  -3.37915  8.26663  99.0823
-29.4209  4.95129  2.22724  41.1019
-29.2743  5.96413  -1.97358  64.88
-39.6944  6.50592  -27.567  110.507
-30.9613  -0.123354  -0.0552877  129.318
-20.6516  -4.03499  -4.64807  121.154
-17.5178  4.50014  5.28319  78.5069
-31.0428  -23.0067  3.06002  49.8477
-30.4891  7.04227  -15.0524  5.5114
-33.4456  -1.73921  -1.10645  11.652
-53.0607  5.46052  15.1835  140.52
-29.9547  -5.75046  -1.36816  15.2505
-33.9801  -5.57292  4.41107  75.5443
-33.9113  1.54564  4.65037  42.6997
-15.9403  -22.3964  6.10398  8.84254
-22.1204  -4.36931  10.2504  24.5307
-25.9391  -0.502034  -0.361867  45.7329
-36.824  -0.694686  3.89839  103.865
-17.6261  -8.75063  -6.08776  145.425
-28.7245  0.234532  0.984592  123.059
-26.8004  0.361166  5.18611  63.7183
-32.2542  -0.866198  1.06  3.9658
-30.4834  14.9125  -5.72286  66.3943
-32.5214  7.35591  2.47564  140.85
-33.5146  1.2867  -0.319097  11.5803
-33.9639  3.33302  5.73629  147.412
-16.8176  2.50274  -7.5022  130.567
-34.7708  1.71341  10.2359  76.737
-30.6861  -20.8774  9.72523  8.03559
-24.5713  18.8198  6.78437  69.5405
-8.55603  -10.1029  1.45398  109.12
-29.2262  11.6039  3.15989  61.0523
-39.3332  -4.89662  -6.50979  106.59
-41.7068  8.87598  -20.2338  96.5425
-29.9738  0.377747  0.648673  105.245
-41.6413  2.63775  0.498136  84.4717
-37.0099  12.1986  2.46319  47.259
-28.6621  4.42747  -15.4287  132.265
-28.8073  6.21571  1.58698  1.45464
-34.3151  -16.6857  -2.47056  89.3125
-42.9323  16.1467  0.920903  48.6809
-48.4967  11.4355  18.2561  43.5413
-38.9074  1.03473  -4.18529  73.124
-45.2488  9.79446  -0.985476  26.0452
-41.3598  4.3173  -12.9262  63.9354
-44.5064  20.1241  -1.79049  46.9626
-42.0934  23.352  -6.1594  130.679
-35.2064  2.67912  0.880082  135.342
-29.9835  -3.28767  -0.596558  14.5111
-35.7246  -9.40948  1.1625  50.6754
-35.0508  2.35362  4.25432  44.8471
-38.1931  12.4611  -6.13311  128.421
-27.9485  -3.16889  10.1532  39.2936
-48.919  -11.1917  15.7066  44.3643
-15.484  -3.29213  22.8071  118.225
-32.4304  0.258678  -2.50006  134.524
-51.8765  -17.2214  -5.10564  45.1338
-48.7748  -10.8322  6.52459  4.89522
-26.2728  -1.02745  1.40943  59.7124
-30.2114  0.282379  -0.0557014  76.2132
-45.2389  -8.90284  4.41529  21.0562
-27.3053  -1.39948  -0.98714  112.356
-33.1762  2.5264  -4.00225  37.6015
-12.1212  -7.26753  -9.76431  93.0164
-43.4751  -8.17496  -19.4766  87.0102
-21.0794  -17.4085  -3.01032  30.2178
-42.7905  -19.1727  9.45113  39.3663
-14.2109  9.19542  22.3369  112.82
-20.7197  -1.51864  -1.62551  29.6862
-35.6487  -3.64702  5.3632  74.3971
-26.8037  0.211199  2.7481  67.6778
-8.17774  3.76441  4.78905  96.5135
-37.195  15.7355  9.56275  122.957
-39.9078  -3.34712  -8.62625  10.8306
-30.4038  1.31867  0.371429  119.464
-34.797  -25.0795  -4.66626  143.052
-21.274  -9.01565  5.17113  6.23699
-52.7835  4.06096  -5.25386  59.3208
-27.3347  -2.78646  -0.547079  91.3552
-37.1894  11.5471  2.59336  142.611
-7.52303  4.7512  -15.3745  66.7504
-42.0619  -3.55832  10.9784  107.978
-38.2066  3.26597  -13.1546  73.706
-35.7213  -0.888717  -28.5235  70.9802
-44.5961  22.1055  -4.36331  4.98385
-41.998  4.41766  8.90699  72.2792
-40.2428  25.8292  -0.768191  112.664
-28.6096  -4.74857  6.54591  117.07
-16.6957  4.35461  -4.00839  10.3595
-33.4357  0.707874  2.42135  88.1414
-29.0629  0.244589  0.864674  80.1165
-32.1315  -1.59665  1.29554  135.861
-41.293  -4.22314  11.1926  60.3775
-40.9462  -0.75015  9.64411  134.322
-30.1342  0.0603875  -0.209131  144.584
-2.67198  2.11319  -6.63901  138.62
-53.3956  6.91381  -4.28276  34.1358
-30.2763  -1.22989  1.48428  114.386
-36.7886  -13.7645  4.88661  29.8419
-36.4022  -7.25738  18.9061  139.971
-31.4533  21.0334  2.51324  52.0909
-29.3824  -1.42193  1.51988  137.479
-36.4856  -1.06361  -5.99541  96.3761
-36.1881  4.74984  9.46575  97.9022
-33.4771  5.67348  -1.89927  51.2605
-24.3749  -16.6992  12.2422  101.55
-25.48  0.909717  -2.74408  129.694
-26.6509  1.65735  -2.17373  148.44
-21.1159  -1.6889  -2.63752  62.0129
-36.4484  -6.79097  -4.8283  133.297
-39.8568  4.56044  23.6231  33.4234
-29.6441  2.20436  1.68928  45.0611
-24.6086  -2.31891  -5.73785  21.8228
-20.3823  0.113225  1.59316  28.1445
-52.2388  -3.68062  1.24293  23.5407
-39.6514  -4.28276  -15.2071  74.2096
-32.5666  2.54701  8.97813  116.488
-33.7605  16.4101  -15.0354  59.4912
-39.4707  -15.045  9.58429  41.053
-22.0281  -3.57301  -0.259385  121.072
-17.5473  -7.27789  -4.75526  86.5938
-25.7569  5.30898  6.06698  148.995
-34.9  1.6739  10.4623  77.5446
-33.9965  9.56515  3.36188  79.114
-29.9629  2.168  8.35432  68.4088
-34.2501  -17.9684  10.4896  87.812
-37.206  1.24746  -3.19727  85.488
-21.3754  -7.16878  10.305  145.897
-12.7765  -0.885717  10.8129  81.3541
-22.2714  -2.6023  0.169493  121.683
-34.8162  -2.92021  3.48544  79.6171
-44.3305  -0.328753  -17.1213  134.202
-37.2949  7.30292  -0.593941  15.9198
-28.058  -10.1059  27.8109  25.7807
-32.5527  12.0016  24.2173  142.009
-26.4026  3.67794  5.95363  137.7
-15.9419  -11.0125  -18.3158  144.04
-22.1002  14.3884  11.0186  95.3363
-30.5008  1.40045  -0.538206  134.813
-16.6339  13.1624  6.21023  39.883
-29.0125  -1.94947  0.778601  124.036
-28.9985  0.423887  0.38016  37.2104
-33.1305  -5.99852  -8.46392  50.5648
-31.2385  -14.8075  12.0753  54.501
-35.608  -3.3444  15.7459  47.992
-29.4594  -0.245132  0.197396  11.7308
-12.0923  6.91583  -3.70911  115.725
-14.711  5.41635  -8.42423  94.7129
-25.2901  -0.422783  6.7707  48.8375
-14.8026  -16.761  10.5171  112.353
-29.0824  -1.28691  -0.22166  52.4644
-24.1719  0.14658  -8.40988  88.8326
-47.6811  12.2854  0.384577  33.2002
-30.2014  11.0199  -14.8907  104.457
-30.0008  -18.5792  -10.6827  91.7712
-30.7959  -1.9787  1.46729  111.658
-33.4256  -1.18559  -9.08317  118.657
-39.2296  5.41562  13.7237  8.6026
-34.0012  -25.4248  -14.686  30.9125
-28.9225  -4.56623  11.0708  96.7382
-30.4377  -0.320577  -0.177204  81.2012
-31.6136  -0.840925  7.84271  138.174
-29.9667  -0.0864616  0.368075  46.0587
-20.8839  13.6631  5.82117  31.0372
-33.0515  -20.5936  -19.2646  32.7793
-29.4898  0.21073  -0.350147  145.961
-27.3077  -3.53933  6.88522  83.0112
-22.8296  23.7762  5.98695  15.2197
-57.1549  0.2745  -2.1214  63.5922
-30.6968  0.713951  -1.9546  30.6394
-33.4735  -10.7325  -14.7117  85.8249
-31.8758  -4.44811  -15.628  132.944
-33.4282  -0.401377  -1.61321  15.6269
-29.7344  0.244376  0.027968  18.3963
-23.5588  8.12789  -19.379  148.45
-38.0658  20.4164  -7.49382  8.59884
-26.8131  6.79421  7.02683  105.607
-36.6988  3.4387  0.99401  112.257
-43.8704  -2.75772  -2.17225  3.20745
-32.4153  -24.8629  14.4221  1.39703
-23.548  6.90465  14.725  27.2211
-41.9168  -1.35114  -18.1683  69.3553
-26.3798  -6.53875  -8.5038  99.9362
-24.7639  12.8012  -25.5858  49.1392
-35.8321  8.72852  -4.76739  57.2473
-30.8496  1.72435  -3.20839  52.4511
-42.2944  -13.6521  21.8961  61.8761
-15.3335  11.5628  -18.1589  97.1854
-15.9827  -9.01498  4.01314  60.9039
-8.63095  -0.648831  -19.2938  95.9544
-30.4723  1.07378  5.90779  58.9856
-33.4694  -7.18182  3.66433  92.7117
-38.7746  -4.68714  -12.0868  52.1334
-28.0621  -0.50655  -0.607241  73.5491
-36.8837  2.84508  1.84973  115.794
-35.0086  -2.90281  -3.60932  116.388
-49.1894  13.497  -7.83149  52.8249
-31.6867  -23.6505  -4.25994  81.3414
-47.8562  9.77956  -18.7022  16.9898
-27.0023  -1.92372  4.98567  69.2695
-14.8717  -4.24824  -0.66546  144.032
-32.0835  2.06897  -9.02121  36.2476
-52.6997  -15.2068  9.59833  147.107
-47.6959  15.8867  11.9963  126.884
-40.6355  -1.12753  -1.85038  22.61
-35.8579  -6.79169  0.311629  68.3406
-25.7836  26.494  -8.99918  59.0176
-27.3923  -10.8212  -13.5906  148.424
-33.4985  1.75371  -1.55452  145.389
-30.2775  1.13718  -11.2658  19.9907
-28.7066  1.87001  -1.50491  64.3853
-29.278  2.93325  -2.26247  131.759
-30.4116  -2.93572  6.08493  43.3771
-27.1182  10.7171  -18.0101  10.2945
-3.61568  3.68634  5.01694  131.569
-30.2664  -1.05331  1.93996  32.9942
-26.9285  0.701214  5.7957  137.715
-27.0304  -2.84219  -0.585796  87.297
-31.2841  -6.56513  -7.66505  13.6166
-30.9623  -2.84087  8.51019  76.4517
-33.1297  -14.9731  13.3086  136.387
-28.4098  2.05186  14.4063  78.484
-12.7562  -4.26863  -14.3744  36.5104
-21.9522  -2.13659  -4.64626  49.0186
-47.2938  -8.14264  14.7732  72.2645
-11.9527  8.26779  -13.404  36.1838
-28.9241  -12.4977  -3.49523  21.061
-39.2139  -8.97947  -11.568  130.176
-30.9029  -2.4368  0.135086  108.087
-23.0614  2.99444  7.80242  108.153
-28.7047  -12.069  -2.81187  42.1554
-38.5129  -1.20252  11.8903  94.3933
-37.1133  -10.6782  -2.2544  9.1731
-35.4712  1.12401  2.78809  149.381
-27.0728  -4.29148  13.8967  123.725
-36.8456  -2.08018  -9.90626  49.1568
-8.80143  1.71927  -2.39177  40.6494
-40.2875  -6.29915  -2.38491  5.97467
-31.8503  1.23847  -10.3907  29.4242
-31.4795  0.0652365  5.81316  46.5121
-23.8301  -5.98789  3.13483  90.0557
-46.1002  0.12943  3.01014  46.9874
-22.8818  15.4231  -5.28336  130.372
-32.0969  15.855  -6.81646  8.03468
-42.9123  -3.30469  13.9543  23.2907
-28.8543  4.70342  19.2982  107.286
-20.9399  -22.8106  -5.05171  4.22734
-42.1778  -13.2372  -1.49979  102.052
-29.0915  -1.19782  2.10911  123.483
-20.5895  -12.331  -18.124  139.114
-8.72371  0.183168  -1.6105  16.1255
-28.7977  -0.410359  0.651198  11.3864
-43.089  1.34668  -12.7348  96.2207
-34.9957  -9.44085  8.58555  33.5714
-34.5862  -12.8363  7.36406  63.6553
-37.9566  26.5816  -4.34193  117.851
-30.0177  -0.0309304  -0.032988  143.32
-31.3385  0.445241  1.91032  3.34366
-32.179  10.6965  1.79345  62.3286
-36.2968  -10.0313  -12.4584  5.69655
-22.4331  26.871  2.87291  49.4808
-40.3678  -0.0212406  -5.26609  147.507
-26.5623  8.44592  -8.03141  97.7338
-33.6378  -1.89337  -0.453097  51.6929
-38.0545  8.26459  -1.08912  94.5603
-41.4617  11.1984  9.07999  45.6017
-26.0791  -5.25454  -1.70673  40.9514
-23.4788  -6.60012  0.662742  13.8219
-32.2162  -19.459  -0.863462  103.703
-51.075  13.2592  -1.96221  5.3828
-33.196  4.7549  -9.30395  118.913
-29.5359  7.47202  1.1893  95.7011
-32.9275  -5.11476  -1.35239  122.543
-8.20922  7.58528  -8.80537  99.1367
-53.2272  2.67405  -17.0017  55.9016
-43.6765  23.513  -8.35723  71.9699
-47.9261  15.5677  -13.7361  123.955
-16.5853  -14.478  6.12802  41.881
-30.3716  -5.66546  -6.05584  91.6011
-22.9379  -2.10546  -11.9689  116.014
-9.79505  19.6112  9.63341  81.8413
-29.9115  -0.429658  -1.33766  61.4228
-35.3718  4.21236  -20.0546  132.186
-25.7961  -19.8384  -14.7835  25.005
-22.098  12.9999  25.1176  37.3235
-29.4869  -4.19634  -8.21143  44.0545
-24.8342  6.88706  -1.54792  61.9391
-24.8901  10.5908  -0.687887  121.896
-35.0141  -6.63586  12.5769  99.5598
-31.6471  2.51555  -6.91369  57.2628
-31.7751  -4.71325  -2.38284  124.922
-25.4877  19.0273  3.976  76.9762
-22.3837  2.77093  -15.7918  48.2543
-38.8671  -4.9686  10.6285  114.843
-24.7743  -9.76009  1.51261  87.6115
-19.4343  25.5494  5.30737  107.486
-17.6374  7.93219  10.7428  18.904
-24.3526  -3.39609  0.254801  100.798
-50.7108  4.11849  -8.26895  7.23476
-41.7813  19.232  -7.95874  64.6425
-31.4211  -3.66725  -4.0788  125.852
-37.1931  -4.37898  25.8761  147.672
-27.9573  17.1967  7.51056  21.8519
-27.0845  -12.0936  -17.4314  101.989
-26.3816  4.02687  -9.40878  10.0658
-31.9565  -20.6144  -15.8552  148.464
-26.2596  -5.71351  -0.567719  115.619
-34.7176  -1.20238  -1.05988  84.448
-28.4636  3.92422  7.74702  37.9398
-19.1229  -4.03292  2.43818  6.53033
-19.2458  -10.5809  12.1566  119.872
-35.831  -1.68709  -0.873077  61.237
-27.0379  -25.1557  -8.55952  75.2909
-32.494  16.0305  7.41861  41.6956
-24.0608  -4.58361  7.37699  137.834
-35.3002  -10.7219  22.8935  15.8747
-27.2766  10.5189  13.2012  40.5871
-30.1611  5.32235  -5.56808  112.461
-29.2876  -0.739197  -6.46935  75.2617
-34.1952  -5.60906  4.4399  16.2328
-26.5762  -4.24126  -10.0542  84.9132
-49.5665  3.91336  -18.0608  65.855
-42.2443  10.3707  -4.03331  53.4185
-28.9771  -0.910219  0.00462777  81.3686
-36.16  -7.3569  -2.17065  142.619
-12.0521  22.018  -6.2545  97.0961
-14.5249  -5.88235  5.76763  62.963
-22.7278  -2.43514  16.4598  74.5445
-43.1886  18.3603  -8.96196  9.17238
-46.4286  -24.3239  -6.13935  122.479
-32.5336  10.3648  1.37288  33.3694
-17.6691  -17.2479  5.94407  28.1076
-47.9112  10.3128  -14.7012  127.252
-14.5183  -7.2926  2.71284  118.252
-20.4432  -2.39371  4.76805  89.6952
-28.3882  15.191  6.78358  139.164
-29.1253  -1.39532  -0.465513  80.2689
-34.8043  19.7592  3.70881  37.9396
-49.0681  -1.49377  -2.16266  104.512
-25.2501  -1.29747  -0.788935  95.2393
-40.906  13.2572  6.89383  71.5249
-22.4377  4.26286  12.2424  76.1492
-29.609  -0.56591  1.11926  43.2383
-46.6297  16.3733  -7.61261  118.293
-27.7233  18.8739  13.8862  39.3639
-31.269  6.77103  3.8801  64.0905
-19.4034  -12.5356  -0.186493  132.531
-29.968  2.6807  0.64069  67.3823
-21.2912  -14.5664  -9.44056  31.5468
-30.241  0.907016  16.4171  108.528
-26.1998  26.1751  3.23514  13.2287
-32.0025  -15.8671  12.5063  107.883
-30.2453  22.8184  18.9629  28.5871
-24.9912  -0.976435  2.30191  78.8057
-11.8083  -8.70396  2.90629  113.053
-28.9547  3.78554  3.43763  22.1396
-33.4402  0.112784  -0.164909  100.317
-42.1254  11.5585  5.2897  133.347
-49.2418  -11.8259  0.6957  90.1107
-24.297  -4.82117  -5.84866  124.675
-36.1134  -4.71805  -2.14561  72.0855
-21.6572  13.4042  -20.8974  11.1414
-25.1521  -21.1775  2.70871  32.1167
-21.998  15.9438  -23.3332  49.1328
-26.9573  2.8163  0.624116  121.957
-20.7082  6.71439  10.7473  21.2831
-33.2043  -2.22172  5.71725  38.6095
-22.7177  -10.1058  -19.7151  2.45345
-53.5718  1.86718  -3.17123  37.223
-52.2051  -0.464021  17.7127  39.0394
-33.5199  0.277627  -11.131  57.7362
-40.9564  5.45664  -13.7176  21.1127
-28.1587  -0.0870979  0.245448  34.6397
-28.0171  -2.22672  -3.89774  117.531
-27.7923  0.714264  0.7718  44.0483
-38.2747  -4.54718  6.75094  94.7473
-18.9752  14.9844  0.811818  135.228
-34.4508  -4.86241  -6.96293  143.636
-7.15245  -17.1685  0.644638  21.6725
-14.9753  -15.9347  20.4851  82.0551
-23.19  -0.997677  12.5942  87.799
-8.24553  10.7156  6.6836  123.758
-35.0283  13.8868  -20.4451  107.522
-22.5449  2.58866  -10.4548  61.2503
-26.5293  1.27356  5.79983  137.386
-26.2356  0.246372  15.7145  18.7948
-12.0446  0.889621  2.1938  117.89
-28.3867  -1.98273  -0.318254  125.294
-30.4528  -6.91499  -9.09966  120.375
-33.1852  20.5526  13.875  122.188
-29.6734  4.55794  -26.7511  27.8669
-9.62015  -0.17779  -7.70034  6.87041
-22.5453  6.49446  -7.42271  126.265
-29.9279  0.484955  1.60004  34.4588
-17.8311  -22.7214  -5.30474  73.028
-47.0661  -15.0429  13.0432  90.1889
-30.0922  0.190403  1.16217  41.3693
-27.3538  -4.14701  1.50411  143.527
-35.6517  -6.68936  1.55095  52.0243
-25.0677  -5.85448  0.16489  26.947
-29.1758  7.0384  -1.94983  27.5107
-32.2774  -9.90282  -2.61997  143.817
-20.9067  1.65146  -1.43839  123.065
-34.4493  -0.701659  1.94028  149.564
-50.7892  10.7193  2.47192  53.8658
-16.8308  -2.8211  10.7699  12.362
-45.9595  -5.43313  10.5767  31.2889
-19.5247  -22.2211  -8.50708  91.886
-32.4126  5.29669  13.7126  7.32085
-34.6972  4.11997  -2.73712  61.1062
-17.6058  -15.5851  -10.7755  39.1635
-29.3554  -3.12947  4.5834  61.1847
-44.9227  3.42737  -9.51125  71.9171
-25.4528  -0.408686  -4.29875  111.759
-52.1972  13.0958  -6.14787  63.0645
-29.9289  0.109526  -0.0210505  53.2096
-30.1447  -0.0986502  0.0355323  87.4994
-32.7189  -0.787146  0.893534  88.1008
-33.2363  2.2842  5.53377  141.006
-28.7267  -27.371  11.2399  114.891
-37.1993  -4.58735  -7.87966  56.7938
-29.0974  -1.19127  -6.4967  80.0696
-21.2753  -16.8837  -21.3287  36.609
-19.0126  -20.9018  -16.1079  134.81
-22.0179  -13.132  0.841166  123.288
-38.6545  -15.3482  3.71263  41.5309
-16.5836  3.82697  13.8101  70.2179
-19.9007  -5.96271  -1.40881  113.108
-50.0198  6.0314  -17.6118  67.0596
-31.7794  0.695462  1.52802  41.3682
-38.0551  -5.37152  14.8308  17.3501
-40.9803  -18.7848  -19.3434  56.5407
-28.7169  -1.23385  -1.81248  144.154
-24.5703  16.9645  -0.926935  109.73
-26.142  -2.05347  0.370302  109.244
-21.7157  14.843  -15.5875  101.406
-47.8542  -12.9091  15.784  94.25
-23.0387  -5.58374  -0.10136  119.082
-26.0742  5.38278  1.55214  57.6834
-48.3191  2.13663  3.68311  88.1609
-45.8342  9.69712  7.02585  10.7581
-36.6007  3.17634  -7.49446  18.8397
-54.0559  6.20525  3.84309  142.326
-28.2926  5.59376  11.4255  58.0028
-22.3644  -5.29402  3.22381  10.1145
-30.2669  -5.66128  7.24441  85.1314
-45.0524  -12.8898  -10.1783  118.23
-23.7248  0.0620147  9.61468  116.094
-29.8184  -7.41091  7.37136  130.01
-30.6448  -7.50198  -14.1235  21.8346
-41.435  6.82076  -13.482  40.9409
-47.9889  -4.36734  -4.28642  124.104
-49.6077  4.17257  -7.27369  79.4199
-29.5321  -1.57068  -0.604169  77.871
-32.829  -9.57882  -10.3456  99.836
-30.4644  -0.533934  0.712734  133.432
-14.8548  -19.0182  10.6577  82.8947
-21.0042  12.2975  -11.0901  83.9576
-34.3367  -1.69462  -12.3367  24.3393
-17.0013  -3.4882  2.31821  121.317
-20.311  -8.00534  5.58972  102.21
-24.3564  -3.32394  0.098734  15.743
-42.1163  17.6583  4.51087  111.117
-29.1222  -0.0518326  1.63489  76.6511
-38.2046  0.683375  1.25943  87.6361
-21.4228  0.399691  -7.64577  32.9653
-10.1534  -2.90219  -12.4998  130.475
-36.6091  10.4709  8.80784  64.4819
-29.0248  -5.12383  -9.57199  58.6771
-19.8253  -16.4051  17.392  104.85
-15.3299  12.347  20.9162  85.6456
-27.8686  4.17277  -4.09923  9.08789
-17.2426  -1.51239  21.0181  147.779
-28.2231  -1.48597  1.1755  49.7521
-8.48989  2.70037  13.4176  147.878
-25.655  -1.43185  18.2446  28.661
-27.8054  -27.5928  -10.888  95.407
-28.8262  -0.0883881  3.20623  46.6282
-29.184  -3.72876  -16.0369  52.3498
-18.0894  15.8451  4.17328  135.327
-48.3458  -10.8307  -1.5901  148.363
-42.7396  -3.47874  -13.922  103.055
-31.5347  4.60538  1.13247  121.655
-5.31614  -16.69  0.762782  27.7616
-25.6936  8.62667  3.99258  6.25689
-24.4409  -4.09055  -0.682223  79.9409
-24.9302  1.45494  -4.33373  127.959
-35.8009  -6.09139  6.59917  2.34461
-29.3242  -1.34711  -4.43638  117.099
-51.8634  -5.00876  -3.07707  126.479
-37.8476  -5.24057  -10.0162  146.009
-39.4692  -24.9111  -0.652672  137.251
-26.5617  -0.904706  -2.52869  100.933
-38.2673  5.21338  14.9957  116.232
-28.383  -3.16557  -1.7518  116.284
-36.9748  0.125388  -1.14851  43.9527
-25.5264  -5.246  4.42016  105.259
-30.0512  -0.0897648  0.0666279  30.0349
-30.0643  1.07654  -1.84647  29.79
-35.0682  2.06219  -12.3819  37.7333
-28.0078  1.11766  3.81885  91.0534
-27.4489  2.70746  -1.77766  109.355
-21.1659  6.15115  -3.15772  73.8423
-7.75443  8.46216  2.42076  59.3564
-28.9736  4.01967  -5.85147  76.9631
-29.1165  -1.85312  -28.758  48.292
-25.472  -19.1508  -1.305  85.7468
-25.1177  1.95537  -0.0651686  104.262
-23.9342  10.0617  -4.90742  91.0223
-21.075  -8.53244  22.251  28.3643
-27.2866  -14.1434  -13.3139  102.258
-18.3265  16.8924  7.70603  127.949
-53.3003  -9.63369  -13.567  31.5564
-23.8689  -1.65955  -5.14615  127.517
-21.2762  22.2618  0.634649  10.7587
-42.5656  13.6548  -9.85367  111.641
-39.2224  -20.2767  16.5429  72.9604
-21.1437  -8.38407  8.99493  59.3681
-18.1262  16.6189  12.1795  121.071
-30.911  -16.867  -0.661296  83.8238
-27.9772  -1.21078  1.07718  69.4582
-30.7168  2.86515  5.3381  117.933
-35.5385  2.88448  4.33641  38.4358
-25.5836  -9.77979  13.196  40.1892
-44.5931  10.8967  -2.00925  134.208
-40.9601  19.4017  9.51537  38.0633
-37.931  0.958368  -4.87675  87.9664
-30.2776  0.56224  -0.0300679  34.3857
-47.5383  6.5489  3.08493  144.103
-36.5801  10.3765  26.6795  148.862
-36.331  -2.90371  -15.6703  48.064
-29.6612  -2.31436  0.352064  0.891183
-33.6815  5.36271  -8.86287  111.552
-27.7296  -22.92  -13.8265  129.228
-30.0026  -2.00147  0.371611  10.6123
-57.6175  4.68091  2.39593  46.3979
-25.8185  -1.17504  0.02901  120.484
-31.245  -2.50821  -3.08466  49.5894
-41.4109  8.04055  15.6911  97.9465
-25.1438  -2.53181  4.02108  13.1934
-26.5965  -3.0365  2.8755  2.80771
-24.5897  6.00698  12.277  14.8062
-23.3556  4.74892  -0.428778  125.142
-35.899  -7.91971  -6.0917  129.295
-19.357  -1.38021  -9.9164  92.2952
-31.6031  0.897841  -1.91291  130.295
-23.4689  -0.521935  2.47651  16.7483
-21.6242  -11.3942  18.8122  13.743
-15.9172  -4.50474  5.49212  74.7688
-10.0701  3.77608  13.5341  15.724
-29.7906  0.763597  0.232041  16.9547
-42.6925  -0.0620899  1.59204  59.6395
-27.2874  -6.73762  10.7889  40.2407
-32.4846  1.93601  -1.2738  48.7851
-23.4152  22.8141  -1.47346  3.99782
-30.5856  -4.37644  -3.91438  86.7765
-27.7834  -16.5373  3.65174  117.7
-38.8861  -24.59  9.1953  136.281
-18.9488  3.77009  19.4107  50.3349
-26.2512  1.66543  10.4159  36.6853
-15.0075  8.56994  2.7072  132.815
-27.8547  -2.76409  -7.56761  135.632
-43.4532  -17.6045  16.6717  122.42
-38.3586  -15.3554  11.9774  38.0294
-18.5859  -17.2496  -2.63068  4.16491
-35.7133  -2.24801  -1.46921  89.8051
-48.8851  3.93079  -2.92648  118.493
-51.9832  15.3538  9.01833  12.6627
-48.2866  -5.95272  -20.5288  55.1358
-14.6655  6.90019  20.9509  84.0489
-11.5907  -3.85285  11.6026  106.792
-34.5249  3.15171  9.94029  120.518
-14.8691  6.44072  24.7037  2.38627
-19.4791  4.06125  6.79429  123.301
-39.8695  -9.47309  -3.48173  72.4279
-44.0999  -9.61174  17.1334  61.5653
-26.931  -0.195551  -0.536606  109.866
-20.2712  -10.9545  10.6915  108.543
-29.0034  -9.37287  1.35993  106.511
-31.6355  -3.64981  4.25543  48.8074
-42.4382  11.0528  -9.03957  95.1194
-29.9218  0.415976  -1.57366  119.53
-13.4273  -6.17034  8.32763  46.5663
-34.7609  1.5385  -3.02282  41.4695
-26.8683  10.7361  -0.335741  78.253
-35.403  10.5085  10.9426  69.9701
-18.7711  18.496  3.66867  64.5226
-28.2321  6.81202  3.89921  95.9648
-41.6962  17.501  0.501205  23.6883
-27.4577  7.43794  -3.19566  43.8221
-15.2677  18.4234  11.7015  144.934
-30.2978  -1.24979  -3.52882  64.1836
-29.4217  3.93375  -29.5385  121.501
-26.3687  6.74073  -16.2339  29.1484
-32.7639  -2.91952  2.88875  131.266
-32.5309  -13.5524  -2.50469  41.2337
-35.9188  16.1191  -11.5194  82.8229
-31.076  1.04621  0.398804  80.9862
-16.1214  -20.4725  -4.38393  108.607
-29.8031  2.71916  -16.4224  8.85607
-16.9914  -14.3447  7.65716  97.3916
-34.9311  13.9735  5.05255  130.635
-28.6506  8.37675  11.8917  74.686
-37.9802  1.13239  -0.452032  122.659
-10.9266  18.1573  11.6513  124.311
-9.14697  6.06851  10.2122  70.3934
-6.60185  -17.0296  -3.40238  55.4663
-30.489  12.4998  -0.331009  107.542
-22.2798  -26.8321  9.6769  62.4734
-27.795  -0.450356  -0.0770493  11.1354
-29.1381  1.30798  -5.42383  16.3384
-45.5205  2.90425  8.80172  57.3241
-37.9738  13.7845  12.3532  55.2003
-30.1369  -10.8202  24.7077  11.7013
-31.4468  -12.9264  -11.0106  27.256
-46.7424  -20.3772  7.90971  92.1463
-39.6648  23.1169  14.6101  11.0681
-48.031  -4.66164  3.13873  149.809
-35.8274  -7.09555  1.25891  59.0177
-39.3835  8.71351  -15.3522  64.1372
-29.5535  -0.27807  -0.842153  53.8835
-49.3558  -2.06978  1.10061  51.2574
-15.7582  9.32195  -0.131335  109.17
-6.46483  0.0889498  1.39897  61.6311
-22.6339  -0.708634  -4.10316  55.4532
-30.2296  -4.54687  4.47757  12.9413
-29.2813  9.38647  14.964  114.229
-35.3201  -7.00486  3.86145  115.635
-28.3985  -5.27464  -12.4679  116.817
-13.0098  -2.99845  -9.39001  84.4485
-37.3018  24.1337  -11.2632  101.149
-34.5271  4.93357  -6.27794  129.384
-23.2389  12.5245  0.666039  120.743
-29.2648  5.11566  -0.0710688  94.1015
-41.4361  14.827  -7.12918  33.2277
-18.5338  -11.366  6.05123  106.647
-30.1802  0.18846  -0.000703957  110.964
-13.722  3.83888  -17.144  91.6758
-38.8941  0.578833  -1.59945  77.7625
-43.6068  21.7304  -12.2863  19.7057
-39.1355  1.57186  -6.36049  82.2993
-11.3701  0.96403  8.50001  69.933
-26.2343  14.5063  -15.2451  122.711
-46.6204  24.7261  -0.194716  39.7798
-23.1324  18.0132  7.87768  102.688
-32.6098  -0.551857  -0.770223  23.7111
-38.1059  -6.87958  4.72031  60.4696
-30.6254  -1.50867  -6.92651  46.4879
-29.5469  -0.255536  -5.50403  86.4095
-15.3515  1.5021  -6.06863  91.2378
-41.3979  -1.0122  3.29713  146.102
-37.2563  4.98184  -9.90411  42.6583
-22.5828  4.59023  2.0034  100.354
-32.5189  4.81498  -5.58614  90.4446
-43.7609  -19.8124  -1.11968  103.219
-30.3406  -2.92279  -4.76055  130.292
-47.6294  -11.9842  -6.46045  4.97062
-35.0173  18.9125  -17.8205  48.3852
-25.6657  13.7353  -12.2881  93.218
-36.1461  16.4329  3.54176  116.062
-27.6074  -1.6001  4.61055  129.787
-26.562  -1.89463  1.60319  14.4554
-32.7899  3.66883  -4.19455  147.24
-26.9776  1.67244  0.114183  137.256
-28.2407  10.7359  -25.799  20.5644
-28.2978  -3.58688  2.33581  30.4139
-15.7731  -12.9451  19.9615  105.906
-25.1099  25.4639  10.1512  12.1635
-29.3459  -0.803794  -0.267468  77.9635
-51.5961  3.53681  11.4022  100.931
-19.1112  -16.9731  -11.1752  106.5
-29.184  -1.27993  0.827056  130.496
-22.843  -1.94215  -10.8632  7.0231
-17.4544  -6.28528  -8.74439  52.4357
-30.2872  7.144  -19.3196  8.08638
-16.1353  8.36089  0.047749  109.396
-43.477  -6.85426  -11.8594  120.421
-20.6171  15.9167  -13.6577  57.7346
-30.6735  -5.73146  18.9364  17.6821
-27.4955  -1.91494  -3.40285  5.46266
-42.7263  6.23075  -25.5054  107.439
-34.8139  10.4031  6.33918  133.613
-35.4301  0.994846  1.37356  141.391
-34.7192  1.93054  5.12001  100.102
-52.5521  -7.57657  -2.6641  64.3346
-36.3213  -1.56741  2.85257  134.343
-13.3756  -3.66026  19.7616  119.606
-40.8365  -1.35305  -9.14336  99.5575
-27.0446  -12.9784  20.027  29.0209
-39.6039  -0.107847  2.91002  111.07
-36.4388  3.28519  3.03364  17.8842
-37.7941  15.5205  0.250273  34.5496
-29.8193  -0.855153  -1.00153  57.0191
-14.7082  20.5201  -8.09335  147.017
-14.4249  17.3139  14.7843  71.3796
-33.5873  16.675  6.02044  98.6987
-22.1808  13.7449  14.8751  105.263
-27.5053  2.02897  3.37678  97.1155
-28.6737  4.15799  1.40976  1.11046
-28.5045  2.77925  -6.4745  112.639
-22.3372  -6.37108  -1.35981  131.303
-25.837  15.3954  8.15219  3.81009
-28.0956  19.2187  12.3956  109.61
-28.3418  0.894931  0.874703  101.967
-41.9036  -17.852  -10.249  97.5622
-28.6548  0.193606  -1.34319  52.0635
-30.4925  8.86915  2.32449  28.9617
-33.1486  -3.71414  6.27304  137.109
-12.1034  9.3856  9.29499  74.256
-32.0662  7.19919  -0.55977  88.5142
-31.1621  -6.85501  -6.18049  131.815
-22.2774  -2.43695  -0.299636  83.4381
-55.0611  8.13113  0.856319  126.699
-32.8741  -10.0054  3.16064  120.824
-30.6482  -0.901945  -0.276793  7.07747
-44.1553  19.7773  11.6133  144.906
-30.2798  -6.83523  -2.31073  61.1524
-31.0494  10.1104  -24.8654  144.241
-36.9281  12.3589  12.2566  143.201
-38.5812  0.882723  -27.3569  14.8364
-44.5363  -2.67744  -14.92  46.4955
-13.7536  13.65  11.944  58.6812
-36.7785  5.44367  8.52055  59.7156
-24.1183  -8.90363  -15.1401  117.476
-49.2064  0.144198  -21.6428  129.801
-34.5004  -1.98834  -2.73804  68.6503
-31.2925  0.0705579  0.0132215  8.26439
-44.8585  -4.07785  -10.8693  9.23014
-32.8249  -5.40733  -1.7523  93.4521
-15.1673  -22.6613  5.72315  4.38658
-26.4156  12.0932  17.7006  143.226
-8.80814  11.9022  -13.8847  48.6558
-26.6289  -20.1456  9.13771  57.5029
-9.42931  -17.5415  11.8305  44.7924
-32.878  21.1347  -17.1518  133.137
-36.1704  3.40567  5.37051  124.096
-29.0282  4.23589  4.64039  6.77864
-29.8487  -0.293593  -0.106299  50.3188
-22.7192  8.98701  -3.85492  130.441
-56.4724  2.63977  12.8785  60.5372
-23.0244  6.08485  12.6295  78.8649
-12.7181  -17.8572  -10.1826  119.2
-49.3947  -0.379739  13.3788  77.884
-43.1308  -25.6707  7.61917  81.2637
-37.0375  5.457  -19.7485  82.459
-29.7813  -2.56581  -1.54196  1.48706
-14.1394  21.2452  -8.7206  73.4691
-37.8731  -15.3074  -11.3653  131.709
-31.9157  -0.35605  -1.09501  137.53
-22.6414  0.544738  -10.0826  87.6448
-31.5426  5.48486  -10.1196  89.8904
-35.7969  5.52956  -2.86934  121.46
-31.0018  -2.59072  -1.1249  88.8054
-25.8853  -2.27629  2.74113  102.131
-37.7941  20.4519  14.9027  133.521
-22.9518  -3.97328  2.28309  39.5545
-28.7778  20.7023  -7.38842  118.092
-33.9932  15.02  6.79358  106.487
-40.522  16.0779  1.96457  64.2052
-15.3408  -6.83355  3.43625  130.437
-12.1717  -20.8454  -10.9142  80.9049
-55.4515  5.46377  1.20127  134.547
-32.7872  -0.663284  0.198876  31.5471
-40.6939  -13.5938  3.07416  76.3976
-30.1715  0.730908  -0.85491  58.5046
-40.9837  22.9521  -10.0396  66.1913
-43.0855  7.84355  -4.63366  45.1446
-25.1198  12.6585  3.22623  1.97811
-29.7408  -0.133875  -0.188298  110.402
-30.2597  -0.224539  -1.41679  119.579
-43.4776  -12.1357  22.869  18.5721
-31.095  0.624111  -0.37303  34.6897
-44.5045  20.6289  -11.2799  106.712
-30.6079  -9.01834  -7.40103  114.416
-17.8395  -0.516456  -0.800557  56.132
-33.869  5.47539  -1.85414  56.9378
-50.425  -12.7208  -4.81974  96.7167
-7.85381  13.2386  -1.65767  91.4444
-27.5813  -2.25702  0.933311  20.725
-35.915  8.90784  19.1847  128.109
-35.6489  13.4602  19.2946  24.509
-40.8859  -5.41486  0.891717  101.578
-42.1518  -1.00126  23.3571  47.16
-34.8176  -9.01073  10.7529  120.364
-27.3018  1.40412  -1.75345  111.569
-29.0628  3.34968  0.311773  11.2001
-36.4949  0.949258  8.55317  66.5522
-28.8359  0.230324  -0.11662  49.9419
-29.9693  -0.048883  0.0996553  47.7519
-15.9577  -2.45396  2.29886  81.9841
-31.9962  -3.19526  1.27166  74.9079
-23.2671  20.2173  -1.83808  19.2169
-49.6785  0.499334  2.33999  113.542
-28.3964  -1.60416  3.15215  69.2512
-23.4885  -1.81792  -6.77384  31.2729
-25.4011  1.62067  -13.7409  120.91
-30.1778  0.546157  -1.04969  64.5601
-39.566  25.297  7.73033  145.941
-16.9179  6.56193  24.3472  67.4235
-35.6229  20.6005  -6.68699  93.6776
-32.6724  13.575  -11.7831  42.4191
-6.64519  17.0453  2.16364  145.272
-21.0364  -0.301186  8.84356  17.6934
-26.7645  7.14672  5.75991  50.6678
-29.7871  0.516097  0.425501  12.9718
-27.8534  0.845992  -1.26047  134.798
-31.4082  9.67495  -8.25067  65.3912
-29.4418  0.417438  -0.992096  74.6081
-36.3893  4.00199  0.289337  14.6029
-33.5778  0.477047  0.305086  126.843
-34.2908  9.05962  -4.65746  134.043
-30.6944  -0.915443  -2.02919  17.6005
-11.9074  15.2806  5.5105  47.2481
-19.473  22.1131  4.85697  128.548
-12.7353  -6.03218  -13.3895  143.857
-27.4886  0.939612  -11.5301  12.7904
-35.2511  6.00964  -2.64272  38.1409
-6.69364  9.06915  2.89554  119.433
-45.3819  8.04151  17.8302  41.5168
-27.6593  22.1924  19.7525  128.718
-16.7288  13.7521  -0.856566  75.0783
-33.0434  -12.5317  16.1025  97.4817
-40.6564  -16.4459  -22.3642  132.359
-28.9668  -13.6933  13.627  61.7274
-19.3435  -4.8351  9.68421  85.6918
-41.871  3.82599  11.2924  130.63
-36.3127  17.2066  21.6524  93.3259
-21.3072  15.6478  -0.514427  147.409
-29.9781  0.0411484  0.0718313  91.8742
-55.9982  9.65914  -3.56519  147.422
-29.9227  -2.24147  -2.93899  76.7379
-6.5324  -1.411  -11.1302  136.969
-22.1032  16.4209  -12.7749  41.182
-28.3528  -8.17389  -1.98083  39.179
-34.1197  0.385064  -0.542037  146.047
-31.1444  0.028909  -1.12638  143.603
-11.7584  -16.5327  11.6026  100.626
-15.1131  11.6509  16.6538  149.761
-34.5755  -6.70056  -3.65344  132.43
-20.3858  -9.62559  18.2369  103.657
-12.9999  -5.30375  -11.2692  53.9407
-28.9499  3.92724  -0.902035  23.0235
-35.4534  -3.33315  -10.5687  123.048
-5.94237  -5.4399  -12.6445  109.447
-28.3532  0.933329  -3.17958  126.943
-41.8369  18.6188  12.0083  146.418
-28.7674  -2.37563  -6.28827  123.865
-22.5883  -4.55099  -22.0887  67.2577
-55.763  9.42268  1.3484  109.736
-8.38567  17.5754  -3.00783  17.0401
-29.9416  3.23558  0.236528  42.7271
-31.5424  0.822346  -3.14294  68.9738
-48.0201  -19.6927  7.59087  41.9079
-13.8576  9.64474  18.5092  141.361
-39.0112  -9.78987  -2.99492  12.071
-20.0209  -0.0158107  -11.0135  55.2934
-35.1527  6.49166  6.08482  38.3858
-27.0446  -2.52023  3.54848  31.1208
-49.3478  -14.6622  4.5761  112.248
-29.6321  0.735725  12.8523  131.389
-36.5299  18.294  -8.23536  75.2423
-33.4619  2.51764  -11.148  50.074
-30.0785  -3.87642  -0.968847  142.371
-50.8609  12.7102  5.65  76.2295
-30.6116  26.5291  6.3808  97.9799
-48.2929  7.39512  -2.44257  70.1215
-32.2283  0.211316  -24.4573  25.9046
-22.8086  -2.3275  -25.4978  68.5856
-31.1366  -2.74955  0.632735  58.003
-21.4165  -7.37518  -21.9984  51.738
-24.8751  11.8444  -14.2326  77.0326
-31.2411  0.566749  2.95416  142.619
-32.6098  -6.26075  -6.85384  98.2098
-26.4743  -19.8409  -4.46175  21.9838
-53.5643  15.7959  -5.59859  65.1348
-30.2827  -10.711  -11.1663  39.2209
-10.3213  1.30658  -9.46484  89.12
-4.98854  -12.3379  2.86152  20.4499
-26.6435  -1.33333  6.64616  43.9554
-29.3369  1.99768  -0.590923  133.059
-37.1054  -8.79326  7.72626  121.889
-26.5615  7.25688  20.2029  89.5527
-34.9089  -24.7581  -3.27806  24.6397
-29.8007  4.31489  16.5623  110.769
-26.1837  2.55393  1.44699  131.526
-29.8822  -2.11226  -1.80883  81.5521
-15.7274  -0.762582  13.2615  116.93
-33.6332  3.62201  1.83613  145.524
-28.9361  -5.61772  -5.44866  35.4293
-35.1277  14.4407  3.16205  88.7446
-30.2661  -5.81716  6.44433  53.4236
-30.5122  9.40569  -2.75202  1.294
-48.3174  9.50112  -11.2838  147.436
-20.9994  17.5119  -19.1704  89.0458
-17.4063  -14.6371  21.2926  132.211
-27.9298  15.2217  -16.6282  123.721
-22.2788  -8.02478  6.42077  122.331
-35.6581  15.7216  -7.75059  41.278
-30.4619  0.599302  0.508838  1.95572
-34.1541  15.8478  -16.6588  14.3382
-33.2718  -2.88822  1.93657  80.9984
-12.3767  18.7865  6.71026  96.1401
-18.9229  5.46731  -4.01676  83.5574
-7.8292  -6.26927  2.41044  44.6861
-31.3663  -2.61918  -3.62168  99.664
-30.2232  -6.33174  12.3439  4.15572
-47.22  8.52424  20.9017  109.004
-29.7672  4.60934  3.67155  71.2765
-30.8095  24.7605  -3.0795  7.55336
-27.673  -0.428772  -0.339989  98.7462
-34.4516  -17.9861  15.834  77.5492
-35.9083  17.9553  2.64396  19.5246
-32.7891  4.29647  1.72657  14.0132
-42.2508  17.647  1.98932  146.489

# (2) STAR POSITIONS		MASSES
50.04  -18.1543  -7.68467  40.5407
38.2004  0.0790131  -3.3409  18.2359
30.215  -0.164457  0.018088  37.6064
28.299  15.4043  -4.25414  144.413
26.5839  1.0145  0.79857  85.7243
11.9762  5.68674  -6.21941  88.053
31.7509  -21.6375  12.0832  95.5063
24.1857  -13.1713  -1.38299  139.433
30.8989  -4.82286  -0.817973  44.3154
43.7952  1.75351  -5.87831  103.731
34.1231  4.12701  -10.7414  2.92664
30.2287  -0.931124  -1.32425  85.4036
33.2332  1.27273  -13.805  89.0819
28.1844  1.5277  0.906625  23.2495
31.4878  0.95651  1.15555  92.6467
23.9803  -1.27995  -9.38117  49.0649
22.7101  6.09045  1.96757  59.6956
49.6207  -6.37117  -8.68632  54.9942
24.9688  16.0823  11.2277  107.915
48.2175  -1.68912  10.5782  71.5554
42.8142  16.6603  4.18634  14.7473
38.4448  -1.43007  10.4121  2.46871
29.9338  -9.31992  1.48765  96.5147
29.9929  0.0850221  -0.0553972  149.535
30.457  2.1332  -2.13475  80.4281
32.4404  9.82442  -12.7527  50.5607
24.5115  1.57693  -2.93387  3.03301
10.692  -14.5484  11.4524  53.3664
39.7811  -2.1012  -5.39717  102.012
27.9599  4.22563  4.79225  18.6381
15.0579  3.60908  -1.80235  33.753
24.1055  -15.4123  -8.65069  141.08
29.5982  -1.34045  3.65707  72.6
36.8816  -3.28636  -14.8504  55.9185
41.257  12.1729  -14.415  57.5858
9.8133  -5.67618  -0.947485  33.0183
31.6761  0.745039  4.65437  110.832
45.027  7.3961  21.1166  115.277
40.9484  7.42776  -18.6242  83.8215
18.5024  3.80536  22.8404  38.1099
55.3271  5.88555  -1.85519  97.3649
37.7761  -0.754049  7.48917  86.3364
17.7684  23.3248  4.63673  39.2492
30.0998  0.356244  0.0255899  50.7962
25.6568  -7.27388  -13.3322  91.3871
39.2599  4.19279  15.6487  103.107
40.9695  1.84908  15.3153  25.9234
35.3932  -12.1768  17.9268  17.9649
27.9223  0.292508  0.781496  37.8427
37.6696  -7.39369  -2.34847  74.5102
24.6555  -8.72116  9.19344  30.1237
39.1057  7.0177  7.02681  84.3911
5.26607  4.14569  12.3969  18.9737
28.1754  19.0522  7.07281  29.9987
23.2887  -3.05589  -2.52106  135.313
11.5441  4.29513  -23.0515  117.496
14.5137  -13.8617  10.8923  139.027
25.5352  5.28178  -16.5996  85.5284
47.1113  -1.88796  19.579  107.834
29.9867  -2.96675  9.82099  2.26755
21.3595  0.798436  9.81186  123.036
39.5648  23.9565  -8.4053  19.3726
28.8358  -7.34539  -10.0096  109.994
28.6458  -9.5191  -2.73077  83.4126
31.0601  -11.034  -12.6665  134.097
17.5497  -2.07184  11.845  87.0977
27.859  -3.71974  6.11337  52.3778
27.2942  -15.0277  10.3189  117.711
28.106  1.73934  1.24409  16.3946
19.487  -15.9262  6.8276  73.1957
23.1878  -1.14197  -24.1073  111.851
33.3384  -3.66824  -5.04637  108.791
23.0036  1.73117  -2.46758  26.8447
21.1248  2.31266  -3.27226  129.949
48.8359  -3.45998  20.2315  86.6976
30.0247  -22.2146  6.32446  86.0212
31.3795  -24.3927  15.9142  113.449
35.2643  20.8621  6.80485  141.541
26.1271  -3.72786  9.22418  84.6551
51.7575  0.135284  -6.43805  31.255
19.9644  -3.43443  6.78642  43.4316
30.4782  -4.69534  -3.21591  43.8752
30.6587  -0.596189  -9.34597  65.8556
24.9427  0.19423  6.25373  132.595
32.6132  5.49804  17.3636  141.852
14.1459  -8.98675  -9.04471  134.781
53.6734  -8.95353  15.2654  114.649
35.3679  7.29044  -0.225745  87.1643
30.375  -5.49749  8.04794  143.004
38.7521  7.42445  22.5808  83.9225
30.8415  19.0026  3.26014  4.67048
20.9232  -3.88498  -3.32276  123.833
29.6782  4.1029  3.74248  139.349
29.445  -0.530042  -0.0433117  91.901
31.2013  -0.900014  0.875004  13.5218
47.8271  2.79301  -14.6561  29.0805
33.3013  -5.12122  -14.9765  21.6544
22.7478  -2.55569  3.77367  53.3904
32.8208  20.6071  -3.40281  91.3017
37.1891  7.93866  23.5458  41.4359
6.34248  -8.59871  -1.96094  17.167
24.5937  1.3808  -1.32691  27.1376
44.3323  -17.5009  -14.4768  113.071
34.2622  -4.78399  2.69066  137.957
2.2859  -5.56435  9.18819  103.484
29.148  -12.5227  7.17593  132.451
29.2929  -24.7647  -8.8412  118.475
30.6456  27.7312  -2.6292  93.6756
31.1298  -3.38439  10.5411  144.487
32.6275  23.5324  12.9603  47.1275
27.9868  -0.590565  -1.1057  123.674
29.9904  -1.37119  4.82313  38.2908
14.6495  8.42939  -14.2754  44.4803
40.2854  6.35753  11.9101  126.425
31.413  -3.14016  4.56767  146.371
29.4643  -3.07036  0.429123  27.7147
9.54598  8.09072  4.27233  106.711
2.93152  10.425  -3.42386  125.586
20.6636  8.06684  4.05298  53.9007
19.3011  4.89499  -17.8458  50.9664
13.8888  -14.0781  -10.9564  75.1347
33.9579  -6.85802  -1.41384  82.5135
18.5814  -26.5075  -5.53625  62.1493
33.0315  12.4899  -8.03299  111.91
29.3644  -24.6034  -7.84841  32.3493
33.0062  1.17359  8.25313  76.6101
31.9002  0.0573398  -4.17943  5.13357
34.9712  -7.4854  9.10484  111.685
26.3945  -15.2024  -8.32021  83.1647
29.1596  13.5105  7.15215  138.587
47.1286  8.36188  12.3639  22.0956
26.5534  -10.0478  -15.3243  121.853
38.9759  -6.0586  9.77792  114.979
26.0199  -4.82649  -3.34769  43.6008
24.5648  -3.52947  -1.39084  6.49579
44.59  -12.6807  -22.0088  118.692
42.8428  2.64547  -5.13379  109.879
21.228  -20.0952  -7.00898  49.002
40.1251  -10.0261  -9.35361  108.577
17.2007  16.8233  -4.69933  63.1272
21.2974  -6.1558  -2.51773  124.344
31.1606  2.17773  2.99676  69.0086
30.7822  3.11882  7.10755  48.144
31.9483  13.6146  -21.0857  62.0272
18.6456  18.3708  4.13301  115.641
9.56809  -19.6101  8.85241  110.308
11.6093  3.03607  9.43482  107.721
24.6704  11.742  8.6829  88.4121
30.7938  5.96226  -5.23438  126.739
40.7757  1.35687  15.9292  10.5703
38.29  -6.92741  3.25356  85.1251
30.3654  4.79594  3.57901  105.186
23.7895  1.00841  12.4141  82.5106
33.0147  14.192  -4.14354  101.17
30.3825  -0.624099  0.167456  145.122
22.9346  -0.246018  -6.90404  139.627
50.4277  -12.7993  11.4773  56.8925
30.2939  0.777372  4.84468  149.512
31.377  -5.37345  -4.58507  19.4838
34.9706  11.9278  7.76354  71.9351
29.0143  8.70066  -2.44387  11.56
24.0517  6.2837  9.4369  43.3122
29.0728  -17.6317  4.22797  5.86887
33.2281  5.71845  -0.193022  8.32042
12.3258  -7.55216  -2.62284  115.147
31.1746  14.09  -5.94587  89.2672
35.1797  -21.4055  -0.925862  76.6592
33.0977  17.4471  -0.586564  67.531
50.3861  -12.2  -6.36569  15.4213
47.0003  6.08007  -10.517  70.8576
27.3838  -1.21889  -1.30732  75.7662
15.1659  8.10914  -0.470501  1.90044
39.962  11.803  4.62741  58.7402
20.7753  9.43797  5.75445  32.6462
11.25  17.15  8.98218  31.9201
27.4979  -0.717906  0.667938  115.294
28.5366  -8.85113  -3.22519  65.0188
43.2331  8.61129  -20.3361  85.0017
26.9496  0.241545  -22.8316  89.3394
24.385  1.55408  1.32111  33.6688
48.5186  -9.64595  5.38925  58.554
56.26  0.1146  -2.94004  32.0556
43.8249  9.61771  9.19178  84.6579
17.5528  -4.91568  -11.9449  21.8374
16.6029  -13.8869  1.86979  12.9889
32.6027  7.01589  4.13589  13.6198
31.8569  2.88804  7.95229  17.5113
18.3342  -16.0102  -6.96821  139.351
30.4067  4.55867  21.114  65.677
12.3052  6.64261  -17.3258  128.363
23.0429  14.3827  -18.1166  78.7849
24.6804  -3.51664  10.9153  134.286
38.9117  24.4027  10.2227  145.622
29.4172  10.1714  -9.40016  35.5789
17.0403  -15.0932  -6.21586  125.272
38.5367  10.9757  -4.22064  72.5167
12.8589  9.89054  14.0149  103.649
30.7573  -9.67244  -2.18717  70.7539
47.4274  -5.69233  0.151768  99.7751
37.3731  3.03834  -26.4634  117.54
30.9057  0.863516  1.3503  112.202
39.9793  -8.12381  1.63395  57.2627
16.9514  -17.9603  -4.86519  41.6853
34.6809  -0.345091  6.86713  77.8816
44.5627  8.98375  -4.47562  90.7203
28.101  -2.60695  -16.7261  80.5006
31.1256  1.6661  6.70052  24.0321
30.4589  -4.56805  0.386537  112.986
32.215  8.88912  1.01897  110.415
29.0857  -12.2185  2.28546  90.5945
36.1714  9.79188  -22.0171  43.224
30.4933  1.01561  -0.109872  49.0016
38.9945  -3.01095  -16.5726  100.421
34.5851  -20.511  -5.06277  131.939
29.9807  10.2262  -10.1263  31.776
33.8747  6.60204  2.13642  31.1332
28.4981  -10.9118  11.7532  94.4992
13.4574  -24.9341  -1.52275  54.1715
32.2209  -3.83167  0.227266  145.163
13.8362  15.2421  -0.0714781  78.3255
47.0582  10.5332  -7.95955  72.7007
25.3054  -11.554  0.066442  22.0934
27.3363  -19.948  19.675  32.0079
29.9834  3.84284  1.46102  122.864
30.8966  -5.99648  4.12807  120.088
31.116  -4.56605  -0.35062  114.493
43.9595  -9.51893  11.6157  37.6312
25.1863  6.09733  9.35981  75.9346
30.5491  -1.10816  2.72692  114.316
35.182  -3.35898  3.21895  89.8553
13.9866  12.5054  -12.7827  131.337
29.9856  -0.24891  -0.0283621  65.3674
48.1349  -14.4414  -12.6381  88.658
10.5985  5.98915  2.73331  89.1844
39.9922  -8.92407  -1.59948  127.39
17.8577  4.90542  -7.01671  0.591627
21.4263  3.29205  4.0572  5.05957
12.6927  6.53556  22.081  2.38791
39.5292  -19.6039  -1.31848  113.04
31.7929  0.162536  7.60851  4.40749
10.892  -6.71118  17.2397  138.234
25.6396  11.1784  0.558436  10.5958
7.92053  -10.8616  12.2542  72.9661
24.8201  -4.27822  -2.70258  63.9319
30.8771  -0.262237  2.46709  119.849
19.6063  -4.61295  -3.21372  118.46
18.0424  11.6952  8.48008  122.671
29.517  5.13479  -4.78824  48.8074
23.8113  4.72753  6.37513  140.956
10.3743  2.01507  -13.842  91.643
49.9706  0.458556  6.54352  132.983
36.9059  -0.348359  -17.2853  108.765
48.9594  2.42284  -0.327594  137.545
29.2793  -4.82617  7.17953  104.278
29.6073  -0.167301  -0.439953  39.8319
47.7221  -5.00631  16.9678  30.9289
29.8297  1.23348  -4.15343  22.8046
23.2467  12.3245  -3.80079  52.8489
31.7766  2.1603  1.87404  93.3037
26.984  -13.3109  -10.9733  122.512
29.9015  -0.102075  -0.138585  107.276
44.6021  -16.9587  -18.3137  92.0257
12.7135  -19.3794  -12.4794  39.9019
23.1625  -18.939  -12.8679  91.5191
42.0472  2.98159  10.2344  105.692
38.838  25.8773  -5.7046  126.627
21.0174  0.11293  -5.71961  115.526
27.3838  11.3421  -18.8512  108.278
30.1048  -0.169829  0.103344  34.3656
14.6959  3.70631  18.8026  70.7646
42.0034  9.72067  -19.9142  30.0141
34.6382  6.4192  -23.4232  51.0419
44.5052  -13.9642  2.1177  11.8142
56.8016  -3.02858  -4.11451  82.0129
29.7759  6.50455  5.11675  32.8656
29.9886  -0.0657628  0.0447953  6.46162
50.9249  3.61792  -17.9971  77.3346
32.9116  -24.4827  5.00376  11.0813
31.4271  13.8419  3.306  116.481
23.1136  -7.68017  2.79502  114.034
23.4895  -1.78704  -5.27722  50.5312
14.6858  18.9106  -6.70769  137.25
43.2381  -4.63495  0.602399  103.602
32.7589  -19.7056  -12.5112  69.135
26.5582  0.50477  -2.29964  93.7369
56.2472  -4.66039  4.69376  136.919
21.7768  27.1663  -2.84365  86.0908
19.5183  8.04006  -6.42294  25.6223
18.3984  5.73346  8.78834  97.1703
27.0563  0.751558  2.3611  94.3801
22.4982  4.7406  -1.9315  106.995
11.0207  -21.6857  7.31866  84.1429
31.3458  -0.42341  15.7746  34.4275
29.7114  -7.23935  8.99872  29.3521
29.5756  6.59951  -6.19907  104.311
18.0254  -12.5934  0.849267  37.6107
25.1834  -10.9145  1.09095  63.0289
24.5884  10.7504  8.79461  40.2809
28.2077  1.51832  0.56387  47.9171
20.6704  -7.96345  -15.9058  49.5728
41.4148  2.40316  -0.944488  51.6342
28.5779  2.93501  -8.5585  17.1898
29.3515  2.17454  -0.330266  107.385
23.5571  -1.47091  -3.19794  128.47
33.1233  -15.4104  17.2372  106.93
22.5377  -27.4369  -5.13702  4.4513
50.9984  -9.41981  16.1098  106.391
32.9331  2.04585  -5.53612  62.8047
24.243  2.11458  -3.68008  125.989
17.1436  18.4433  -12.0405  40.2425
1.15784  -1.43826  3.34087  81.136
20.5486  -25.4909  5.23703  19.6952
32.1722  -1.29302  0.78522  26.5305
30.3667  -0.283133  0.737431  68.2055
26.1434  -9.91968  7.87422  9.31675
29.8482  0.347708  3.0026  55.8753
7.67042  14.0716  5.55048  92.9337
41.0992  -8.19566  18.7033  61.782
19.829  4.42747  -5.00521  85.4679
29.0262  11.5973  -20.621  112.256
10.5286  -4.35879  16.9942  111.13
32.5274  -4.54932  3.49472  137.896
33.1681  1.94557  -29.0845  42.7978
32.4063  2.63271  -15.4022  115.315
29.2296  5.93646  5.64575  66.6652
18.2535  -14.4391  12.5067  14.767
41.2819  -19.7952  10.807  58.0955
21.5826  7.24834  -17.3725  6.34233
42.7263  -0.758131  -13.2711  120.557
13.6976  21.4586  -7.3547  92.2564
1.77539  -3.63028  2.75867  139.3
30.2578  0.356542  0.484415  67.9747
36.9552  1.52326  2.76199  64.5047
29.0063  -1.50367  -8.08443  111.715
27.9817  -10.9127  -22.3937  30.9229
27.2328  2.65421  -24.4761  70.7099
31.9759  -9.74695  -2.66869  56.2104
21.77  0.926765  1.31857  11.9858
38.9945  -16.3849  -12.6014  46.7314
34.1542  17.6116  14.1542  120.125
17.2236  4.2252  2.7519  13.3038
19.2312  3.43949  -0.464073  77.7212
32.024  -17.0661  -4.27976  72.2623
36.4873  2.10129  5.28466  3.75367
26.2252  4.37717  -0.190948  147.131
4.51134  -10.9768  2.48973  136.772
18.3595  -6.13543  26.2783  91.5644
30.582  13.4378  1.78436  47.3217
22.5931  19.0876  -10.4023  96.1875
26.0669  -17.3673  -7.91607  141.024
32.6325  -17.0032  8.08546  64.1894
24.2863  -21.2123  16.6393  130.885
26.7032  -3.67652  -2.03625  111.959
24.5013  -23.9798  16.1731  24.5729
31.7149  0.0707432  2.5304  146.192
39.88  19.2755  -14.9207  89.1355
29.9633  0.19002  0.0622854  11.1227
34.8328  -25.4599  -4.57113  93.7515
27.8764  16.5607  1.64456  94.3144
52.1182  4.16745  15.1894  116.449
23.2163  9.48257  -1.05417  7.89393
29.5266  4.18492  5.90973  146.65
56.7569  3.78473  -0.834981  81.9698
19.7959  -0.478615  18.5208  30.3915
16.3167  10.5674  -6.99832  142.468
31.089  11.3372  -18.3699  84.4546
33.9908  5.45571  14.087  94.0804
32.9402  4.61572  -7.28686  85.2126
27.4944  -2.02712  -1.75067  112.726
47.3437  4.8582  13.7646  95.5537
41.8806  3.55264  -1.56075  144.187
31.2844  -21.09  12.0436  111.528
20.694  -4.89379  -18.3174  102.311
42.9965  -3.89436  -2.85045  67.3635
29.3542  -1.25245  -1.31784  15.896
46.8097  -1.42877  -23.6436  34.9679
23.2762  11.272  4.97762  106.223
35.2837  -3.04087  -0.508755  97.0304
29.9459  1.54268  0.395594  21.1723
32.2642  -5.50916  3.52075  149.566
37.6018  8.25049  9.49026  31.5339
30.7009  -4.06625  0.873338  23.8874
28.5068  7.49182  -3.96293  39.9647
15.6967  -12.8347  9.09984  10.4182
28.5618  6.86865  13.7485  100.095
26.0661  -27.4524  -9.54735  106.139
25.0515  2.26781  12.3792  149.268
32.1864  -4.50636  1.00448  122.48
30.1054  0.0299054  3.52443  86.18
25.133  20.414  8.06513  7.2789
30.0803  22.9823  18.5054  18.5847
27.4764  -2.42521  -2.24776  85.3749
28.1251  -0.50904  12.8055  37.445
26.5372  -10.7248  -7.55233  76.6976
17.8731  2.55651  4.20318  58.5804
47.0668  4.01618  -1.33277  12.0073
34.456  8.08964  4.07563  1.27434
19.0954  -3.53187  -9.09203  0.576723
23.8528  -1.43627  -12.7956  95.9682
21.0433  -11.4371  2.31565  117.275
38.9794  -12.8105  -3.22166  124.505
25.3746  0.155082  -0.432492  141.619
15.8567  0.270353  25.0411  108.157
10.8571  4.74622  -6.5152  142.064
48.0749  0.533724  -15.2232  50.372
26.4744  5.37816  7.37293  35.9291
35.1605  -2.36368  0.721438  19.2598
22.9534  4.04195  -20.6714  10.2123
47.5718  10.7775  9.08286  97.1126
26.5146  -2.84437  1.19614  14.1045
23.5669  -6.75372  3.73549  83.1407
35.459  -2.98743  -5.36088  44.0124
24.1386  -8.81315  11.5595  94.6569
30.1608  11.5692  -3.22523  103.188
42.1558  8.51418  -18.3114  124.426
32.1328  12.7957  14.518  56.0148
8.37193  7.93837  16.4957  42.2643
30.3929  3.02185  -1.40781  75.7029
23.5052  9.67485  2.13411  15.9124
16.3183  -13.1389  20.9482  22.5273
44.3643  -7.16662  4.03792  138.983
48.8584  10.461  19.0312  67.2482
36.7299  4.9973  18.0915  63.5418
32.3977  14.4325  19.4773  59.9237
17.6531  10.9076  24.4065  8.68476
26.046  -7.37825  -28.5088  97.756
33.5248  -5.07617  3.04096  99.342
37.9524  -10.7487  -0.421137  120.215
43.2115  2.22754  -3.26281  113.293
18.0441  7.53227  18.497  23.9811
27.5987  -3.77224  1.18758  143.698
35.3565  -1.01289  14.9  32.6116
12.3638  8.13773  9.86034  81.7056
20.9718  12.0788  0.211626  15.3583
31.6802  -0.932906  -5.5916  124.463
50.543  -10.1932  -10.4105  21.9775
21.8366  3.17067  9.01093  4.36753
27.4418  0.461371  -1.39235  57.8007
22.9245  -0.544266  7.6165  137.848
30.6912  -2.43901  6.05426  41.1447
46.5502  15.6792  4.67711  73.3275
27.35  -22.6341  10.7059  139.592
31.6902  17.8541  -6.88809  145.203
37.2466  0.276768  20.3962  103.375
29.2188  -10.764  -3.22276  71.3807
21.0992  0.965641  2.27514  3.86016
39.2994  19.2503  3.08053  25.8168
24.9687  -1.98615  -5.69402  148.522
33.3127  -0.934382  -2.57958  149.152
33.8148  -2.93937  -5.40109  22.9867
25.4578  -1.31014  11.4325  59.2104
34.0134  -20.4374  16.7597  121.425
34.0362  -9.65247  -17.1997  71.2294
18.8435  12.7422  -4.34689  79.658
29.7166  -1.42278  1.64575  0.986714
17.8808  -7.84531  -4.6649  78.6313
29.9655  0.0609368  -0.137927  114.927
21.4857  7.81327  -4.39731  54.3756
28.75  -19.4117  -13.476  100.88
11.758  1.90511  -0.649188  80.8685
53.8797  3.60017  16.5454  83.0749
56.1686  1.92592  -5.24408  41.398
30.3022  0.339985  3.42346  144.849
27.429  5.17315  -5.39874  94.8388
25.2841  0.717153  0.973529  68.7219
9.82646  -2.56102  3.50761  111.618
13.9308  5.64464  -11.1455  126.271
36.1185  0.597897  4.02604  75.9723
31.5787  0.52421  2.53206  51.5142
22.6685  -15.9533  10.9617  98.8096
27.7471  -2.09795  -3.26592  122.076
19.3104  1.79284  6.81605  7.97364
18.3032  18.1419  19.9957  2.78414
36.8574  -2.90902  -3.15663  77.4598
25.2716  -2.27057  3.70376  72.9134
25.1626  7.4383  1.26007  64.8716
31.5035  -0.240229  0.202404  148.737
20.1865  -16.3337  6.89769  108.801
46.529  6.68615  15.3782  119.673
31.4093  9.10387  -4.48853  23.6949
36.504  5.41017  -1.55922  146.869
39.3102  -1.98176  -18.1739  51.1951
52.1339  10.839  -0.624968  57.3185
8.24135  -16.6457  -7.04593  135.332
35.6316  4.9471  14.9759  52.9623
31.2661  26.1653  -10.5604  127.771
34.3225  -1.10393  -11.2455  64.97
31.0685  0.613189  9.91791  34.6153
2.33683  -11.4836  -1.11431  40.3258
14.0036  -5.12676  23.1944  128.202
40.7394  19.0262  -1.76728  132.994
21.8288  -19.9041  8.05529  7.1018
21.0025  -2.58033  -1.83232  43.8602
52.6531  -0.466306  -5.91098  118.668
29.6424  0.975638  -8.46605  8.30906
28.1987  -4.73225  -4.33572  18.6228
35.3512  -1.12991  0.168266  144.45
21.7484  -21.0421  -5.05278  56.393
30.3077  11.8541  12.8884  44.3463
33.7536  23.8841  17.2387  14.2272
33.6661  -2.16987  5.09497  93.578
30.8927  -5.04687  7.86622  112.926
42.1702  -7.63837  -18.3035  115.231
39.3295  2.36254  -23.7475  99.5759
10.781  7.42995  -3.07228  143.56
31.4732  -1.68533  5.53985  6.1417
36.2213  -7.50135  -4.94272  21.5201
31.5157  8.65857  13.0208  119.357
29.777  1.02801  -0.410932  149.86
43.2742  22.9158  -12.4403  67.2702
29.3378  13.9188  -17.7277  125.76
43.1226  0.125788  10.3117  107.957
37.9557  -16.6472  -9.43583  8.95982
27.8214  -4.28177  -3.29622  25.2889
23.5038  2.55514  -1.48452  133.55
29.0782  -3.02732  1.01612  9.59702
35.8327  2.16197  -4.87737  1.13574
47.2979  -6.66812  -12.7386  1.0169
38.4344  3.66591  21.7481  23.0601
29.7617  1.68003  16.5553  64.1477
42.845  2.88827  -24.5652  59.356
33.7742  -10.8371  -5.39723  51.4621
27.573  -3.17105  -2.21043  61.5764
39.8454  -8.02637  2.09886  33.4682
32.2788  -1.86125  5.51588  66.7961
36.7619  0.317451  23.7481  69.947
29.8548  -0.0208519  0.131631  30.2397
35.8971  20.2208  -3.55236  111.738
30.6194  -2.32981  1.20883  75.9771
26.4447  -6.39307  -13.2871  118.578
29.5525  -3.20086  -0.190763  64.9113
24.2911  -3.99415  -6.52904  125.918
6.7505  -3.36992  8.19119  69.7224
27.1152  2.82054  1.45007  18.065
19.1516  1.7181  -7.57468  134.997
30.5939  0.336387  15.0751  22.7129
34.841  0.125675  3.56102  70.5239
8.99175  20.719  1.40093  144.602
31.1273  -27.104  -8.27581  81.3594
21.1324  -2.79845  4.40037  6.15408
35.2488  -4.17651  8.83925  107.954
30.5855  1.00635  2.28318  41.5936
32.248  -12.23  26.4444  100.504
32.3049  -9.17466  25.6923  144.946
46.1055  -12.4783  5.81255  130.712
14.8269  22.0569  1.99504  124.402
32.4139  5.77144  4.15909  36.9304
13.1341  2.61304  -9.98615  133.812
30.0271  -1.75604  14.6544  42.1871
32.7334  3.81482  1.66606  35.3894
19.4212  -4.82671  4.75665  58.5471
33.521  -26.6488  7.58282  90.2029
53.7386  2.336  1.53678  27.5309
13.2802  -16.771  13.4206  40.2882
33.4323  -1.88921  17.5417  57.4258
33.5834  -17.1752  -6.32198  86.1466
36.1664  1.61658  7.02064  49.5985
32.0062  11.5113  3.45894  8.59323
27.4418  10.9422  2.18532  44.9098
18.426  -3.72107  10.1959  95.7877
25.5836  -4.13719  -3.55356  46.944
35.8656  6.04895  14.2212  24.7365
39.2575  -21.0321  -8.10197  72.8351
16.0561  -17.4136  5.2053  85.9972
36.0867  -17.0823  1.70839  4.74752
44.3599  12.0829  1.10381  74.2572
44.6465  5.90831  -5.80152  57.7804
39.5721  -4.13911  7.21585  94.5969
30.8432  -1.52781  5.15806  115.574
30.7047  0.389574  -0.619001  32.1048
24.4356  0.135617  0.887554  99.0356
24.4782  15.5806  -12.5281  75.3238
30.5567  5.9158  -4.96772  11.5909
46.5696  -1.67206  -0.616381  132.415
27.9573  8.15708  -26.596  82.1676
17.0156  11.6508  -1.63286  23.0978
36.0028  -4.35984  8.11634  123.504
22.2517  -14.9132  10.7957  30.6533
30.7868  24.159  5.33103  37.4668
28.792  1.59965  0.0147225  104.505
24.6142  -2.34611  3.77885  89.8766
36.9082  -1.15723  0.421663  1.57888
30.5165  2.5142  0.753788  99.8334
30.1767  -7.24199  5.98998  90.7299
21.4175  -4.58622  2.63902  75.5992
20.8748  14.0048  18.6799  84.12
33.2127  -2.30502  0.414328  122.225
25.2981  -1.64981  -3.21023  13.4668
31.3428  0.545754  6.7571  9.91833
28.6024  1.24916  -22.6963  10.9767
31.9618  -9.40973  -6.43316  106.157
53.0703  -3.6595  -1.31258  15.8389
39.8785  11.0565  10.0352  23.3207
26.0351  21.2601  -16.791  35.6485
32.0376  -8.64683  10.1392  148.92
35.732  -23.9142  2.5846  84.4764
31.5884  4.28013  -15.3079  106.966
37.9012  25.5525  -8.39421  94.4351
30.387  0.160541  0.106299  31.0956
34.7579  -5.08199  0.0448511  107.557
31.2807  -0.100479  -0.00531281  63.7334
27.714  -3.90061  8.94583  88.4388
40.6058  -0.996994  3.68056  48.127
21.3277  4.21656  10.6314  56.6321
28.8999  23.3474  -2.15511  141.584
18.7546  -20.2993  13.3147  0.75336
27.3443  2.31378  8.17388  108.031
15.5567  -7.77234  -7.61842  38.5147
31.5691  1.62049  -8.39573  41.4513
24.9072  -10.1261  -9.38731  118.111
12.4534  -17.5752  -12.5576  72.387
27.6215  5.2544  -6.57893  146.702
29.7642  22.8894  9.76744  108.139
36.484  -0.430255  1.09482  2.59833
14.8671  10.8246  -3.40188  63.7582
23.6082  -18.2139  -21.9178  119.899
21.8154  -4.41724  4.01091  91.9746
20.9832  -16.2026  -17.6353  57.9448
23.5346  26.7931  11.2417  51.9184
28.977  5.78336  -8.96282  2.0025
27.1046  -6.83197  -1.26974  110.658
36.1624  -15.0655  4.34325  14.4703
28.4952  6.07022  -5.49724  83.2196
25.178  4.85786  -6.67995  24.7156
30.5395  0.406712  11.5398  93.858
30.2462  -0.0229584  2.2142  23.8711
38.4044  16.6031  -13.2383  103.031
36.6199  -10.758  16.451  17.4685
31.4377  10.2359  19.366  93.4675
31.0178  -0.821435  -1.07642  104.084
30.1222  -3.27956  -2.83888  43.2686
30.1037  3.7436  1.13266  77.0566
45.4518  8.92361  4.45774  113.352
14.4332  -3.12118  5.77888  147.359
19.6251  18.3341  15.4888  127.173
18.9332  -6.13498  8.04268  94.9583
27.0791  -3.53185  -0.223841  130.683
25.822  8.58146  5.17814  107.116
28.4278  -0.124025  1.12828  80.3151
51.6017  16.4163  -4.09825  69.8765
33.6932  5.54287  -7.50531  78.5988
33.2655  -6.87082  -1.6335  82.1454
42.1905  -6.82823  -22.0532  58.5929
38.6532  22.0347  8.2314  36.6328
7.74567  18.1383  -7.82572  87.2012
31.7874  -0.77406  10.1113  17.1486
25.3848  -2.20261  22.5592  41.1088
31.0918  -2.55313  4.32257  7.5754
27.6743  -1.72618  -1.03219  11.6494
29.7536  0.666644  -0.893895  134.121
24.3856  5.22388  -7.54775  61.741
49.6769  -8.04768  13.1817  7.48363
15.9406  -4.55232  1.33339  43.4885
39.9993  -6.54763  21.5145  24.3671
52.7502  -5.56128  -3.91789  39.6931
37.9476  -2.5315  -3.01167  13.7078
31.1355  -3.0663  1.91171  65.9555
31.9368  -9.98651  -1.54286  65.5768
30.4379  22.3878  -1.95582  61.3094
45.1277  -3.51334  2.93413  103.733
30.3014  0.693873  0.0273884  60.0257
30.0646  1.16867  0.627632  132.511
23.7746  23.2506  9.44506  70.695
47.9618  16.4599  -11.4279  107.304
28.8242  19.397  -9.7988  138.665
31.4652  7.97234  2.43273  120.979
17.4335  26.684  3.49771  61.6873
22.9238  19.4989  10.4981  90.3975
29.192  0.424891  -0.673421  109.852
16.5934  -18.7365  8.53871  7.90653
35.3616  -0.121205  -1.07624  4.10678
36.9391  -5.58425  0.0951139  132.133
18.0003  -0.93882  -9.41721  7.40299
34.5453  -8.01676  12.9332  17.4334
46.7659  14.53  -14.3483  100.582
31.2509  2.99259  -0.617124  85.3068
28.5681  -1.07746  -7.24956  106.709
21.9227  0.329725  -9.04476  106.974
37.0528  14.0576  21.9614  50.5668
28.7532  -5.47116  -12.6051  7.76151
18.7544  10.9029  1.63941  89.3385
54.55  13.7885  -4.0912  73.5348
14.5942  -9.59988  -11.2641  54.6583
23.7334  -4.42347  0.744948  69.2761
8.89366  -12.3679  -1.98043  87.8202
22.8975  -9.28333  10.1564  106.476
13.8041  -0.624164  -8.68668  124.858
35.7556  -1.28766  -7.51231  61.4403
22.3139  20.4524  7.06077  36.2014
22.2247  14.0112  21.7529  79.911
5.4879  -5.42212  -11.263  89.241
24.1486  -19.3272  -12.5182  11.4772
29.8537  19.0898  5.64636  129.888
33.1173  -12.1486  23.7826  107.471
36.7445  -2.6555  10.6767  129.911
33.6295  -10.351  2.91671  47.2213
25.8548  2.61395  -2.06059  20.4667
40.3574  15.0535  10.9463  29.3814
28.8754  2.32682  6.00316  76.9568
44.6232  8.57322  -17.4463  108.806
18.7212  -3.32045  7.01324  128.869
29.8004  1.32751  0.211731  62.8945
28.5826  -7.0127  0.562914  74.0287
37.2686  16.6266  -6.29032  141.236
45.0359  -7.56536  -9.06441  77.764
20.7427  -16.857  11.2059  132.359
31.1699  8.77418  7.85162  70.5869
30.4321  11.4448  -14.0431  71.7262
37.9892  2.26491  6.11508  112.122
23.6272  -19.6803  -12.3443  17.4571
25.3317  -3.2825  4.60103  33.8401
29.9489  -6.89418  0.676105  78.7715
31.1515  2.26953  8.75521  35.6076
46.7597  22.2251  11.1296  12.3407
34.9622  4.99382  -5.08027  149.455
31.1457  5.16626  2.18458  88.1806
31.4094  0.718787  -0.686398  32.9712
15.4006  -5.11307  1.79065  90.6429
33.8652  18.6438  -2.72148  52.1316
49.8941  8.45767  3.32912  131.154
37.3062  3.37174  1.09545  66.8306
30.7017  -1.72069  0.0255883  85.6205
54.3498  -8.76661  -14.391  121.303
26.4332  0.316037  -1.31927  8.66552
28.8596  -8.54044  -20.9645  2.70741
20.5377  -5.25862  -13.9254  77.4226
39.2539  6.04904  -5.38639  10.2228
52.1321  -15.6807  -10.0379  58.008
42.2462  11.8394  -0.549392  73.1262
33.8625  6.15083  -15.8482  68.1756
32.5893  3.73992  -7.14017  28.3616
31.792  -7.35394  4.33745  143.539
33.232  -11.186  -18.8762  19.0013
29.979  2.70159  2.17411  50.4807
41.223  -7.18069  15.5535  86.4095
32.6812  -0.713701  0.25557  11.1598
27.5537  -5.84089  -5.15169  12.8506
33.4845  8.2128  7.88931  71.5581
28.4744  16.2885  -4.83544  130.677
24.3042  -5.01502  -7.26334  87.4775
29.3771  -1.81859  0.814027  77.1228
16.8156  3.43928  -0.30639  40.2067
21.5208  -5.1877  26.7192  17.2304
21.2085  -4.78101  -28.1537  112.375
18.2585  -20.2438  2.1427  80.7326
28.6855  -9.33873  -17.8811  128.037
28.6872  0.963464  -3.82596  1.73106
22.9189  -5.45626  5.47996  39.2991
31.0537  -1.03191  -2.03811  74.7895
26.6164  -6.92991  -2.8875  106.455
35.4868  -3.57002  14.6913  33.3937
26.3607  -9.89623  -10.3477  137.652
23.6458  3.34362  -0.176536  89.3545
28.6028  -6.51572  2.73459  103.205
43.7381  -6.66541  -8.79591  122.462
33.6327  7.21605  2.56179  25.5818
33.5924  -22.6545  13.4963  122.865
45.7261  4.62334  -15.2764  88.6319
24.8082  -0.343335  -5.84961  107.151
28.1498  12.1257  -11.0822  74.0537
36.7603  -11.1029  8.49715  147.727
29.0118  2.22501  17.3365  41.2761
21.0115  9.06484  11.2241  52.9804
42.7833  1.62915  16.1847  50.6365
29.2995  -1.16339  0.948539  71.5116
26.7692  3.72182  -6.79928  147.519
28.2177  -0.952794  0.594831  45.7018
32.7975  8.08236  14.7859  8.45509
20.9472  -6.47459  -0.253794  63.4701
49.3741  -5.57799  -3.84337  14.363
39.376  -1.79422  -12.3345  29.0826
30.5444  5.77662  0.28956  78.4539
31.3146  -0.512288  -0.0675367  28.7829
28.8918  -2.21503  1.59962  72.882
26.8708  -12.6067  -11.6955  65.8863
25.3889  1.61943  26.797  140.167
31.5545  -22.351  -16.1992  4.54209
31.6808  -0.973017  0.354449  7.12534
26.7471  -2.12887  -7.14674  132.05
42.0177  3.0302  -7.71546  96.7204
28.7055  5.09105  0.378093  23.9751
42.0901  3.29913  -18.9748  82.3651
30.3738  1.47098  -0.266949  104.434
34.5993  3.03836  -2.22516  10.1513
29.816  0.165493  -0.0995897  110.109
28.2567  -1.05899  2.91986  76.339
32.0138  9.11595  8.19752  107.757
40.9409  12.1762  -7.37744  142.899
35.6493  11.6668  -0.492392  56.9242
29.4566  14.1355  0.509163  90.9056
28.7448  1.99717  -2.10234  142.43
15.2762  1.8996  0.84174  25.9527
28.25  -22.1446  -5.36064  27.5531
13.94  -8.49825  -19.1712  27.6327
19.4944  -1.46429  -3.70104  126.223
34.6866  -5.87487  5.69318  31.1948
29.9384  -0.0585003  0.0582861  65.2352
11.4574  -18.1451  -1.30091  12.9403
50.3962  8.81578  -12.9393  96.3972
29.3756  0.0678604  -3.58411  93.5936
33.3443  0.601907  5.64432  9.73349
30.3898  -1.7983  -1.08714  35.8895
44.5434  -7.58074  -16.8416  85.9834
24.3629  7.13371  -5.90159  101.96
49.7855  -13.8458  -14.7509  10.2505
25.214  -0.00953547  14.3346  90.5102
25.5762  14.9918  2.65181  105.492
29.7179  -0.37009  0.370733  143.415
48.4063  -10.3882  -16.2988  93.9919
37.5243  1.14992  -0.0767133  31.6022
35.413  -2.43638  10.835  103.493
40.1907  0.154627  9.38803  146.774
34.2698  2.96665  -3.37957  40.3541
32.6107  1.72752  -5.11709  77.0011
30.6147  -12.0384  15.3685  9.2715
17.279  14.0801  -7.17112  124.805
27.8783  5.5101  -22.3789  44.9745
37.0232  13.1857  5.56777  36.8151
22.8458  -7.00868  4.3778  94.7302
25.9949  12.6735  9.17993  38.5062
29.3458  -1.17506  -0.979189  134.984
37.3022  1.75871  -22.6883  96.1817
27.1161  3.30057  1.0992  31.3213
30.6378  1.13622  -0.990606  3.36672
36.0982  -7.81073  -15.999  144.188
28.6838  -6.17792  -0.933884  114.172
34.4143  -15.2995  -3.01171  93.2413
22.1535  0.906127  -1.85486  91.1879
29.961  0.156128  -23.1957  6.98633
13.3871  -2.5835  12.6056  86.4278
30.9518  6.4606  0.636859  4.69018
14.7981  7.22324  -11.099  117.848
27.7252  -0.802968  -2.28258  71.7654
25.9745  3.22733  9.13228  48.0242
18.1005  5.07594  -7.38617  56.5125
53.7198  -7.3809  2.22249  28.4443
36.4377  4.9342  -17.1271  55.6977
30.196  0.446486  -1.94911  10.0428
21.4647  8.16681  -21.3498  134.64
25.6862  -20.0763  11.3392  139.122
10.8746  9.4037  -10.9269  66.7224
30.048  -0.00666393  0.225288  75.0372
43.8697  21.1583  1.98459  51.8662
11.9467  -9.7573  -21.172  110.1
29.8284  2.95994  3.47244  127.353
28.3773  -1.70854  0.39911  22.3982
29.7546  -25.5781  -9.78319  17.1018
42.4968  16.6308  -6.416  88.6291
34.4619  -2.82627  2.39439  5.51225
13.5992  -1.21259  -0.230735  139.26
28.5164  0.770324  3.934  63.4471
34.1617  -15.6277  16.5334  9.33657
27.3859  24.9021  10.4066  2.15851
21.5697  3.0286  0.0117727  66.7376
38.0685  1.45252  0.132659  131.488
38.8629  -4.00764  22.3828  133.488
38.2985  -5.77166  -5.71048  147.467
31.3571  0.545841  2.07813  17.1972
17.9279  -22.3312  8.08171  100.372
30.9495  3.80131  -25.3438  48.4791
36.2975  1.36427  9.01852  118.04
18.6989  -2.51406  -11.8167  93.8973
29.9956  -6.55111  -10.3576  58.64
13.0821  6.49892  -3.4087  53.4597
29.1586  -3.4675  -7.54612  66.7088
32.1221  -13.497  13.3444  96.0554
31.9443  -22.9333  -7.0326  131.729
29.9145  0.071353  0.0436471  108.118
42.3665  -11.1147  -17.0647  102.782
37.5056  2.61645  -4.52127  69.4027
41.7303  19.5361  -9.81555  5.64457
33.735  -7.43955  -0.0453227  19.0793
30.8458  1.3878  0.0539691  71.8477
29.0093  7.11332  -6.71206  67.9833
20.94  -15.8587  -18.4219  111.815
38.955  -0.3294  12.8655  100.794
30.6792  -4.37923  11.4446  105.926
25.9282  -26.0412  -4.0572  149.911
25.264  4.35341  0.731054  55.6109
23.3782  11.8499  1.87506  135.598
30.4759  0.400932  -0.911889  64.7755
23.5243  2.29997  -4.22483  42.3687
34.6966  -24.3756  4.22448  148.356
21.4396  -1.80342  -2.51683  54.9577
44.767  22.9277  -12.0232  134.958
38.1485  6.22164  -2.44796  56.2642
27.6698  -7.2606  1.93013  51.1771
43.9155  11.5771  1.13382  100.352
17.1909  24.5618  -10.8541  38.5435
18.3651  -2.14237  -10.6267  12.4981
31.0635  -0.178396  0.418867  6.35755
10.8396  10.5521  14.4136  12.2772
20.4886  2.13326  -7.24648  141.438
28.9509  2.17572  1.08721  67.0279
32.4893  1.63121  3.40956  23.0802
24.2344  14.8909  16.8273  32.8422
22.9368  11.078  -11.5907  26.275
27.6707  -22.3643  -11.0314  39.2028
40.2789  12.7335  24.3592  115.807
33.3429  -3.37728  -2.07441  85.1973
39.071  7.43355  -7.49208  66.8701
46.3  10.5365  10.9235  1.77117
16.3063  1.65601  -0.266024  44.5318
38.3217  -9.22766  16.8046  113.627
23.6601  15.3218  -19.1606  105.228
38.9008  -1.86438  -2.49141  115.472
36.364  -6.67488  0.683777  56.0869
37.1565  -23.6324  11.8837  48.8604
34.3607  11.4631  -4.4012  142.68
33.0247  3.70479  1.31202  80.5524
27.8137  -4.65183  3.80401  75.9168
12.6864  12.3192  7.04065  126.645
29.9373  6.77051  5.33793  26.0363
53.2254  7.43084  -3.947  103.417
30.2639  -28.3118  8.3268  90.2425
26.8699  2.68862  2.82148  87.6627
23.9696  -5.6594  2.15211  118.297
33.97  -2.44077  14.9609  80.5534
28.0725  -5.85026  2.54114  127.964
40.7752  3.82818  -4.66747  24.2484
44.841  8.25243  11.457  53.8022
17.2039  2.44039  -25.7553  109.419
30.6233  -0.649895  1.65773  90.5925
35.1563  -6.42241  8.0662  64.285
16.9693  19.699  -16.3922  137.878
34.7498  23.391  10.0017  64.5973
14.5388  -5.48347  -4.72702  111.027
34.3189  4.60511  2.54726  122.074
38.5902  1.02803  10.7019  107.088
31.0381  0.657312  -0.800954  35.2917
41.071  12.4388  16.7368  143.19
34.5565  7.4994  -1.56823  74.0338
29.8739  -0.249467  -0.0739655  2.2809
20.2763  -11.2252  14.6452  69.8653
29.909  -3.14378  3.16417  43.4744
31.6355  -9.8409  -13.0832  13.4016
23.956  -3.12864  3.26899  6.97367
31.0409  24.0153  10.2698  91.8427
33.3385  20.7538  -2.52606  119.706
31.2457  2.90242  -1.4449  56.7425
28.6441  5.07828  -2.83544  112.955
28.9236  -5.26535  7.02262  93.0123
35.6804  13.3097  10.2255  79.3824
34.1539  -7.20376  -3.84636  115.333
34.5637  5.37979  -4.77241  16.6849
28.3896  0.0564692  1.7605  125.287
20.6644  11.2483  8.67375  116.025
28.8618  2.45592  3.57138  147.82
2.3359  6.94207  -0.111944  36.9009
18.2919  -9.59099  10.5369  91.5528
16.2685  -6.38418  -11.6909  121.306
16.7552  18.4377  -3.23897  84.9839
10.9786  -20.3556  9.64748  121.891
34.8955  -14.2345  -10.0904  85.1343
23.4392  12.2843  4.14741  143.157
35.9563  -7.15418  -6.01303  113.292
5.57255  17.3726  1.11471  4.41527
9.38797  9.90133  8.05806  15.8685
33.8782  -0.538416  2.13821  9.83337
41.3756  5.52003  7.95348  52.9265
43.2993  10.9718  4.84397  18.0753
41.85  5.64657  -4.12249  110.325
34.6733  -15.629  -2.24126  20.4663
42.5198  3.72204  -11.2551  132.371
29.7986  0.936962  1.5924  126.284
25.6133  -11.6741  4.85793  147.956
38.6188  -4.22943  2.81814  138.906
27.6495  -0.457888  2.31968  59.3024
22.8035  11.4773  6.06215  115.932
42.3801  0.0474804  18.4387  133.154
18.9084  2.99899  10.2658  93.7943
43.7646  -1.68264  -14.2795  69.6675
4.89921  14.0334  0.958483  116.102
28.5918  14.0785  -10.3287  9.60061
46.6701  4.02546  -6.36936  30.5514
37.611  4.00334  -24.4161  12.4281
29.5912  0.139432  10.5793  38.5473
38.0999  -13.4361  -5.77842  66.2706
31.8824  14.6677  -6.46537  32.1431
31.1533  0.601766  -2.18237  101.226
21.6098  -0.886163  5.47479  122.342
22.6236  -24.4136  -2.4171  129.534
43.2454  11.2411  -4.40477  127.162
26.5333  0.184196  0.931597  10.243
22.2849  -14.0257  5.56346  15.1044
30.0446  -0.0127241  0.0696134  5.38801
26.3963  0.341956  -1.29133  1.37251
53.8161  -6.50779  2.72576  147.461
9.81791  -10.4103  -13.5763  33.258
14.3329  2.93776  16.3095  59.7802
23.74  -3.28889  -0.278527  73.3463
23.4771  1.80609  16.7575  34.6807
47.0567  -13.6265  16.1881  132.65
26.9435  3.22029  0.704648  83.7012
36.9481  10.6364  3.31953  108.205
33.1166  2.20362  -8.66884  101.482
46.3903  0.979002  -20.6821  33.1176
26.5005  4.53094  7.56295  65.8746
36.3477  0.827537  -23.8718  62.0747
17.6005  12.5294  -6.04318  43.9338
23.4262  14.4245  -18.1109  114.408
40.9739  0.990783  -0.0891974  8.93252
2.27607  0.614237  6.76255  52.8052
29.7167  -4.84909  7.0217  130.56
50.1108  -1.93867  15.1624  124.715
27.6946  0.957766  -1.76049  110.371
54.9688  -12.3383  3.65356  29.9576
14.976  -15.6749  -18.8736  68.6455
40.6361  -1.76947  -7.97871  44.374
30.224  1.49075  -0.138198  96.3895
28.6397  6.03734  5.53493  44.7824
34.0544  -3.44453  1.71294  89.2199
28.4645  -2.72608  -0.0994618  75.9741
28.235  17.243  12.8201  130.127
24.811  -9.59032  17.1562  51.9136
8.35058  -3.43623  -1.78581  148.299
43.5171  6.20722  2.37449  120.372
32.8461  2.31391  0.536712  110.435
20.4975  0.454719  0.74872  112.641
13.5848  17.0483  -3.72378  62.0564
37.2905  9.09812  2.44857  43.8739
26.8593  4.07213  13.9187  109.189
17.362  10.0832  -5.65231  120.305
29.5489  -1.06193  -13.8988  29.479
28.382  4.98245  3.40959  24.9431
23.9708  4.96582  9.18199  73.3292
15.1551  -2.01128  0.0652153  80.013
34.326  13.5373  11.8671  86.9418
41.0174  16.1217  3.54536  13.2694
32.0876  -3.14167  -1.08164  93.7631
13.1577  -1.81333  -3.33372  125.778
29.3773  -14.3211  -15.3411  132.772
35.412  11.1094  0.673747  24.8619
31.4483  1.68008  -2.08594  139.003
11.4779  -8.94228  -19.0897  98.9038
28.845  -0.166668  -5.82059  98.2729
16.7273  -12.694  -13.0248  38.5623
44.9605  9.46046  15.8157  113.671
23.3137  3.06687  1.96098  74.0573
25.1292  -9.82908  -23.1654  7.79805
31.1768  6.59415  -5.42381  17.2482
41.4115  3.68991  6.53158  74.9924
44.0755  2.09902  -7.26647  92.6996
25.3942  -10.0104  -25.8313  12.2945
31.6149  -1.18638  1.70434  85.9958
53.1243  14.5517  -3.03093  58.9692
41.1822  20.4815  18.2199  112.353
39.3706  10.2628  -6.81714  13.8228
18.4822  -2.67875  0.219143  64.1128
31.5318  14.5697  5.98494  140.949
27.5795  13.6109  -23.9541  105.311
49.4302  -11.2466  8.98879  34.3656
27.7061  17.6537  -20.3899  3.68131
41.4995  0.374058  20.6024  60.4162
37.7724  -7.09286  -1.96802  99.7446
24.156  0.333083  0.402698  107.466
29.9272  -5.67641  1.831  36.3261
45.2113  20.6682  11.0911  10.8887
41.6448  5.98477  -23.363  118.559
27.3149  4.61314  -8.62769  10.2766
35.822  -5.21175  3.86012  67.7691
23.7534  -9.56822  -13.1185  147.31
22.4402  6.66789  5.15766  135.038
17.9943  8.84629  4.46136  43.3071
25.7756  -4.1212  -1.47593  144.348
36.3715  2.19788  -0.74536  144.151
43.882  2.09687  -11.6984  95.2563
31.1249  -4.6265  16.8998  99.8911
28.3176  -0.0116848  -1.80586  68.4701
23.1858  -7.86361  1.28823  35.3687
30.156  1.22746  -4.70918  75.0343
30.7017  -1.13628  -0.804087  24.6133
34.6312  -6.11157  13.194  127.664
23.019  0.39461  5.93676  19.3684
35.3986  -7.71051  -4.01946  9.88262
29.7793  0.446469  0.450587  65.4726
37.069  -6.04301  -1.04567  25.4105
29.971  -0.0962477  0.0118665  149.722
13.9851  10.5522  17.7187  44.4814
25.441  -10.361  2.07872  62.5471
5.39103  -2.26807  -8.82679  49.6863
26.3829  1.51532  -0.0877871  122.131
31.0795  -21.6287  -5.30268  76.8244
31.3015  -6.14564  -3.15758  25.5674
29.8518  0.0176163  -0.224915  119.063
10.6782  11.0727  -19.5829  124.843
36.0911  6.69343  6.08045  7.1399
42.4401  1.58036  18.006  12.9667
27.9021  -0.936203  -4.03043  116.481
17.3091  12.5796  1.22881  35.9884
22.9442  13.5731  -20.5311  138.312
47.251  19.5511  -3.33438  100.244
30.436  0.578718  0.587079  130.746
16.2894  21.8086  -13.7177  30.732
46.6849  5.52559  -22.3908  33.9581
29.3119  5.75541  1.92165  144.909
16.9873  3.26382  -0.748467  140.93
35.9619  3.54514  6.66685  88.3778
21.4835  27.8859  1.2993  60.972
44.4447  -4.60244  -16.2163  147.347
24.7281  12.5901  -18.4926  29.9056
30.9643  -0.84648  -11.2914  11.512
21.5877  -22.4812  -9.67088  65.7284
5.70417  4.9396  -12.8977  133.96
21.772  1.2927  -4.18821  146.023
43.5192  1.93549  7.34526  144.135
42.0415  -2.57495  0.775151  144.305
13.3104  16.7152  7.75792  8.18341
15.7504  -15.8711  4.33712  45.1207
30.2431  -3.34317  -2.98964  124.199
48.1416  12.8576  -6.74621  85.8648
29.6727  -13.3139  -11.6557  42.0218
33.3541  -14.0391  26.1556  48.7105
30.7454  0.575098  0.998651  139.287
52.1659  -1.49746  5.34761  39.3924
29.8811  -0.869208  -3.63963  128.79
20.3639  -1.10363  3.21961  22.9591
45.1588  5.10543  9.93828  11.8162
33.5621  12.3747  -11.0762  23.0555
29.7355  6.83022  -7.57426  109.447
4.56699  -4.44855  7.9033  50.264
29.8111  1.26393  -0.929335  49.9695
44.7217  -21.9201  0.530408  99.7471
29.1663  -6.51202  -3.22371  6.49863
27.3927  2.21953  -19.478  80.0007
21.0697  12.7639  -21.5988  44.7385
51.2811  -18.5943  -2.65764  121.02
0.826108  1.2283  -1.67685  69.1671
32.7301  3.19513  4.59376  77.8255
23.9599  -2.00725  12.1337  2.47515
27.9139  -2.06961  -1.46711  106.45
35.4618  2.75669  9.9907  39.6083
28.4576  1.08514  -2.8824  13.013
34.274  -4.72101  -6.62057  56.1585
27.8766  2.70061  1.50582  66.4369
51.8359  8.45675  -18.675  39.2365
29.3697  3.2762  0.0558528  128.805
19.1646  22.4624  1.93749  97.6453
23.3866  7.31496  10.7162  115.524
39.6941  -10.089  -25.6488  83.897
27.6025  -2.32322  0.825452  95.4121
26.4364  15.7703  2.96742  10.8607
39.6788  20.432  5.00412  68.8032
14.0976  -4.3056  1.29248  122.725
19.4781  23.8049  14.4752  60.4817
29.9528  0.0701874  -0.107654  76.6021
31.731  -19.7722  8.60582  139.45
37.5249  10.5285  23.7208  44.1129
45.7192  16.4574  -11.8685  123.781
41.9473  -2.26531  -9.94383  27.5964
44.8367  12.4091  -15.2183  52.0378
28.6039  14.551  -0.415282  40.521
44.504  -3.04697  5.30591  98.6156
7.93003  5.44284  -12.7151  148.607
38.7234  -16.4668  5.13923  144.271
17.4808  22.1284  -12.631  48.8802
17.0016  -2.76604  -9.12292  58.8386
25.3176  -1.53681  -4.17219  90.7445
26.0876  -10.723  0.209249  10.5594
33.2226  6.80116  -13.9949  137.958
30.4251  17.8109  17.9268  1.54439
36.2693  11.0092  -17.6303  6.19807
40.6303  -7.29383  8.16911  133.38
35.3788  19.9065  4.02805  73.6858
7.75254  -10.0709  17.1039  111.85
37.9303  10.9092  10.6564  128.139
30.1267  -1.0992  0.704772  136.839
31.4661  6.81121  2.28651  43.1735
42.655  2.56306  16.7062  61.1538
37.4784  6.21767  10.9696  11.6701
27.2617  4.0761  1.63863  121.364
24.4204  -5.16017  -9.37316  76.2636
47.3239  2.33628  -12.2127  95.0764
25.4859  28.5696  -2.21154  94.926
34.4858  -5.25558  -2.5545  137.558
41.5857  -11.7182  -10.7696  100.273
32.9518  -9.41519  25.9998  19.253
31.6347  13.3886  22.1422  141.388
35.4286  6.89069  -14.4795  81.1394
16.3436  -6.20356  3.99643  147.265
29.833  6.78721  2.10066  107.409
34.0448  14.4665  23.3097  128.618
31.759  -1.13344  0.303623  82.0079
32.991  -16.5134  -2.99758  115.233
39.8484  0.64099  -4.07624  35.264
25.3731  -2.96275  -17.1345  64.9541
31.4982  -0.160545  -3.27774  26.6081
33.4711  2.94992  -1.53992  42.5924
30.5722  -3.61275  1.34046  137.419
31.281  -2.28564  1.2965  37.0683
24.3361  -21.7744  17.2628  3.18409
27.608  2.74635  3.05942  2.98373
25.2891  -0.273273  -0.804912  112.247
42.9105  0.926512  -11.9939  57.2632
27.8053  17.1652  24.1018  121.646
39.1398  -9.54819  1.50267  97.7045
53.0732  2.83435  -6.76077  35.0765
36.0576  7.71611  14.8589  132.994
30.2632  1.49352  -1.70869  89.7918
29.6375  -1.93586  3.13572  85.7956
39.9927  -7.43492  1.89719  25.6354
22.6706  3.7368  14.7998  0.597468
37.4635  5.69199  -20.5628  84.4503
22.6079  -0.323358  -13.9084  15.01
14.5741  9.50741  -23.5262  75.4229
38.4719  18.4258  20.0356  74.8479
32.9546  -1.17163  6.28986  24.894
46.4782  0.00374701  -4.52877  32.4759
14.4799  5.47969  -13.4454  22.1212
19.2282  14.4949  -10.3671  6.02758
24.0263  2.46814  0.65392  71.0761
35.6224  -0.742861  -15.1161  40.7599
40.3811  11.08  -20.4374  49.0075
33.4197  -3.28681  1.19865  143.299
24.4224  2.17943  -16.8037  93.4013
29.9999  -5.58282e-05  -0.000875656  110.389
22.3095  6.28327  -17.9827  92.4738
34.0836  4.77299  7.26718  89.0903
32.2752  12.5288  -3.59171  12.4127
40.9224  -18.1166  -3.11567  109.505
20.5111  -10.0148  0.769432  135.869
28.0604  5.7545  4.91231  76.3707
22.4343  -4.76752  -20.7594  6.37322
28.7169  -2.73387  -0.660243  103.036
27.8722  -18.0096  9.72269  96.0942
15.1608  -2.44623  9.04852  149.434
42.3881  -17.0883  -4.09498  31.3892
34.0906  9.1161  -23.64  120.297
42.7794  -0.0811777  -20.2544  18.3411
46.2185  -12.8066  21.0769  84.3448
45.6234  -18.4502  -9.63897  137.754
38.4301  14.8705  -8.66954  123.798
14.8005  -17.0516  -6.80398  74.9159
35.6686  -15.1001  -5.26546  128.406
36.4036  -3.06945  -11.8  2.33034
14.779  21.0274  8.7445  64.8404
25.4729  -1.77954  -0.0263066  74.9287
29.9461  -1.26208  4.58988  41.4037
34.7029  -6.49628  -27.0459  102.174
39.4358  -1.91797  -12.1608  143.499
1.29239  1.88935  8.08655  55.2701
44.8237  21.6279  -10.8046  80.8825
33.9891  3.69282  3.53003  70.1392
18.2924  -12.997  -7.60091  44.2345
36.989  -21.6162  -1.26615  23.4243
22.2136  -1.68714  -6.05969  41.1484
35.7549  14.1751  -17.8726  41.3068
26.5015  3.23073  2.57032  49.6649
17.7813  13.2272  13.2976  3.59096
31.36  -1.4183  -2.47757  101.007
16.0534  -25.6562  1.57092  26.8377
31.4483  -9.33617  5.3039  111.841
30.0366  -0.15615  -0.289213  132.403
29.4438  -0.624768  7.20112  102.585
55.3853  -14.0404  -5.73757  116.514
30.6119  6.06847  -18.5317  33.7363
32.0714  13.8558  -9.8882  86.3219
51.8526  12.2776  2.56136  137.44
34.973  23.1121  -7.11695  142.468
43.5315  14.4974  -0.324169  9.56587
25.2193  -1.77579  -0.212246  123.124
39.8759  -12.3561  5.6588  50.9339
24.7376  -9.44432  0.496565  5.07759
29.5464  -1.25768  -0.269486  132.083
26.9742  -2.49849  5.85807  32.6092
48.316  -9.48949  -3.21444  21.1612
24.557  3.27355  -20.6835  80.9342
29.9166  -1.11298  0.288577  120.594
26.3804  -16.014  19.6828  8.77713
28.2041  -4.18577  -9.71251  65.1518
54.5498  -1.51957  -10.2927  91.7746
31.4876  -0.968436  -0.647904  69.8697
38.9447  -6.24578  9.3252  40.8216
24.9243  -3.3143  0.0979482  59.4125
36.856  15.8829  11.5016  118.044
29.8365  -0.368601  -0.445981  17.7197
20.8818  -1.87727  -3.01234  82.9104
30.6866  14.1779  -3.32723  24.9356
32.5244  -26.8248  10.0607  134.853
39.4632  11.5438  19.0805  44.259
30.1695  5.37886  12.4775  104.131
20.9736  -0.0798539  27.9357  80.3961
28.1359  -0.0635283  -3.23843  118.827
15.374  14.1179  16.5688  25.4911
30.2493  6.82362  15.3621  86.7214
30.3504  0.0113022  0.147225  125.589
24.7585  -25.388  -11.7157  96.6236
31.7495  4.17022  -13.242  34
33.8364  18.2465  -0.525211  38.8058
17.2089  -7.5023  -23.4271  10.9774
33.2841  0.647618  1.2373  112.079
10.4724  1.19051  -12.6505  0.858069
45.4873  -0.912626  -0.87152  89.7757
37.8804  15.9972  -3.33264  113.599
39.8004  -17.7981  4.10005  19.4226
26.4044  16.3896  -10.7169  101.211
31.478  3.59555  4.39539  44.5443
37.7017  6.52551  -2.06727  143.278
27.7029  26.7868  0.0842839  128.132
16.4023  7.95802  6.5977  80.409
43.0057  -4.04663  4.91499  36.5357
33.2666  -15.6045  4.10115  111.502
30.6331  -2.46986  -7.349  1.55331
33.8733  -20.0182  -16.5652  64.5819
30.3759  -0.504675  0.697701  129.544
29.592  -0.200304  0.077814  42.7502
25.6343  1.14217  -3.61888  11.4457
30.3396  5.07587  -7.10125  77.6122
21.8754  -12.1438  21.2488  78.9189
50.1734  -11.7658  -9.52661  72.1554
11.2235  -3.54823  -9.77874  143.09
30.1607  1.36103  -1.34624  17.3279
41.2273  -1.69369  -1.88779  81.1616
54.0448  -1.15054  -3.50893  75.0821
35.8687  3.81508  7.84415  73.3739
30.9208  6.121  10.7414  131.714
31.6145  9.96126  -9.71439  148.405
31.7614  2.47508  14.5361  4.36005
29.8886  0.0415513  1.22285  67.0061
13.9912  -4.57602  11.1431  132.474
28.8941  -3.90765  -28.425  138.353
19.8055  -12.1527  3.64027  94.5496
24.6644  5.15396  9.72346  114.277
33.1644  -2.70986  3.82257  144.617
28.489  0.529396  1.8405  118.512
51.5273  -9.2416  -13.7466  107.922
37.3906  -0.94893  8.04991  71.0503
34.8938  7.07732  3.34769  105.51
39.1329  -3.11421  -4.42117  11.7032
29.0428  1.35773  -7.99759  28.3097
43.2528  21.0071  14.6189  76.129
22.5912  -14.1726  14.2527  124.14
46.389  4.65967  -17.627  7.72196
33.8384  -17.0377  -14.0233  59.1537
50.1495  4.11427  16.0054  67.1316
39.6424  5.3653  27.2531  48.0571
26.521  3.98447  -5.59729  118.169
