# STAR POSITIONS		MASSES
21.9862  13.4263  -26.5334  6.75335
18.8194  20.13  -27.2348  56.414
26.1884  29.629  -0.551928  60.8645
0.693767  7.76188  -17.7062  47.1743
12.5984  21.985  -29.1015  22.5808
1.85841  11.6235  -15.2018  6.91641
-2.61582  -11.0169  -5.82617  145.486
-23.5621  -21.0285  22.8775  24.8881
-6.25692  7.48537  -5.89803  11.9582
3.65951  8.79301  17.4834  46.6545
7.04095  29.3069  24.2088  58.0043
29.3387  13.8056  -28.6638  36.5997
-8.7796  2.91204  18.5794  128.379
-19.7043  15.3064  24.073  15.7384
-27.8608  -8.62956  1.89025  42.8326
22.9311  4.38118  19.5829  128.335
-2.23846  4.06963  12.6992  31.8132
9.38346  12.7157  -1.59296  82.068
-29.6777  -5.54338  16.1944  86.179
17.7157  19.5182  28.3374  85.3586
-27.2926  11.7252  -3.23922  82.3032
16.4174  27.1954  27.9202  14.8701
-4.31086  -24.9893  -3.40132  41.3692
-24.6313  -28.7338  -13.3084  50.4972
0.788777  -23.1376  9.49486  42.0642
-25.108  18.4059  -5.05583  87.8348
-6.93219  19.9562  -10.5326  112.054
4.58569  -1.70109  -12.8362  93.0353
-5.04281  -28.1258  -16.3185  71.6633
1.72701  26.7755  18.4859  57.8117
-1.2897  -28.0251  -28.0958  123.667
16.3505  13.6293  -11.1755  55.086
-10.4146  27.0498  -20.8249  5.17806
24.6036  -23.4147  -16.6151  110.199
-10.015  8.17448  4.75465  125.975
-5.61622  8.15824  -24.6094  147.039
18.3414  -16.0797  -16.3173  104.967
26.9134  21.7702  -17.8692  79.372
-2.53494  0.47108  -22.5114  125.448
18.955  -10.9038  -3.6413  25.7012
8.27889  -17.6912  16.0155  60.811
16.3667  9.13558  -22.4903  39.6956
21.3479  -6.12963  15.0695  103.93
-11.5902  -25.4812  21.397  62.86
17.384  29.008  9.13039  139.097
-20.0327  21.1177  2.78551  7.05411
-23.9911  18.6482  -10.8128  103.322
7.26701  -7.47827  13.2797  101.799
7.72091  15.901  -28.9116  96.2004
28.8911  -4.75819  6.78669  60.4471
6.35069  3.00695  -16.4567  38.279
17.4737  -10.0108  -2.63567  107.957
27.7715  12.3997  -19.8824  43.5673
7.51543  29.5608  -9.17689  102.524
6.19554  15.7445  -28.084  84.1404
-19.4101  15.2998  28.5506  41.2329
-5.56391  19.9382  -1.61397  54.8143
-20.0999  -21.3318  4.9067  26.5249
-29.9294  3.25347  6.77507  4.28678
23.8323  18.8401  -14.8207  60.4613
2.91015  -11.0979  -29.9654  34.6755
20.7595  1.00553  -15.3162  148.285
-12.7874  24.0085  -9.92441  12.5064
-22.1162  11.5315  26.6251  7.31651
18.2898  -4.92601  -11.2794  102.157
-24.5184  19.326  25.5279  112.825
11.3848  6.6647  2.92449  28.1472
-4.68553  -14.7048  3.39676  139.311
19.8549  -6.98661  23.6706  134.098
-18.0024  -11.9018  24.4149  19.1984
7.13981  7.8499  -29.9591  93.4572
16.8382  10.1573  -20.807  74.2861
12.6729  -12.322  -19.6026  130.435
-13.9786  -13.3474  -23.154  7.37063
-3.48652  -16.6338  12.8201  16.9889
10.2139  -15.7343  10.1951  53.28
-26.8389  28.2403  -8.79096  47.7082
-2.07963  -11.1119  -1.14732  146.816
17.9113  5.32618  -17.5526  84.7769
-29.5156  28.2307  2.34061  63.1985
18.7926  -25.0096  13.9209  2.3099
24.6256  -0.200943  11.9784  86.0011
-21.6908  19.0389  -25.4814  6.22692
27.8378  -19.212  19.6581  7.14419
-12.9319  -27.7204  16.3036  99.6188
-8.28735  -22.0139  -28.6488  57.5984
-27.9277  1.35182  8.21967  5.63425
-16.6237  14.7132  21.0198  111.575
26.5783  8.80591  4.37888  26.2529
-29.9054  -19.7693  28.1465  23.9599
-25.0133  -21.4131  7.046  26.1305
-3.46633  0.191992  -3.25448  73.9286
21.4036  27.6298  -10.6296  91.6394
-12.5412  19.2981  -7.22273  132
-25.1403  -18.0826  -18.3603  142.363
-20.8891  -13.509  -3.93921  129.583
-11.247  18.9255  -0.337729  56.5001
-11.7134  16.0741  -25.7401  145.043
-6.31305  -16.4136  17.4708  127.087
-11.4254  -5.0908  -10.033  148.285
-15.2979  -29.3043  8.30725  93.03
-22.5631  -9.79736  -5.07993  126.631
-1.60395  -25.8664  -13.7652  98.1791
-28.6656  28.766  -22.0709  29.6844
11.7881  8.91874  -4.68559  103.356
3.11194  4.40032  23.756  66.1166
14.0934  -8.04643  6.99821  46.7551
9.46664  25.8448  20.0502  60.1028
19.2641  26.5689  -1.9527  83.5937
-24.3957  -17.0353  -17.4761  134.679
-13.8259  18.0674  -5.12963  17.9553
-18.6274  0.546869  16.016  76.4973
-22.2446  28.6756  7.56582  26.0654
-8.57484  -2.38562  17.4152  22.0435
-24.7323  24.7349  16.447  34.1387
-11.9481  -3.6271  -12.2022  10.412
7.23346  21.4132  7.68342  87.8095
8.9146  8.21497  27.8371  82.6164
25.5206  -16.8841  -5.83772  61.8894
7.24761  -27.3355  -27.5333  111.604
24.5042  20.7852  24.9969  46.1696
24.7375  13.2267  19.3709  45.81
14.9456  -2.98698  -20.7396  47.0324
13.2126  -14.7236  14.8542  61.0237
-15.7433  -0.244108  9.34363  111.835
2.07351  27.497  17.8776  98.2672
-16.6359  14.0635  -24.8199  24.9301
21.0888  10.5615  5.39133  6.68851
8.13772  10.9599  26.2828  122.224
-25.0543  -27.4881  18.6542  99.9659
-25.2656  -2.36566  -18.878  56.3555
-16.9578  -18.6601  -12.7442  94.6563
-22.1124  19.9811  6.57584  144.335
-9.07161  7.17349  -8.45093  123.762
26.3947  29.9987  27.3923  117.758
-25.1842  -2.94661  -2.23293  125.726
11.4287  6.53629  6.61107  65.405
-18.8218  12.9175  8.35822  109.338
26.9763  5.80769  19.2893  88.5339
13.0304  -13.1852  -6.58358  91.5295
-28.3641  -2.05744  1.69766  71.699
-5.09729  14.4045  -8.69847  29.5526
-19.411  -17.0846  -19.0897  77.3835
27.4682  -8.66444  -4.5687  148.444
24.608  -18.4873  -21.3744  45.462
0.386664  -8.43681  4.87865  122.889
-20.5086  -8.4151  -8.07291  14.8579
-8.87956  -10.3858  -24.4005  123.552
12.4103  15.8605  -28.6083  129.787
29.726  27.4499  2.21203  149.671
27.085  -7.89564  23.3184  117.06
-8.32181  -20.2941  -19.721  13.9449
-9.12143  -18.353  25.1352  13.6088
-4.5386  22.7785  -9.31598  59.5311
-7.01096  -18.1736  -11.9849  124.121
29.4294  24.8551  26.9601  148.304
-10.91  -28.4643  -2.22387  132.438
8.17488  27.2197  0.171478  42.2088
21.531  5.34043  11.7326  135.192
-28.4721  10.8004  23.1185  45.2297
18.0485  -1.18257  20.3383  141.323
-28.5702  -28.6425  -4.31118  4.22707
2.63491  23.4682  -28.179  5.8242
-15.0209  -24.7472  4.88758  146.509
-6.9383  -28.5864  -21.7461  48.5093
18.6298  14.7858  20.2957  100.058
-17.7095  18.3997  28.211  140.793
-10.5966  3.58694  -5.39565  40.3825
-10.1535  -19.8388  3.95266  83.6429
-27.3041  15.0629  -25.4503  135.722
10.0849  1.74796  22.4753  26.3309
-15.0271  16.8848  15.6609  43.1059
27.7907  -9.85081  11.6446  145.781
28.9689  -19.5111  6.73858  83.3526
-20.7254  -29.4073  27.2454  52.2172
15.4563  -10.0644  22.2547  144.852
-14.2255  -5.56367  -11.603  64.3865
-17.6919  14.8931  10.076  65.8667
5.24717  -7.48955  18.8513  88.5474
-4.04277  1.9778  -24.6715  70.3634
23.8504  9.07041  -29.5753  84.0692
16.6577  -25.6834  -24.2321  35.2122
29.6847  5.77667  17.7912  22.515
19.9003  25.2856  6.77801  83.6401
-23.2272  15.614  3.06413  70.318
-22.1042  9.73318  16.4408  54.6262
28.1078  4.80576  -7.25507  8.03154
-19.3548  23.6317  7.2526  90.748
18.3145  26.3108  -0.64547  31.4047
-25.1403  -5.60408  15.2735  67.8809
9.58303  5.71382  9.15327  82.6309
25.6218  -9.24871  -28.2288  107.738
5.51151  -18.1114  -8.26928  97.0787
-1.81041  -16.7629  -9.99718  22.0366
-9.84674  22.7051  9.27089  30.8416
11.2344  -11.2159  -22.0886  16.9314
-6.9786  22.3753  9.34117  89.6482
8.98381  -19.2627  -24.1884  103.606
-19.0258  25.6676  -9.98055  40.0005
6.45021  17.9582  -22.683  35.3417
-15.2046  27.1045  -0.709846  43.2713
-21.0551  -24.8515  0.290373  129.63
22.2492  -16.3989  12.4302  139.474
13.7362  -24.7726  -20.6724  138.926
14.9517  -13.4746  2.08785  72.363
-21.7038  -25.2144  20.8454  136.182
12.9626  -9.21672  3.04478  48.7236
-5.06916  13.9774  0.0990114  1.78223
-4.64173  -18.9697  12.254  141.358
-12.3839  -13.2553  9.07591  95.6069
21.2828  14.2241  15.9756  2.37369
-15.8562  -13.8695  -1.10385  59.8687
23.8144  1.61809  -14.096  94.7548
-6.93279  21.8747  -22.9711  130.951
-17.4332  -13.9248  3.61613  125.005
12.5668  27.9223  -29.633  16.1195
-24.7579  -5.02921  -6.14425  84.0543
22.2785  -19.3054  11.4606  100.866
11.4513  -14.8061  -15.0082  95.2632
4.1961  -18.725  -4.58925  145.404
26.9181  27.8989  25.9993  90.9273
-10.8127  -26.6479  19.1877  40.6977
15.906  -7.25329  -29.216  144.424
-4.76164  -16.9019  -20.5759  123.602
7.00057  29.8891  -0.898886  109.665
22.0745  -0.646342  9.51234  67.3841
-2.22367  0.145027  -17.9717  4.37104
-7.94239  -1.89294  23.7402  23.5163
9.50856  -20.248  -6.34098  144.635
29.2758  27.9326  -0.917122  97.3567
-26.2632  9.09394  -29.1714  60.8162
16.8833  19.0428  -9.7253  54.5619
26.1318  5.52268  -12.2529  66.7728
3.86314  -17.6289  16.2459  16.8374
29.2517  26.2984  23.1616  3.13777
-8.5856  -22.287  -20.1155  13.9081
9.9859  13.5256  -2.10226  100.632
22.0217  -22.2431  22.1059  142.686
-23.296  -14.5998  19.5322  107.138
-24.4857  6.37383  18.6583  7.3993
-5.55899  10.907  -26.0473  96.9354
-7.22214  -5.53119  5.6045  19.8464
-13.0229  -20.1775  -15.9643  47.5325
-8.70281  0.967846  -26.9585  63.7821
-16.2321  19.3009  0.512651  68.627
29.8348  -26.3248  -8.26697  115.627
25.1815  19.0015  -12.0391  35.1304
-2.72663  -5.94959  1.9134  108.02
5.44959  -0.717113  -19.7689  50.4975
13.0504  17.3528  -27.4002  70.7188
-11.2919  -18.5877  -6.2799  14.8115
18.375  -1.63526  -8.1566  25.4766
7.04853  -25.1581  -29.0939  134.22
-11.1487  16.4438  -22.1219  109.408
-3.7827  -1.89127  28.4143  105.895
-23.5317  3.49149  -21.0481  60.5318
-4.48901  -6.45603  -19.6541  98.3031
-10.2631  -24.0468  26.8857  145.637
15.4493  15.2321  -24.8573  137.343
13.5215  -16.5794  -1.92581  97.4884
-27.6953  15.9603  -9.37759  110.09
-25.0732  15.8143  -17.7845  56.111
-4.14427  -9.00133  22.1811  56.1755
2.40605  -3.06757  6.09067  145.547
3.96199  -27.8085  -19.0716  95.034
21.8836  -21.4606  12.7903  69.341
-1.95571  -2.2926  -5.10022  143.528
15.1411  -25.9341  -27.0439  99.8816
21.1357  -15.8499  -10.7579  124.047
-5.53454  -22.085  -8.89663  110.339
8.99866  -9.16309  -11.1536  3.6441
27.3367  18.482  -9.42181  33.2293
-1.56979  10.1961  24.8579  121.053
3.19684  12.741  -10.8002  18.5083
-27.8376  11.6146  12.4105  60.3664
-16.9526  29.0633  -1.5034  70.986
26.8749  9.59424  23.1021  98.8924
-0.227323  -17.1343  4.92206  47.3936
20.979  -14.3243  8.12298  66.377
23.94  -24.4618  -3.63419  50.6081
-2.66274  -25.7742  -19.1698  143.022
-12.5643  15.11  -6.31555  147.238
18.6591  25.5098  -11.3209  6.83341
8.62392  17.2585  -0.586636  46.1066
-0.606403  15.5143  -3.74149  1.37883
5.08509  -0.765404  -8.55041  79.377
25.1558  28.07  -10.46  117.458
25.5344  -24.4527  5.01637  78.8087
-19.3205  -2.61904  -6.9458  81.7033
22.5205  -19.4124  -3.12198  4.28673
-7.01606  -1.25078  8.34354  48.9739
29.5536  -3.64082  -0.19146  106.215
17.6225  28.332  29.1832  117.343
-8.47979  9.74127  -9.66919  129.488
-0.897511  9.28258  -17.2036  83.7352
-22.4411  -21.462  -1.39457  35.5975
-17.663  -15.1107  22.6507  50.7021
9.75623  -19.9015  5.36812  40.0127
-7.86316  8.19781  5.23405  93.9618
-19.4139  4.94328  -16.9605  8.25114
21.5471  27.2329  4.88531  68.8926
-23.0966  13.5248  -4.24477  122.404
28.3462  19.2034  -7.80182  59.7226
-25.1255  -10.5626  -28.9386  32.0855
22.4525  -10.8569  18.0917  112.514
2.59367  -10.527  -25.7738  51.8008
-29.3811  4.18328  -18.6681  0.823918
25.6235  -13.4606  -16.8633  48.2621
-25.2122  6.46658  24.4722  116.31
29.7696  -15.6587  -14.8583  64.566
-18.8714  -5.11789  22.3234  37.4595
-3.94832  -24.1229  -10.3949  55.0442
-13.1559  0.0228816  -14.0966  36.5732
23.0056  21.0037  23.8016  99.159
17.9022  10.3459  11.8122  85.0904
-29.1643  -12.1187  1.64603  51.5999
21.3579  -25.9098  -15.3869  93.5691
-14.1974  1.22141  22.9371  103.915
-29.7063  -12.0209  -21.0805  54.8168
13.0597  17.0164  18.7895  46.0697
-8.04833  4.63383  -5.13248  145.06
22.8327  -29.8259  -0.474778  111.09
29.1391  4.74718  -5.22675  49.805
-26.4226  -15.1745  -5.07415  68.8461
-14.2051  -28.1405  -12.0545  12.1522
19.5633  -11.5866  10.5699  48.6405
19.1728  -25.536  -0.986277  48.2792
-7.35975  -13.1345  -13.8947  30.7861
28.4935  19.3903  -22.905  60.5229
12.3546  -15.5481  28.2155  91.8315
-1.84195  -2.05791  -6.70502  102.61
17.5614  28.9345  -6.29467  113.473
4.59552  12.5892  14.1591  89.5343
-25.4254  -15.1476  -3.84247  71.825
17.2186  -11.4537  -12.6747  43.6304
-25.8521  -8.33967  -9.7931  83.4048
-5.20555  -13.1832  7.60405  67.9152
18.8708  28.5206  29.7482  35.0895
-22.7594  -22.318  9.64181  90.011
1.04993  15.3611  -0.885479  130.529
-11.2651  -6.44604  -5.67813  38.4567
0.669067  29.9432  20.7505  114.986
28.1589  -12.9028  -27.7021  147.226
-12.2413  15.0433  10.53  48.7569
-8.32946  -0.506884  10.4247  121.907
24.2273  0.926336  -1.04972  88.9594
-18.2512  19.5083  26.7134  47.9208
21.7641  8.43635  27.4224  85.8441
2.03659  -22.6292  3.95623  116.788
8.97252  22.1074  -18.2952  77.4175
18.5702  0.725743  -15.5738  148.153
-13.305  -22.8737  10.4097  131.883
-25.2045  -15.7456  -26.239  148.336
-17.9978  10.8518  -0.802674  147.357
29.3723  27.7087  10.268  77.7032
-0.236701  5.24421  29.3725  40.8376
-1.73998  -4.70022  1.45297  117.458
-8.01699  19.3433  18.2074  93.9575
-11.962  3.19984  2.03097  108.558
7.48595  23.9634  14.7752  23.4077
7.64259  -28.9339  19.3811  63.9118
-27.5338  10.5792  6.44097  8.45035
-6.41208  -8.04982  26.9842  138.14
-2.26347  9.48351  29.283  133.1
-28.9926  -17.9789  -12.3946  47.1263
28.9233  -13.0384  -10.9614  77.7951
3.45485  -27.946  25.2429  125.747
23.2786  12.5331  28.0839  60.7458
-11.6104  2.92629  2.16484  99.7349
-23.5381  -20.8115  -29.7367  107.79
-1.1265  -18.6339  -1.90376  133.084
-23.0483  8.0504  13.9792  68.8374
-5.09626  -24.3063  29.373  43.3873
-15.1175  -3.29582  -21.6611  87.7507
-10.4788  -19.9965  -12.3154  109.872
-3.16382  23.031  -21.6231  7.65888
17.5905  -4.29231  -5.37276  50.4275
-22.0038  26.1422  17.0522  98.6196
11.2923  -10.0347  -3.87002  113.492
-13.4554  -8.96182  -27.8436  40.171
-6.01387  -7.53014  16.4325  136.452
16.2275  23.6214  11.4548  47.5491
-14.8529  9.18777  17.1978  114.572
-7.89433  -4.90453  -10.8272  15.3569
-10.0375  -9.96554  -21.7534  147.593
-0.380377  9.63566  29.5112  24.6384
2.26412  14.9465  3.18494  99.0823
-16.1118  12.2377  -19.0801  41.1019
-16.1562  -9.36238  -17.3521  64.88
-5.64425  -27.6246  29.8749  110.507
1.21877  -1.70868  -28.0586  129.318
26.109  -12.4583  -7.61451  121.154
-26.6958  11.0977  -1.43642  78.5069
14.5674  3.95135  16.4654  49.8477
-14.3378  -27.1614  3.25093  5.5114
4.46386  -8.26716  -21.9698  11.652
-2.22028  16.1841  26.2904  140.52
15.0753  -6.94362  -18.1777  15.2505
9.07769  16.2452  -13.7081  75.5443
-3.59373  22.2504  -17.4599  42.6997
20.3532  6.74743  24.2783  8.84254
25.1652  22.5328  -2.70542  24.5307
28.8254  -2.64276  -21.7843  45.7329
0.968784  14.8234  -14.2206  103.865
24.1221  -11.1822  2.66485  145.425
-28.2636  18.1402  -26.7434  123.059
-28.9266  25.487  -17.7912  63.7183
3.50325  12.0577  -24.7254  3.9658
-14.6905  -10.7436  1.96045  66.3943
-11.8466  9.10093  -13.6787  140.85
-3.35132  -2.54852  -22.4875  11.5803
-6.67641  22.2673  -14.5434  147.412
-28.2083  -14.6405  0.745599  130.567
-3.29262  26.8839  -7.1554  76.737
14.6863  12.6621  16.0833  8.03559
-17.6818  9.81876  11.4576  69.5405
25.7956  1.83667  17.4985  109.12
-15.6359  7.86608  -5.89735  61.0523
4.61391  -15.7647  -5.22392  106.59
-6.19485  -24.2759  20.0095  96.5425
-15.6609  25.9088  -28.4978  105.245
-2.1278  1.25089  -6.10641  84.4717
-10.0194  5.17357  -1.43342  47.259
-17.8022  -28.7365  2.21402  132.265
-16.8103  7.2964  -16.9499  1.45464
12.5834  -4.25694  4.82158  89.3125
-8.55132  1.33415  11.4152  48.6809
-5.28771  19.2891  26.7868  43.5413
-1.10435  -12.6879  -10.2082  73.124
-5.45219  -1.62887  6.30027  26.0452
-3.46823  -21.8572  5.48354  63.9354
-9.03568  -2.15964  19.7442  46.9626
-10.4369  -6.8414  24.0188  130.679
-4.53823  4.45906  -18.1578  135.342
15.0478  -5.35607  -23.3172  14.5111
9.78068  3.1489  -7.84949  50.6754
-4.16416  18.2051  -15.9787  44.8471
-9.4459  -11.4103  2.25038  128.421
20.4864  28.1194  -8.3354  39.2936
5.10114  17.4412  24.0326  44.3643
27.8703  25.1231  24.4689  118.225
-1.01257  -21.4519  -23.0075  134.524
6.36836  -5.41119  26.6119  45.1338
4.99718  8.64708  15.2725  4.89522
27.4314  10.2751  -21.7698  59.7124
-8.86274  -4.67908  -29.2857  76.2132
5.04904  7.28082  6.38567  21.0562
25.4258  -9.2751  -23.6143  112.356
-6.4166  -21.0649  -18.6002  37.6015
26.3131  -13.5434  13.2579  93.0164
5.20734  -23.3207  20.1096  87.0102
19.522  -4.5631  9.58261  30.2178
9.382  11.3823  19.8202  39.3663
-24.964  23.2208  27.7161  112.82
28.4511  -5.10998  -10.9137  29.6862
5.47461  18.7072  -12.7985  74.3971
-29.3699  19.5338  -21.5589  67.6778
-28.3688  6.3413  15.313  96.5135
-10.9046  14.5116  9.5384  122.957
3.11106  -19.0895  -2.88691  10.8306
-12.1624  7.80178  -27.1435  119.464
13.1953  -5.39306  21.914  143.052
22.3441  11.4315  -2.85853  6.23699
-1.68439  -6.64164  17.4629  59.3208
22.2879  -4.21416  -22.2108  91.3552
-9.6822  5.61846  -2.30528  142.611
-28.0107  -16.6851  25.287  66.7504
2.73939  19.7292  3.38712  107.978
-3.61683  -24.9064  1.68968  73.706
1.47158  -29.4004  28.2105  70.9802
-9.42724  -4.87584  23.6931  4.98385
-3.36896  17.1485  1.16415  72.2792
-11.3948  -0.829083  25.5933  112.664
17.72  23.9323  -13.5889  117.07
-26.9794  -8.25824  -0.877139  10.3595
-1.94031  17.042  -21.4751  88.1414
-27.562  19.9796  -27.4033  80.1165
6.13927  13.1234  -24.0768  135.861
3.41731  20.4107  2.90236  60.3775
0.653401  19.806  -0.784261  134.322
-4.038  -24.5348  -29.4886  144.584
-29.2631  -7.06223  26.4044  138.62
-2.74389  -5.18727  19.5377  34.1358
12.8894  22.8665  -26.1053  114.386
10.6246  9.1017  2.21339  29.8419
8.09706  26.7047  12.4782  139.971
-14.3413  3.55098  12.4656  52.0909
18.9127  21.0023  -25.658  137.479
1.55224  -20.2184  -12.208  96.3761
-6.25151  23.1513  -5.46807  97.9022
-9.74955  -8.23388  -16.1601  51.2605
18.1027  17.1169  12.9127  101.55
-28.1034  -15.343  -19.2691  129.694
-25.6119  -15.0847  -21.3539  148.44
28.2061  -8.39974  -11.16  62.0129
7.747  -13.7477  -8.92753  133.297
-4.13811  27.2573  22.0001  33.4234
-16.5287  18.1  -24.4002  45.0611
26.1212  -20.9722  -13.5844  21.8228
-29.8876  4.90233  -10.5012  28.1445
1.56625  1.65169  15.1511  23.5407
3.98818  -24.6423  7.02683  74.2096
-7.4635  27.8279  -10.6422  116.488
-12.8489  -19.9832  15.144  59.4912
9.635  14.2365  10.3933  41.053
25.9763  -0.890354  -12.5203  121.072
24.9494  -9.3933  0.37439  86.5938
-21.4388  19.9785  -11.7794  148.995
-3.14348  26.8872  -6.653  77.5446
-11.2207  9.2546  -8.20403  79.114
-15.1632  29.0379  -12.7378  68.4088
12.782  14.8188  12.4715  87.812
-1.63689  -12.0174  -14.0369  85.488
23.3778  20.2981  0.460997  145.897
29.5094  15.936  10.7112  81.3541
26.8985  0.623388  -13.6866  121.683
5.20493  15.7865  -16.7528  79.6171
0.21903  -23.0026  14.6591  134.202
-7.50528  -1.72336  -9.32147  15.9198
16.813  28.1356  29.3076  25.7807
-12.9987  26.7611  24.2966  142.009
-22.3943  22.699  -14.2628  137.7
23.6544  -21.48  21.1615  144.04
-19.7947  16.7204  9.53954  95.3363
-11.7207  -10.2083  -26.8367  134.813
-22.5733  9.42835  9.52057  39.883
19.4776  10.0686  -25.3602  124.036
-26.1764  9.89988  -27.696  37.2104
10.4068  -23.4327  -8.32789  50.5648
14.2032  18.9199  8.29395  54.501
5.13503  27.7118  4.09216  47.992
25.9349  9.46648  -28.7489  11.7308
-26.4806  -5.69122  9.1035  115.725
-26.7488  -13.8274  6.55455  94.7129
29.1451  24.5951  -13.4828  48.8375
22.0332  12.6458  19.9001  112.353
20.9151  -4.16644  -26.8079  52.4644
-29.7599  -24.6551  -9.53396  88.8326
-5.7988  0.535779  13.0674  33.2002
-14.8255  -24.1133  7.05195  104.457
14.9996  -14.9537  12.8628  91.7712
11.3479  17.0037  -24.8225  111.658
3.1818  -27.8631  -10.4404  118.657
-5.06717  23.6579  4.8054  8.6026
13.5094  -14.8679  29.2658  30.9125
17.2129  27.622  -5.9522  96.7382
6.03702  -9.31483  -28.8586  81.2012
4.58763  29.2238  -13.8979  138.174
18.5136  29.0922  -29.2409  46.0587
-20.6186  10.0215  4.85217  31.0372
13.5952  -20.3755  26.7286  32.7793
-26.2594  -16.07  -28.6927  145.961
21.21  25.2007  -13.6071  83.0112
-17.797  7.03096  21.0908  15.2197
-0.0965275  -2.33643  24.478  63.5922
-7.61577  -26.7206  -25.611  30.6394
12.0111  -23.8069  7.07758  85.8249
11.1891  -28.6636  2.71323  132.944
1.11296  -12.7024  -22.3799  15.6269
-22.898  2.31757  -29.2759  18.3963
-21.3993  -26.4506  13.959  148.45
-11.4071  -9.69203  16.3916  8.59884
-19.1883  20.5048  -9.43848  105.607
-4.52883  3.92623  -14.8097  112.257
1.87416  -4.5547  -1.38446  3.20745
14.0752  15  27.6886  1.39703
-22.1765  25.2479  4.99308  27.2211
1.07811  -25.0369  13.5395  69.3553
19.8286  -22.5336  -7.35704  99.9362
-18.7077  -26.391  28.1695  49.1392
-9.37506  -12.4049  -6.94105  57.2473
-10.6284  -25.7345  -22.5196  52.4511
7.99921  22.9818  27.1654  61.8761
-23.6247  -20.9132  22.098  97.1854
24.5423  7.02322  4.28463  60.9039
29.7101  -20.0993  27.5953  95.9544
-11.0433  29.4255  -17.9538  58.9856
10.7026  12.5242  -12.4452  92.7117
4.68497  -23.1634  1.30842  52.1334
27.5586  -8.7036  -25.8139  73.5491
-3.74259  7.23043  -14.6505  115.794
5.01589  -15.8722  -16.3561  116.388
-5.85348  -9.49914  19.4665  52.8249
14.3201  -5.30498  18.1805  81.3414
-4.78481  -20.2953  25.2904  16.9898
24.5518  24.4104  -17.7454  69.2695
27.3858  -1.26935  1.45516  144.032
-7.46669  -28.527  -11.0259  36.2476
5.63643  9.94321  27.9189  147.107
-6.98603  13.5117  23.2708  126.884
1.00861  -5.11438  -8.29206  22.61
8.20364  1.04173  -12.0513  68.3406
-16.5071  -9.54092  26.5931  59.0176
17.2581  -23.2092  5.13411  148.424
-4.43727  -11.075  -21.5783  145.389
-12.7143  -29.8394  -7.34714  19.9907
-20.7784  -16.5577  -24.5467  64.3853
-17.3046  -17.9841  -22.4518  131.759
13.6697  26.9697  -16.4628  43.3771
-17.5084  -25.5405  12.3096  10.2945
-28.6744  5.55199  24.2177  131.569
12.6347  26.1746  -25.553  32.9942
-27.8567  26.3574  -16.8067  137.715
22.7094  -4.23252  -21.6958  87.297
13.1555  -22.6027  -9.65273  13.6166
11.8812  28.2941  -11.9534  76.4517
13.0323  19.6913  10.5516  136.387
-21.2959  29.5245  -0.723358  78.484
27.6827  -18.871  15.7032  36.5104
27.5219  -14.6183  -10.9296  49.0186
4.20217  18.3454  18.3166  72.2645
-25.8978  -16.7881  17.9053  36.1838
15.82  -8.05246  -3.95654  21.061
7.37696  -20.0583  4.60322  130.176
11.6116  1.55737  -24.7956  108.087
-26.1095  21.5492  -8.27551  108.153
16.021  -6.7703  -5.08054  42.1554
1.34006  24.3107  -0.654218  94.3933
9.38838  -5.19164  -3.9458  9.1731
-1.93488  13.3985  -17.5146  149.381
20.7162  28.1009  -0.328184  123.725
2.81708  -24.3202  -5.5604  49.1568
-29.2272  -3.3526  12.8045  40.6494
5.24658  -5.81858  -5.40728  5.97467
-5.63264  -29.3341  -8.74682  29.4242
-0.420797  29.0715  -18.0023  46.5121
22.6429  10.2765  -11.6971  90.0557
-0.0767653  5.51318  2.75941  46.9874
-19.1291  -8.90998  5.57828  130.372
-13.7443  -11.7626  4.77027  8.03468
2.39262  21.694  8.5938  23.2907
-17.2817  29.0984  9.79222  107.286
18.6104  -6.0479  20.117  4.22734
7.89785  -2.49283  6.09834  102.052
21.1966  24.429  -24.8198  123.483
21.2249  -22.7921  17.7113  139.114
-29.9178  -2.26427  12.6759  16.1255
26.8591  13.6845  -27.1448  11.3864
-0.979047  -20.8637  6.62299  96.2207
10.3523  18.795  -2.59207  33.5714
11.7232  14.2595  0.986008  63.6553
-12.2227  -4.63807  26.169  117.851
10.0396  -20.3812  -29.9029  143.32
-3.06645  24.1333  -25.2506  3.34366
-13.081  4.86358  -7.87493  62.3286
9.64716  -21.7427  4.37951  5.69655
-17.6212  3.07115  26.1271  49.4808
0.0195637  -13.5858  -6.74289  147.507
-18.6913  -19.8285  -5.69734  97.7338
4.58266  -3.2945  -21.7481  51.6929
-7.6229  -2.81872  -6.81678  94.5603
-7.38908  14.7899  6.83589  45.6017
21.1217  -7.55778  -16.4506  40.9514
22.4426  2.13742  -11.396  13.8219
13.9171  -1.32137  9.20765  103.703
-5.36263  -2.35689  19.9525  5.3828
-9.34886  -25.5453  -8.14715  118.913
-15.5924  4.70679  -14.8394  95.7011
10.0357  -6.70995  -17.907  122.543
-26.8012  -10.6964  19.3927  99.1367
-1.09455  -17.6435  27.8174  55.9016
-9.96923  -8.81064  26.9123  71.9699
-6.82871  -15.0233  24.8591  123.955
22.1362  8.89543  11.3337  41.881
14.3746  -21.8856  -13.3977  91.6011
27.2331  -25.5461  -1.88871  116.014
-22.6424  9.71118  29.5195  81.8413
16.9397  -28.5063  -27.1845  61.4228
-6.35038  -28.3998  12.3693  132.186
16.9941  -17.6726  20.191  25.005
-20.2155  25.6603  28.7309  37.3235
16.1618  -26.6726  -11.5284  44.0545
-21.1454  -5.30887  -12.5056  61.9391
-19.2928  -1.75195  -6.44154  121.896
8.82088  25.0233  0.156536  99.5598
-9.46405  -27.5108  -14.9215  57.2628
11.5604  -12.83  -18.8566  124.922
-17.2235  5.97739  9.91037  76.9762
-26.668  -26.6902  5.50024  48.2543
4.87727  21.6814  -0.58724  114.843
19.6942  4.06111  -7.65226  87.6115
-18.7445  5.65563  26.3054  107.486
-24.5525  17.71  6.39569  18.904
24.8298  1.1591  -16.8105  100.798
-1.8745  -10.9389  15.3552  7.23476
-9.75147  -9.98308  17.8334  64.6425
11.4698  -21.5958  -18.6678  125.852
5.22199  28.5273  24.4238  147.672
-16.129  11.9366  7.75215  21.8519
17.259  -24.4192  12.8303  101.989
-21.9903  -26.0028  -8.28975  10.0658
14.0964  -18.2383  22.1601  148.464
20.5352  -2.48544  -16.2949  115.619
2.38309  -6.38166  -20.0351  84.448
-18.5636  26.3531  -12.3618  37.9398
26.6094  6.17047  -6.29182  6.53033
22.5776  18.8231  8.74997  119.872
2.68946  -4.27097  -17.7347  61.237
16.1193  -9.60426  23.4733  75.2909
-13.5262  12.4759  5.67809  41.6956
23.7235  21.0339  -8.95681  137.834
10.6159  26.59  21.6589  15.8747
-17.4193  23.1629  4.19567  40.5871
-14.711  -21.6816  -14.5913  112.461
22.3234  -29.6293  -16.8994  75.2617
8.86764  16.0613  -13.414  16.2328
21.4855  -26.3735  -7.12665  84.9132
-1.88502  -20.1318  23.8277  65.855
-6.7107  -7.31328  3.09029  53.4185
23.0562  0.101391  -27.2614  81.3686
8.34339  -6.61934  -10.3245  142.619
-21.5308  -6.45087  28.1735  97.0961
26.5312  9.86971  5.06261  62.963
26.9144  27.1932  6.31744  74.5445
-9.05157  -11.056  18.6356  9.17238
9.32741  -6.14192  29.9748  122.479
-12.7106  3.82847  -8.48414  33.3694
20.927  8.09826  14.0396  28.1076
-4.9887  -17.3889  20.7264  127.252
25.7962  4.69702  4.65389  118.252
27.6564  13.0689  -8.10968  89.6952
-16.0094  12.1754  3.42938  139.164
20.3473  -8.16039  -26.5773  80.2689
-12.7223  5.38281  11.3406  37.9396
0.746556  -3.37065  8.49683  104.512
27.4537  -4.74622  -20.0266  95.2393
-8.42631  11.1797  6.99833  71.5249
-25.0983  24.4719  0.0157128  76.1492
20.7741  25.5589  -27.3725  43.2383
-7.42584  -9.3035  19.0952  118.293
-16.1464  17.6954  17.0843  39.3639
-13.2309  14.7225  -14.1871  64.0905
21.7014  -0.340827  2.83067  132.531
-15.114  6.97316  -24.4872  67.3823
20.1456  -14.5835  8.84062  31.5468
-12.5199  29.9511  2.88787  108.528
-16.3768  3.64227  23.2933  13.2287
13.8012  18.4801  10.6046  107.883
-14.8974  19.1736  29.3406  28.5871
28.1615  12.3355  -18.8035  78.8057
25.7385  4.27919  10.7502  113.053
-17.5728  19.7594  -19.5615  22.1396
-0.312948  -1.43564  -23.1079  100.317
-7.27149  9.03338  5.13437  133.347
5.26243  0.923654  15.1922  90.1107
23.2983  -18.4976  -11.029  124.675
6.27654  -8.03114  -13.9703  72.0855
-20.3164  -23.9364  22.3824  11.1414
17.149  3.71166  13.7871  32.1167
-19.4419  -23.8326  28.7427  49.1328
-22.8689  4.46566  -21.6145  121.957
-24.0246  20.5182  1.42764  21.2831
5.78928  24.7847  -16.1594  38.6095
20.9628  -25.362  16.641  2.45345
-0.754848  -3.98774  17.7147  37.223
0.199523  18.7053  26.8162  39.0394
-0.751633  -28.5958  -6.64492  57.7362
-4.41246  -22.3845  6.76896  21.1127
29.5486  3.95958  -26.2807  34.6397
21.9476  -23.8277  -20.1852  117.531
-27.012  9.4685  -25.1093  44.0483
4.79835  17.4488  -6.78601  94.7473
-21.0573  1.30792  7.24169  135.228
7.92172  -21.7857  -10.8234  143.636
23.8462  0.676514  27.1729  21.6725
22.2194  20.4931  29.9765  82.0551
28.6109  26.3254  -1.29559  87.799
-25.6294  7.97105  20.3091  123.758
-11.6825  -24.3186  20.4433  107.522
-26.8085  -23.9442  -3.80217  61.2503
-26.6416  25.2977  -16.2442  137.386
-29.3759  29.1712  2.32198  18.7948
-29.5273  3.63395  6.22164  117.89
21.5224  -3.70655  -24.8482  125.294
14.3755  -23.8671  -7.12416  120.375
-13.5318  16.649  20.0028  122.188
-15.6831  -29.5717  24.2772  27.8669
29.9167  -10.6032  13.5736  6.87041
-23.1563  -18.0117  -5.27373  126.265
-16.4099  28.6836  -26.653  34.4588
19.6954  -6.04756  22.6302  73.028
6.89907  14.9216  22.4468  90.1889
-10.693  29.515  -27.6375  41.3693
20.4236  8.77175  -19.7117  143.527
8.30106  5.23175  -12.213  52.0243
21.6856  0.646036  -14.686  26.947
-16.1132  -7.95865  -15.3003  27.5107
12.8415  -7.49016  -9.01272  143.817
-28.2844  -4.61351  -11.2933  123.065
1.49363  11.8685  -20.1912  149.564
-4.54609  3.15293  17.0406  53.8658
27.9848  18.7361  4.48922  12.362
3.13337  15.9432  9.80405  31.2889
19.2066  -9.81675  21.9953  91.886
-10.9185  27.6154  -0.206735  7.32085
-6.87574  -12.0379  -16.3575  61.1062
21.4156  -14.2777  15.2824  39.1635
16.9399  24.6102  -18.8256  61.1847
-2.15585  -15.8302  6.04981  71.9171
29.144  -20.5655  -17.4584  111.759
-5.08994  -6.96102  22.9911  63.0645
-20.499  -4.7744  -29.7355  53.2096
5.71355  5.96478  -29.6426  87.4994
2.69099  9.03082  -24.0634  88.1008
-5.86914  24.3943  -16.3892  141.006
15.4439  11.3855  29.2327  114.891
5.41752  -20.348  -6.76535  56.7938
21.1919  -29.2363  -16.6672  80.0696
19.5546  -22.3983  27.1346  36.609
19.6216  -16.9056  27.169  134.81
20.2155  1.63963  0.781234  123.288
10.0971  6.18531  6.01403  41.5309
-27.3466  21.1049  9.26137  70.2179
24.907  -3.57795  -6.37512  113.108
-2.79434  -19.327  24.6752  67.0596
-3.55787  18.738  -25.1072  41.3682
5.61618  25.1209  5.42269  17.3501
9.94876  -19.9323  28.2272  56.5407
22.6867  -21.4037  -24.9192  144.154
-17.958  -1.55907  5.67269  109.73
25.3292  2.53278  -21.2278  109.244
-19.8612  -20.2757  16.1265  101.406
5.978  17.4714  24.2054  94.25
23.5444  -0.340723  -12.1509  119.082
-21.0174  6.8069  -16.3185  57.6834
-1.10876  5.87499  7.61485  88.1609
-5.24732  10.6171  9.70488  10.7581
-4.28288  -21.454  -9.04043  18.8397
-2.4107  4.58623  20.2777  142.326
-17.829  26.7046  -4.32929  58.0028
24.2109  9.83393  -10.3305  10.1145
14.5501  23.6283  -11.604  85.1314
6.76241  -13.7062  14.5565  118.23
-29.9056  25.1222  -7.03703  116.094
15.234  21.1532  -9.09148  130.01
14.1813  -26.4728  2.01049  21.8346
-5.13589  -21.3452  7.89697  40.9409
2.27437  -6.76759  8.00244  124.104
-2.00225  -10.2324  12.651  79.4199
17.7646  -10.3768  -26.5066  77.871
12.2577  -21.5831  -1.23977  99.836
8.16367  21.2888  -27.9912  133.432
21.422  12.0447  23.0907  82.8947
-21.031  -17.6544  7.69044  83.9576
3.55731  -28.0676  -3.62785  24.3393
27.4964  5.09244  -2.68648  121.317
23.4059  12.1911  -2.48944  102.21
24.9172  0.452184  -16.8991  15.743
-9.25731  6.18343  13.7706  111.117
29.4368  26.4206  -26.2872  76.6511
-0.793547  4.53643  -13.3425  87.6361
-29.5553  -19.9504  -7.00564  32.9653
28.6134  -15.8669  17.2676  130.475
-9.62339  17.3892  0.390707  64.4819
16.796  -26.343  -8.19838  58.6771
20.3013  20.0806  21.9666  104.85
-23.3191  22.1139  26.7503  85.6456
-19.5096  -19.7533  -17.5487  9.08789
28.8732  25.5972  19.2666  147.779
23.3492  13.5761  -24.8049  49.7521
-28.8074  15.7883  20.9906  147.878
26.9601  29.0991  7.61876  28.661
15.7579  -10.9816  29.4887  95.407
29.2823  28.1621  -23.169  46.6282
17.0573  -29.1847  2.96985  52.3498
-21.1553  6.1805  10.514  135.327
5.09268  -2.23292  12.7271  148.363
2.54551  -21.7655  8.37825  103.055
-11.9282  6.81561  -20.0306  121.655
24.3226  0.767732  29.6131  27.7616
-19.4214  11.4776  -9.12845  6.25689
23.9422  -2.95098  -16.1289  79.9409
-27.3312  -19.0453  -16.3471  127.959
7.73318  18.5173  -8.61732  2.34461
19.4405  -28.4056  -20.6292  117.099
2.15057  -4.07741  15.2797  126.479
5.62247  -21.8356  -2.4775  146.009
11.5312  -0.734492  23.3162  137.251
27.543  -17.3879  -21.2743  100.933
-5.37259  25.1329  5.79941  116.232
19.5097  -13.2616  -22.0743  116.284
-0.171653  -4.87359  -15.8604  43.9527
21.7427  16.1916  -13.6206  105.259
10.0533  16.2586  -29.7541  30.0349
-14.4305  -25.9051  -25.7233  29.79
-3.69015  -27.4401  -2.92601  37.7333
-25.1177  25.7457  -21.1002  91.0534
-22.2161  -12.935  -21.7542  109.355
-24.1918  -8.44443  -7.56352  73.8423
-26.5289  3.03563  17.847  59.3564
-17.3873  -24.4731  -15.6542  76.9631
19.2483  -29.9238  27.6624  48.292
17.2171  -1.98509  9.444  85.7468
-26.3623  -0.371707  -19.4807  104.262
-20.1807  -11.5628  -4.53518  91.0223
22.7147  26.2318  20.8946  28.3643
16.81  -20.3652  9.22547  102.258
-20.7744  10.5409  13.8637  127.949
3.74383  -14.2153  27.2635  31.5564
27.4757  -18.8855  -13.6504  127.517
-18.5665  0.796015  17.837  10.7587
-7.89645  -14.0696  12.0211  111.641
10.9238  17.8865  25.493  72.9604
22.7615  17.8073  0.307486  59.3681
-20.9242  15.3649  17.561  121.071
14.4847  -1.17358  3.80913  83.8238
24.8494  12.4679  -24.8162  69.4582
-12.6589  26.25  -17.7986  117.933
-4.58516  17.1116  -14.7949  38.4358
19.0506  23.2757  4.01671  40.1892
-6.12478  -3.2897  6.64612  134.208
-10.0896  11.7813  18.46  38.0633
-1.14835  -15.6313  -11.2809  87.9664
-10.6204  -1.43692  -28.7445  34.3857
-3.41265  4.87773  7.9472  144.103
-9.60329  27.2491  28.7457  148.862
4.10642  -27.414  4.29704  48.064
16.3882  4.46522  -25.2692  0.891183
-9.25508  -24.1852  -8.0125  111.552
15.9429  -15.4407  23.7272  129.228
14.9875  5.47646  -25.9286  10.6123
-1.60328  2.55669  26.2273  46.3979
27.384  0.200366  -21.3129  120.484
10.6001  -22.2126  -21.6678  49.5894
-5.86167  22.4141  12.0033  97.9465
25.4108  17.755  -16.4115  13.1934
23.0435  15.999  -19.2162  2.80771
-22.0014  25.0557  -0.600692  14.8062
-24.0743  -1.57286  -13.6434  125.142
8.8866  -15.7504  -6.79412  129.295
28.7685  -20.3593  -0.775795  92.2952
-4.87534  -21.636  -24.6952  130.295
29.2385  10.6071  -15.9914  16.7483
21.0532  23.9802  17.0693  13.743
27.0436  10.4461  1.54552  74.7688
-28.2119  16.6504  18.7702  15.724
-17.5555  8.437  -28.3498  16.9547
0.0467132  3.73363  -4.41571  59.6395
18.655  24.8861  -3.98812  40.2407
-6.32104  -11.2473  -23.2048  48.7851
-17.6833  -1.858  17.5821  3.99782
13.7298  -19.9012  -18.1986  86.7765
16.2723  6.41403  4.16021  117.7
11.6886  9.95301  25.4323  136.281
-26.8605  25.7071  15.3042  50.3349
-26.0077  27.9133  -7.61091  36.6853
-25.0412  4.64623  4.95992  132.815
21.3026  -27.2303  -13.3253  135.632
8.76887  18.0376  25.4563  122.42
10.2397  16.9553  12.3846  38.0294
20.5821  -3.78504  11.7013  4.16491
3.57966  -6.98177  -17.3739  89.8051
-1.95963  -4.49984  9.02116  118.493
-5.82194  9.56341  26.5802  12.6627
3.00522  -21.8939  26.2588  55.1358
-25.9622  23.3962  23.729  84.0489
28.0299  15.7508  14.198  106.792
-5.80967  26.2337  -7.26521  120.518
-26.157  24.9729  29.3532  2.38627
-26.4821  15.4814  -3.66786  123.301
7.30434  -7.39941  -1.76752  72.4279
5.71364  21.256  18.363  61.5653
29.3924  -5.15692  -23.7567  109.866
21.9348  17.6843  6.27448  108.543
16.0116  4.28402  -10.9534  106.511
10.9771  21.8604  -18.3202  48.8074
-6.93751  -14.321  7.87276  95.1194
-16.7752  -28.9704  -26.7408  119.53
26.5964  12.7811  9.09349  46.5663
-2.98476  -15.5135  -18.3089  41.4695
-17.7103  -0.900225  -7.62284  78.253
-10.4649  20.384  2.20937  69.9701
-20.2103  5.01492  13.8931  64.5226
-17.4248  14.539  -13.9087  95.9648
-9.37409  0.714116  12.1113  23.6883
-18.145  -11.2985  -13.0296  43.8221
-21.4413  13.3314  22.6646  144.934
12.7663  -28.1898  -22.4891  64.1836
-16.3939  -29.7319  29.6097  121.501
-19.7187  -27.1335  5.89791  29.1484
7.76145  17.5058  -20.099  131.266
13.237  -5.36244  -1.97522  41.2337
-11.6395  -16.7131  11.3548  82.8229
-7.36579  7.70444  -26.8942  80.9862
20.689  -5.23584  20.2376  108.607
-15.6903  -29.595  3.29441  8.85607
22.0339  11.0314  11.6474  97.3916
-11.7604  9.68186  1.31148  130.635
-16.5252  24.4211  -0.783328  74.686
-1.34606  -1.67983  -13.8544  122.659
-22.7349  12.1382  27.5929  124.311
-27.2957  12.7657  17.9985  70.3934
23.992  -3.50296  28.2772  55.4663
-14.6266  -0.79355  -4.97252  107.542
17.6753  9.82424  29.1002  62.4734
28.0761  -1.0265  -25.4964  11.1354
-20.5637  -28.8221  -18.709  16.3384
-1.76647  14.6067  6.15472  57.3241
-9.99206  18.388  10.3086  55.2003
14.8792  27.4801  23.9469  11.7013
13.9356  -19.383  4.08335  27.256
8.4321  8.61825  25.0672  92.1463
-11.2185  15.1116  28.0088  11.0681
2.41592  4.98566  7.77307  149.809
8.43408  4.07515  -11.4646  59.0177
-7.14665  -23.0379  9.9832  64.1372
24.6813  -25.4442  -28.0141  53.8835
1.01728  1.69349  8.99443  51.2574
-24.4655  -0.23147  4.04373  109.17
-29.9639  1.7801  17.1538  61.6311
29.0842  -14.5476  -13.0769  55.4532
14.5183  21.0361  -17.2289  12.9413
-15.7298  25.393  5.35774  114.229
8.7973  12.059  -10.7873  115.635
17.815  -27.4379  -2.7358  116.817
28.3319  -14.3413  9.28517  84.4485
-12.1944  -12.2358  25.2309  101.149
-7.91  -20.5192  -11.6427  129.384
-19.7269  1.40233  -1.50294  120.743
-16.3631  -0.412495  -19.6626  94.1015
-8.72616  -10.6744  10.0725  33.2277
22.5419  10.5289  4.4835  106.647
-7.71449  -0.0809973  -29.4785  110.964
-27.7884  -21.4743  17.9011  91.6758
-0.620601  -5.29896  -11.8895  77.7625
-9.65777  -12.9645  26.8616  19.7057
-1.62713  -16.9733  -7.51594  82.2993
-29.5063  12.439  11  69.933
-17.4254  -21.3935  12.7564  122.711
-9.34862  -0.196065  29.5871  39.7798
-18.4783  11.3482  11.6508  102.688
1.98998  -8.32243  -24.4471  23.7111
6.72028  12.1736  -6.73496  60.4696
11.2474  -29.1993  -15.7671  46.4879
25.0965  -29.8669  -18.9429  86.4095
-29.0242  -11.431  1.85365  91.2378
0.845815  8.30631  -6.18346  146.102
-5.74528  -22.4243  -3.49987  42.6583
-24.708  6.71547  -12.1004  100.354
-10.3973  -21.5039  -14.4136  90.4446
9.20295  -1.39099  18.297  103.219
13.8922  -25.5186  -18.8069  130.292
5.70121  -8.70115  14.5489  4.97062
-12.5237  -20.2004  22.9312  48.3852
-17.9189  -19.4713  7.86508  93.218
-11.5823  5.93638  5.79716  116.062
24.3712  25.4479  -19.1294  129.787
25.1902  11.3428  -21.5196  14.4554
-8.7916  -20.1919  -17.536  147.24
-25.1737  0.991125  -23.0877  137.256
-16.551  -27.6428  25.998  20.5644
19.2312  15.2122  -20.7871  30.4139
22.9501  21.6028  25.4416  105.906
-16.8118  10.9367  25.691  12.1635
21.523  -7.49716  -27.8594  77.9635
-1.55013  13.8622  19.3523  100.931
20.4469  -14.5415  16.1103  106.5
20.4197  14.3536  -26.5428  130.496
27.4696  -24.7772  -3.6939  7.0231
25.5649  -15.8666  3.06724  52.4357
-14.6162  -28.1351  11.2003  8.08638
-24.8181  0.0884753  2.38122  109.396
4.4929  -18.5149  8.43205  120.421
-20.0866  -17.8327  15.9527  57.7346
13.8829  28.697  9.59243  17.6821
23.7665  -22.0065  -20.7222  5.46266
-4.3477  -26.2247  28.3543  107.439
-10.8614  14.5183  -3.80197  133.613
-1.73034  7.24354  -18.6224  141.391
-3.70807  21.2571  -15.5483  100.102
3.09503  -3.33854  17.879  64.3346
2.321  12.0361  -15.7799  134.343
27.9305  22.7298  22.1647  119.606
1.18619  -19.2587  -1.51407  99.5575
17.1381  24.9849  18.0938  29.0209
0.107229  8.69905  -9.92871  111.07
-4.50527  11.6095  -14.3216  17.8842
-10.5558  0.432264  4.73895  34.5496
16.989  -22.603  -27.3414  57.0191
-21.1156  -9.04601  23.6812  147.017
-21.9956  16.0786  25.1698  71.3796
-12.9765  9.98535  6.1756  98.6987
-19.9391  20.555  13.4202  105.263
-23.4796  21.7254  -20.6742  97.1155
-17.9487  9.22126  -20.8271  1.11046
-19.714  -26.9667  -15.5945  112.639
23.3765  -4.05602  -9.88452  131.303
-17.5219  13.6545  5.8221  3.81009
-15.9432  16.2044  15.8972  109.61
-25.274  12.6316  -25.8452  101.967
9.38414  -12.9305  17.5576  97.5622
-28.635  -21.0886  -26.1784  52.0635
-14.4702  7.59479  -11.6362  28.9617
8.28522  23.6987  -14.118  137.109
-25.3876  12.5362  14.487  74.256
-12.3311  -2.23589  -14.9786  88.5142
13.3964  -19.9313  -11.3946  131.815
27.0811  -1.10928  -13.7929  83.4381
-2.99596  0.974526  22.7222  126.699
12.3289  8.71559  -8.24149  120.824
9.04963  -7.25439  -27.7107  7.07747
-9.06791  12.9269  23.903  144.906
14.6093  -9.60047  -15.5587  61.1524
-14.0124  -27.7693  23.7256  144.241
-10.121  19.6272  7.46823  143.201
-0.97887  -28.6113  27.3694  14.8364
1.73938  -21.3124  12.0039  46.4955
-23.3273  14.7153  18.7002  58.6812
-6.46117  20.9986  -5.65401  59.7156
20.5748  -24.5213  7.04544  117.476
-0.0716929  -22.4383  27.8728  129.801
3.97274  -14.5882  -18.7387  68.6503
-0.520797  0.306418  -27.4111  8.26439
2.55779  -17.2931  7.71176  9.23014
10.4027  -8.28192  -17.3051  93.4521
20.5344  6.20236  25.3642  4.38658
-17.7516  24.4316  13.4698  143.226
-25.1133  -14.8808  25.9837  48.6558
16.5833  12.2509  14.7529  57.5029
23.2574  12.0271  29.0193  44.7924
-13.7076  -18.7996  24.741  133.137
-4.81596  18.1828  -12.2782  124.096
-17.1535  21.8965  -17.2846  6.77864
19.5434  -9.19112  -29.3061  50.3188
-21.5021  -9.48578  -5.61663  130.441
-0.949098  13.0715  29.1138  60.5372
-23.1503  24.1968  1.31694  78.8649
22.3437  -11.3748  23.7115  119.2
0.186947  17.0325  17.1292  77.884
10.485  7.6642  29.6475  81.2637
-6.29841  -27.348  13.327  82.459
15.8122  -15.412  -23.997  1.48706
-21.1239  -9.37363  25.82  73.4691
10.4636  -16.5298  11.254  131.709
1.75482  -14.6975  -25.5298  137.53
-29.2944  -24.2095  -5.0117  87.6448
-12.3818  -26.1413  -6.7734  89.8904
-7.27462  -10.1156  -12.9807  121.46
11.4764  -11.2609  -24.0064  88.8054
25.1747  15.1082  -19.114  102.131
-11.5231  16.8846  22.9573  133.521
25.0982  8.14711  -13.186  39.5545
-15.5631  -10.0682  14.0303  118.092
-12.5186  12.0158  3.92337  106.487
-9.46629  3.05135  8.63013  64.2052
25.8345  6.2346  3.06949  130.437
21.7565  -11.0912  29.0423  80.9049
-2.01934  1.38294  22.1181  134.547
2.23097  2.07742  -24.2561  31.5471
8.6348  5.24987  5.13414  76.3976
-12.7998  -22.542  -27.7245  58.5046
-10.7378  -11.0108  24.7078  66.1913
-5.15646  -8.71842  1.88875  45.1446
-18.5139  6.94062  -2.11001  1.97811
25.4468  -16.2702  -29.3056  110.402
6.80817  -29.1563  -27.0844  119.579
7.00013  23.5056  28.3751  18.5721
-4.94682  -8.5138  -27.3711  34.6897
-9.14806  -12.2494  25.2509  106.712
14.3572  -19.0058  -6.63548  114.416
29.5947  -1.96894  -5.60444  56.132
-9.12573  -7.9965  -16.0879  56.9378
5.31914  -5.89201  19.0808  96.7167
-24.8549  -1.92345  21.7093  91.4444
22.8301  8.14562  -23.1253  20.725
-9.40251  26.2046  13.9268  128.109
-11.2055  23.9245  18.3887  24.509
4.40778  2.19438  -5.6182  101.578
0.78505  26.5944  22.6962  47.16
10.3114  21.7475  -0.333291  120.364
-25.4179  -14.983  -22.9782  111.569
-17.6052  2.67826  -23.0155  11.2001
-1.38586  23.7995  -8.43696  66.5522
-28.1347  -2.93412  -27.6152  49.9419
20.3596  25.9576  -29.7697  47.7519
28.3479  4.77626  -1.12146  81.9841
9.6676  9.5941  -22.0472  74.9079
-18.0699  -2.57818  12.7762  19.2169
-0.242257  3.54124  9.64691  113.542
22.4984  24.3508  -22.2331  69.2512
27.4002  -21.234  -10.8595  31.2729
-26.7645  -28.2727  -0.839109  120.91
-11.9942  -26.3177  -27.6069  64.5601
-11.5477  8.24471  26.2567  145.941
-25.5603  25.7121  26.8151  67.4235
-12.4555  -8.96516  14.7532  93.6776
-13.1439  -19.4514  6.3464  42.4191
-23.9794  2.23869  27.9886  145.272
29.6793  21.0638  -4.80916  17.6934
-19.0596  17.7547  -10.5351  50.6678
-18.7365  18.1849  -28.5961  12.9718
-26.415  -14.3828  -24.7418  134.798
-13.6198  -19.3481  -4.41396  65.3912
-23.8686  -24.5469  -27.575  74.6081
-5.34352  1.15048  -14.9105  14.6029
-1.2658  2.52673  -22.7554  126.843
-10.7762  -12.6407  -7.89304  134.043
8.80273  -26.1053  -25.3361  17.6005
-23.3027  6.79898  18.6294  47.2481
-19.2428  5.83585  19.9359  128.548
26.7901  -17.7221  15.3315  143.857
-26.5812  -29.2202  -6.32433  12.7904
-8.14229  -9.43071  -13.1865  38.1409
-26.4563  3.45039  20.3516  119.433
-4.60003  21.4965  19.7669  41.5168
-16.0035  19.8839  29.6035  128.718
-22.3301  -1.34324  8.26116  75.0783
12.725  23.4161  11.2599  97.4817
9.50969  -22.5634  29.4705  132.359
15.7192  21.1315  8.69216  61.7274
25.9325  19.1267  0.379096  85.6918
-2.97733  20.1352  3.64981  130.63
-11.6422  22.898  26.7359  93.3259
-19.8422  -0.861802  5.81519  147.409
-19.6752  25.1637  -29.8287  91.8742
-3.39693  -3.82493  25.9255  147.422
15.3294  -23.849  -22.606  76.7379
29.4265  -12.8369  22.0231  136.969
-19.2805  -17.2221  14.5063  41.182
16.8989  -6.93387  -12.8595  39.179
-0.889983  -3.89676  -21.654  146.047
-0.24117  -21.0405  -26.788  143.603
22.9689  12.7895  24.4319  100.626
-23.6587  19.831  20.387  149.761
9.27872  -12.3172  -12.2033  132.43
22.4943  24.0462  15.5047  103.657
27.1122  -16.042  12.1488  53.9407
-17.495  -6.49867  -21.6718  23.0235
5.23889  -25.6709  -5.29802  123.048
27.8764  -13.6859  25.4345  109.447
-25.0762  -25.7778  -22.5993  126.943
-9.5923  14.3416  20.2382  146.418
19.5704  -27.6038  -16.3318  123.865
24.7415  -27.9141  17.4787  67.2577
-3.34828  1.47285  24.9304  109.736
-23.4807  -3.22038  26.04  17.0401
-15.1723  2.18687  -23.5105  42.7271
-4.67758  -26.2183  -22.8075  68.9738
7.92323  8.20588  25.5031  41.9079
-24.8571  21.0448  22.7708  141.361
7.89529  -6.58773  -2.72274  12.071
29.9849  -22.2315  -0.275955  55.2934
-8.59323  17.754  -9.43623  38.3858
23.2574  20.2347  -19.4781  31.1208
6.19262  5.55726  19.4068  112.248
-19.4283  29.9387  -4.24281  131.389
-11.726  -11.7101  12.1962  75.2423
-6.00438  -28.0063  -6.11692  50.074
14.8067  -7.27285  -22.0071  142.371
-5.22553  6.7603  20.1458  76.2295
-14.7799  7.01379  24.585  97.9799
-3.6686  -3.68565  9.76351  70.1215
-0.902895  -29.8752  19.1191  25.9046
27.011  -28.7628  23.1892  68.5856
11.2568  6.2405  -23.9165  58.003
23.2217  -26.677  19.4772  51.738
-18.8996  -22.224  8.42514  77.0326
-4.09076  27.2357  -23.492  142.619
11.2285  -21.3232  -10.7144  98.2098
16.6794  -6.48519  11.2794  21.9838
-5.63918  -5.80848  27.8319  65.1348
14.748  -21.6464  0.951118  39.2209
-29.3669  -12.98  13.7511  89.12
25.6239  3.06204  26.0708  20.4499
26.3892  26.3594  -14.8718  43.9554
-18.0604  -8.10879  -25.6275  133.059
8.50998  16.9272  -2.61361  121.889
-19.2254  27.8784  13.4807  89.5527
13.1309  -3.8638  20.9041  24.6397
-15.4407  29.029  4.23264  110.769
-24.3682  9.0162  -20.3707  131.526
15.5318  -19.4958  -24.4332  81.5521
29.4903  20.4049  8.99521  116.93
-7.48532  10.1092  -19.1023  145.524
16.7873  -20.6963  -14.204  35.4293
-11.7418  6.06265  1.29379  88.7446
14.5635  22.2587  -12.6288  53.4236
-14.4805  -8.41305  -10.3732  1.294
-4.56925  -14.3935  17.0371  147.436
-19.5336  -20.928  24.9611  89.0458
21.7848  22.223  27.4881  132.211
-16.2908  -22.0357  15.2762  123.721
22.3159  14.9848  -4.29089  122.331
-11.7011  -12.6239  6.8377  41.278
-8.73002  16.7417  -28.1764  1.95572
-12.552  -21.3894  16.73  14.3382
6.90619  12.168  -20.4509  80.9984
-22.195  7.56271  23.2369  96.1401
-25.6218  -9.2769  -4.02091  83.5574
27.3684  3.12154  16.3318  44.6861
10.4086  -23.2473  -20.6526  99.664
14.6635  26.6897  -2.25023  4.15572
-4.3894  22.086  26.7828  109.004
-15.4819  18.6768  -18.205  71.2765
-14.6879  -3.70067  19.9288  7.55336
28.26  -4.2668  -25.2191  98.7462
12.6831  19.4898  18.7456  77.5492
-11.9643  4.15576  8.17291  19.5246
-9.50165  9.58223  -19.1889  14.0132
-9.20517  2.76621  13.1489  146.489
