# STAR POSITIONS		MASSES
1.03551  -1.1534  0.775732  6.75335
0.39917  -0.944213  0.927711  56.414
2.12706  -0.897168  14.5419  60.8645
-5.92196  -0.430995  1.59039  47.1743
-0.0760689  -0.296068  0.329237  22.5808
-6.6924  -1.31912  2.86677  6.91641
-10.8232  3.04124  -4.43867  145.486
14.731  11.7711  -18.5323  24.8881
-9.25315  7.11085  3.00687  11.9582
-21.0525  -8.48741  6.95869  46.6545
-4.288  -3.89436  26.4782  58.0043
0.591739  -0.0410455  0.307454  36.5997
-14.6573  19.2248  2.35775  128.379
10.9973  20.4877  13.7944  15.7384
14.8896  3.39243  -4.58665  42.8326
18.1071  -16.542  3.62052  128.335
-20.5737  4.91303  2.89616  31.8132
-7.13768  -10.7028  6.02027  82.068
22.6865  0.766077  -4.26788  86.179
6.21486  -21.2614  18.9774  85.3586
11.8244  3.44527  5.22958  82.3032
1.80816  -12.092  26.2527  14.8701
-6.62147  3.21024  -11.078  41.3692
2.02982  1.27885  -7.99354  50.4972
-12.527  -1.03709  -15.2302  42.0642
8.58449  4.82769  7.65198  87.8348
-5.43539  4.8246  6.47492  112.054
-7.59902  -3.95818  -0.486621  93.0353
-2.0558  1.19924  -6.4134  71.6633
-10.7555  -1.96665  21.6373  57.8117
-0.336643  0.0457446  -0.889433  123.667
1.18184  -8.30113  4.27609  55.086
-0.916438  1.75951  4.13642  5.17806
3.53345  -2.2405  -5.22337  110.199
-8.33717  14.4928  4.73502  125.975
-2.15794  1.43902  0.732967  147.039
1.97995  -5.42566  -3.66691  104.967
3.95712  -1.32556  4.40152  79.372
-3.61272  0.982208  0.0587957  125.448
4.94105  -11.2399  -4.79018  25.7012
-12.0249  -14.1659  -13.5678  60.811
0.510134  -3.53995  1.14342  39.6956
13.6075  -17.3623  -4.60432  103.93
-4.74093  12.7079  -21.8276  62.86
1.23282  -4.83505  18.9182  139.097
5.85621  10.0634  11.5392  7.05411
6.07562  4.42282  5.96347  103.322
-15.1757  -14.4527  -5.39429  101.799
-0.318668  -0.333764  0.288439  96.2004
18.0382  -2.10405  -2.9173  60.4471
-5.30173  -4.1577  0.678736  38.279
3.30393  -12.4676  -4.56563  107.957
4.48159  -1.06526  2.09093  43.5673
-1.25312  -1.25717  10.2591  102.524
-0.649759  -0.492716  0.502763  84.1404
11.2207  22.5439  14.9302  41.2329
-8.85517  5.83524  9.4328  54.8143
6.24687  10.5631  -12.4104  26.5249
18.2786  0.135171  1.99411  4.28678
4.71664  -3.55504  4.76631  60.4613
-0.0153467  -0.00482729  -0.00640585  34.6755
4.16215  -6.0431  0.246082  148.285
-1.38214  5.85805  8.03307  12.5064
17.7243  19.2097  10.8829  7.31651
3.11841  -8.69071  -1.53696  102.157
17.8318  11.5313  17.8856  112.825
-5.93246  -14.9143  3.6572  28.1472
-12.8376  6.85846  -8.18488  139.311
12.7038  -22.7967  -6.2496  134.098
7.72353  23.7505  -10.7939  19.1984
-0.0144622  -0.0134104  0.00534707  93.4572
0.827423  -4.24512  1.55626  74.2861
-1.1437  -4.59989  -2.13528  130.435
-0.327258  3.04801  -1.52293  7.37063
-16.6432  6.3618  -11.8711  16.9889
-8.22176  -15.0069  -10.5407  53.28
3.38421  1.16306  9.9825  47.7082
-13.0837  2.89527  -5.34348  146.816
1.83848  -5.84238  1.10495  84.7769
5.46401  0.277426  15.2166  63.1985
4.69124  -11.1844  -18.3074  2.3099
17.7514  -11.1989  -0.140588  86.0011
1.12569  1.33468  1.4338  6.22692
18.583  -4.28114  -15.9005  7.14419
-1.90222  8.64554  -21.3925  99.6188
-0.29671  0.350166  -0.495738  57.5984
18.6427  4.11037  0.8611  5.63425
3.76193  21.9106  12.5111  111.575
15.3886  -5.76277  5.04562  26.2529
21.8668  0.216548  -19.1586  23.9599
11.2441  6.47093  -13.2211  26.1305
-12.5011  4.74822  0.0855822  73.9286
2.34479  -2.95612  8.92002  91.6394
-2.22044  8.43214  7.32596  132
4.05534  2.26257  -3.50793  142.363
6.72885  9.49132  -5.86759  129.583
-4.4071  10.6302  9.35624  56.5001
-0.606821  1.69293  1.14123  145.043
-15.682  12.1986  -12.9861  127.087
-3.59753  9.15741  -1.69413  148.285
0.127903  4.09899  -18.7094  93.03
8.38229  8.27232  -4.06918  126.631
-4.05394  0.687398  -6.99894  98.1791
1.11441  0.15675  3.80148  29.6844
-3.98851  -11.4078  3.76288  103.356
-25.188  -8.51177  3.94239  66.1166
-1.68932  -17.741  -4.96172  46.7551
-6.9579  -10.6327  21.559  60.1028
2.81235  -5.87391  12.4198  83.5937
4.29194  2.85436  -3.5558  134.679
-1.21752  9.85219  7.48904  17.9553
8.52975  21.3644  0.419412  76.4973
3.79689  4.00562  17.9537  26.0654
-14.728  18.4819  -1.88525  22.0435
11.1921  6.88715  19.1477  34.1387
-2.77534  8.38633  -1.07591  10.412
-9.58797  -9.06714  13.4487  87.8095
-16.5488  -22.3543  7.91884  82.6164
8.90749  -4.51442  -6.79932  61.8894
-0.368686  -0.349694  -1.12381  111.604
16.6347  -10.7923  19.052  46.1696
18.8765  -11.6016  10.8835  45.81
-0.0262304  -4.60714  -0.461013  47.0324
-3.63609  -19.199  -11.0069  61.0237
1.52964  19.6116  -0.160068  111.835
-9.34795  -2.0623  21.9415  98.2672
0.39002  2.25433  1.21417  24.9301
9.85962  -13.3084  6.22975  6.68851
-17.2461  -19.7183  10.2809  122.224
8.46653  4.82417  -22.2902  99.9659
4.8762  2.63729  -0.438515  56.3555
1.37536  6.61429  -5.3666  94.6563
9.24648  10.0294  12.1804  144.335
-6.08575  8.5098  2.57637  123.762
0.244473  -0.0969499  28.6949  117.758
12.0964  6.67616  -1.36364  125.726
-6.52695  -16.6308  3.98834  65.405
6.74427  15.9422  8.25823  109.338
22.9764  -7.52854  4.77094  88.5339
-2.15383  -10.2939  -5.14584  91.5295
15.5801  2.69546  -1.08693  71.699
-8.04301  4.75355  5.11396  29.5526
1.99844  4.01418  -3.10662  77.3835
11.7484  -3.18997  -3.67246  148.444
2.86934  -1.81758  -2.65774  45.462
-16.7218  -0.677457  -4.90441  122.889
5.73942  8.82048  -3.07531  14.8579
-1.57058  2.10536  -0.969256  123.552
-0.158228  -0.569073  0.367889  129.787
6.49545  -0.186405  14.737  149.671
24.5303  -7.7297  -7.01637  117.06
-2.4365  2.8966  -3.47672  13.9449
-12.5925  17.8038  -16.865  13.6088
-5.98423  3.07965  7.85251  59.5311
-5.32035  4.80154  -5.45666  124.121
15.9199  -0.952466  23.5959  148.304
-1.82182  3.99023  -13.1772  132.438
-4.15694  -4.79032  13.6877  42.2088
12.9736  -15.9151  3.7145  135.192
24.4619  3.94759  9.56172  45.2297
7.89315  -23.8789  -0.992147  141.323
3.77735  0.569854  -12.2632  4.22707
-0.545721  -0.154521  0.712254  5.8242
0.0215714  9.8604  -14.3895  146.509
-0.93575  0.831668  -3.9325  48.5093
8.11856  -20.3195  12.3944  100.058
6.43549  22.0693  17.8511  140.793
-5.43469  10.9382  1.47091  40.3825
-6.18909  11.1292  -11.2264  83.6429
1.88945  0.548049  1.1422  135.722
-12.8944  -22.7994  1.52875  26.3309
0.0535864  18.871  12.8496  43.1059
19.1437  -4.50979  -6.83722  145.781
13.8724  -1.50367  -11.9468  83.3526
3.1946  4.67398  -28.0572  52.2172
1.17565  -24.5851  -8.76523  144.852
-0.732349  9.00922  -1.70592  64.3865
4.83871  16.7079  9.94761  65.8667
-20.1705  -12.3523  -6.0979  88.5474
-2.42374  1.09215  0.175645  70.3634
0.161865  -0.12152  0.064201  84.0692
0.25742  -1.46799  -2.46897  35.2122
23.4356  -0.774173  4.60123  22.515
4.85817  -8.62131  15.4993  83.6401
10.7123  9.19351  8.6044  70.318
14.8742  16.1614  7.53362  54.6262
11.0059  -2.20981  1.82178  8.03154
5.05316  10.3017  14.6724  90.748
2.39871  -6.63103  12.8724  31.4047
19.4202  10.835  -4.22861  67.8809
-10.3265  -16.2082  3.72858  82.6309
0.75546  -0.372864  -0.273022  107.738
-7.25878  -4.72635  -6.55956  97.0787
-8.14582  1.56311  -5.58842  22.0366
-6.59446  11.01  14.8608  30.8416
-1.40956  -3.38727  -1.4789  16.9314
-9.75707  8.7458  14.6711  89.6482
-1.31246  -1.80002  -1.8658  103.606
2.12033  4.72794  8.56419  40.0005
-2.28709  -1.83239  2.18999  35.3417
0.134466  6.2758  13.2316  43.2713
5.02616  6.83464  -12.546  129.63
12.2275  -12.8874  -11.5968  139.474
-0.347126  -2.60753  -3.85114  138.926
-0.0725112  -14.3343  -7.20617  72.363
8.89546  10.5179  -21.3672  136.182
-3.32927  -15.3668  -5.07607  48.7236
-11.4837  6.74147  7.01177  1.78223
-14.4714  7.64617  -13.3591  141.358
-4.74199  16.8737  -8.63271  95.6069
12.3762  -16.0148  10.8993  2.37369
1.14718  12.7599  -6.67959  59.8687
6.33205  -4.79122  0.428904  94.7548
-1.79863  1.59671  2.56259  130.951
3.75261  14.4071  -7.80161  125.005
-0.016913  -0.0649327  0.170786  16.1195
10.0313  6.13583  -1.99959  84.0543
10.9569  -11.4774  -13.3402  100.866
-2.36736  -6.07436  -3.69949  95.2632
-8.9836  -4.22288  -7.93025  145.404
9.76261  -3.2649  26.0387  90.9273
-4.79633  10.228  -21.8458  40.6977
0.0360347  -0.378673  -0.0947797  144.424
-3.41901  1.86177  -2.65477  123.602
-0.928725  -0.836329  14.4968  109.665
13.3304  -14.5748  -0.425642  67.3841
-5.85175  1.38783  0.0290737  4.37104
-18.0637  19.82  -1.69545  23.5163
-4.74745  -7.3248  -7.98413  144.635
5.28945  -0.401905  13.5393  97.3567
0.364979  0.15059  0.125593  60.8162
1.53487  -7.68136  6.4348  54.5619
8.01606  -3.43722  1.63353  66.7728
-17.1993  -7.3641  -13.5877  16.8374
12.7513  -1.00126  23.3011  3.13777
-2.05889  2.58963  -3.67161  13.9081
-6.24129  -10.7734  6.28889  100.632
11.7273  -12.9651  -19.3166  142.686
16.5193  13.9717  -12.0527  107.138
19.9189  12.9779  5.16899  7.3993
-1.53786  1.01226  0.718535  96.9354
-12.727  12.0071  -3.28226  19.8464
-1.06759  5.08245  -4.72008  47.5325
-0.931239  1.20128  0.0490617  63.7821
1.50278  11.5826  9.81536  68.627
5.2107  -0.090165  -9.53528  115.627
6.08332  -3.35973  5.68806  35.1304
-15.0065  4.40522  -3.16453  108.02
-4.30369  -2.76266  -0.122281  50.4975
-0.21499  -1.03836  0.751904  70.7188
-3.52469  8.6162  -7.34836  14.8115
3.77452  -10.2314  -0.595327  25.4766
-0.182568  -0.166073  -0.379937  134.22
-1.293  3.03029  2.15911  109.408
-26.8918  11.247  -1.84128  105.895
3.46409  2.78616  0.520922  60.5318
-4.50377  2.28826  -1.11322  98.3031
-8.09423  14.9567  -22.7986  145.637
0.104184  -2.21281  1.30558  137.343
-1.80402  -11.5588  -7.75757  97.4884
8.47785  2.08676  5.48565  110.09
4.51462  2.56058  3.21966  56.111
-22.5812  10.4654  -7.82832  56.1755
-17.384  -4.47518  -1.84518  145.547
-1.87614  -0.826377  -5.06504  95.034
9.86736  -11.2313  -15.3051  69.341
-12.1541  2.52456  -0.95142  143.528
0.0109805  -0.742918  -1.27773  99.8816
4.8948  -6.5397  -5.0831  124.047
-5.97518  3.91112  -7.76778  110.339
-5.27513  -7.25846  -2.87818  3.6441
7.7915  -2.23119  6.33875  33.2293
-25.4484  4.22149  9.3223  121.053
-8.20862  -2.8555  4.07709  18.5083
19.0524  4.38971  8.20971  60.3664
0.717334  3.45907  13.8034  70.986
23.8215  -8.08666  8.49124  98.8924
-14.3288  0.341165  -9.97275  47.3936
9.81459  -13.5712  -9.1014  66.377
6.14585  -4.52448  -10.7493  50.6081
-2.66409  0.76273  -4.65235  143.022
-2.58119  9.89949  5.96455  147.238
1.83756  -4.55856  7.94166  6.83341
-7.44839  -9.44604  8.46051  46.1066
-11.2147  0.713117  6.78969  1.37883
-9.23678  -5.44317  -0.273627  79.377
3.01354  -1.67491  9.14144  117.458
9.05412  -4.57231  -14.2707  78.8087
5.01994  10.3277  -1.00633  81.7033
7.26067  -7.22962  -8.6961  4.28673
-14.2134  12.8412  -0.799325  48.9739
14.7779  -0.691316  -1.80879  106.215
2.63863  -9.36511  27.9463  117.343
-6.06645  7.45911  3.3008  129.488
-6.05738  0.570998  1.97973  83.7352
7.02273  7.10995  -10.2322  35.5975
6.26027  21.8635  -13.2598  50.7021
-6.90667  -11.2872  -11.7313  40.0127
-11.5187  12.4299  4.81403  93.9618
2.86766  5.75583  1.0743  8.25114
4.63263  -5.66346  15.8338  68.8926
8.61962  7.60462  5.80559  122.404
8.39966  -1.46942  7.10467  59.7226
0.433398  0.242683  -0.186852  32.0855
15.7715  -15.9291  -8.70208  112.514
-1.9062  -0.530858  -0.741484  51.8008
5.5988  0.363382  0.790072  0.823918
5.26428  -2.5971  -2.94712  48.2621
23.3224  12.783  5.87081  116.31
6.45583  -0.155805  -3.95165  64.566
10.167  23.6886  -4.46309  37.4595
-5.33652  2.34145  -7.8822  55.0442
-1.52603  7.80388  0.00606492  36.5732
14.2817  -12.8441  18.8339  99.159
5.87251  -18.7243  7.20972  85.0904
14.4192  1.26504  -6.39182  51.5999
2.27497  -2.89645  -6.31037  93.5691
-2.22019  26.3532  1.07763  103.915
4.08413  0.12567  -1.78701  54.8168
-4.05418  -19.6775  13.837  46.0697
-8.17365  9.17068  1.92053  145.06
1.1613  -1.08306  -14.677  111.09
12.1809  -1.10119  1.96005  49.805
10.0054  3.93408  -6.30394  68.8461
-0.258583  3.09912  -8.41657  12.1522
8.60498  -16.6149  -7.83448  48.6405
3.22213  -6.89837  -12.3483  48.2792
-5.19398  5.04361  -3.5256  30.7861
2.67329  -0.425268  2.2929  60.5229
-6.80824  -23.9444  -15.0857  91.8315
-11.4046  2.2275  -0.798981  102.61
0.829738  -3.0189  11.4317  113.473
-17.7651  -9.27677  9.26547  89.5343
10.0184  5.20356  -6.60371  71.825
1.84344  -7.79133  -3.3073  43.6304
8.80396  4.0843  -2.80865  83.4048
-14.4414  8.75753  -8.26235  67.9152
3.65384  -8.51481  28.4009  35.0895
9.61686  9.10809  -14.7454  90.011
-12.4286  -1.37205  7.45386  130.529
-4.52778  10.98  -2.61299  38.4567
-1.55634  -0.109223  25.3273  114.986
1.01802  -0.198741  -0.494149  147.226
-4.99492  16.8065  10.1617  48.7569
-12.9967  15.4761  -0.34151  121.907
11.9042  -8.22319  0.446962  88.9594
7.19366  20.3059  18.4398  47.9208
17.9249  -20.9247  8.07393  85.8441
-10.894  -2.35926  -12.8067  116.788
-2.33457  -3.19389  4.31272  77.4175
2.63363  -6.71283  0.174495  148.153
-2.30831  12.8679  -15.4053  131.883
1.40304  0.770456  -0.986981  148.336
4.20281  12.9449  5.28074  147.357
7.70067  -0.50695  18.5963  77.7032
-29.2202  0.724438  5.18937  40.8376
-15.2751  2.8145  -2.46393  117.458
-12.3038  13.7137  15.5415  93.9575
-4.98099  15.1251  1.70823  108.558
-9.53797  -9.50994  17.8827  23.4077
-4.54355  -4.6813  -23.8131  63.9118
16.4846  4.3545  6.42525  8.45035
-21.4886  17.076  -7.64521  138.14
-27.3352  6.6034  9.37019  133.1
7.00761  0.742035  -5.27542  47.1263
8.51882  -0.964572  -4.13722  77.7951
-9.39441  -3.55531  -25.7303  125.747
20.1155  -17.0762  12.1329  60.7458
-5.56282  15.0079  1.56873  99.7349
0.0739391  0.0593876  -0.0913426  107.79
-10.9331  1.29576  -8.72573  133.084
15.8137  14.0944  5.90084  68.8374
-14.9808  8.85169  -24.0523  43.3873
0.050982  4.1439  -0.458059  87.7507
-3.00556  5.86648  -5.89383  109.872
-2.53803  0.87307  3.21548  7.65888
3.26559  -11.7413  -1.7618  50.4275
7.72587  8.57356  20.5008  98.6196
-4.66132  -11.396  -4.37009  113.492
-0.165711  1.01553  -0.322084  40.171
-18.1619  13.2357  -5.82739  136.452
1.63795  -12.6724  16.3203  47.5491
-0.346113  22.4623  7.22738  114.572
-6.40562  6.95777  -1.56722  15.3569
-1.93133  3.37573  -1.3697  147.593
-28.1567  1.12216  9.55716  24.6384
-13.9841  -3.37915  8.26663  99.0823
0.579088  4.95129  2.22724  41.1019
0.725696  5.96413  -1.97358  64.88
-9.69442  6.50592  -27.567  110.507
-0.961251  -0.123354  -0.0552877  129.318
9.34836  -4.03499  -4.64807  121.154
12.4822  4.50014  5.28319  78.5069
-1.04284  -23.0067  3.06002  49.8477
-0.489133  7.04227  -15.0524  5.5114
-3.44557  -1.73921  -1.10645  11.652
-23.0607  5.46052  15.1835  140.52
0.0453213  -5.75046  -1.36816  15.2505
-3.9801  -5.57292  4.41107  75.5443
-3.91133  1.54564  4.65037  42.6997
14.0597  -22.3964  6.10398  8.84254
7.87956  -4.36931  10.2504  24.5307
4.06095  -0.502034  -0.361867  45.7329
-6.82401  -0.694686  3.89839  103.865
12.3739  -8.75063  -6.08776  145.425
1.27552  0.234532  0.984592  123.059
3.19964  0.361166  5.18611  63.7183
-2.25423  -0.866198  1.06  3.9658
-0.483447  14.9125  -5.72286  66.3943
-2.52142  7.35591  2.47564  140.85
-3.51456  1.2867  -0.319097  11.5803
-3.96392  3.33302  5.73629  147.412
13.1824  2.50274  -7.5022  130.567
-4.77075  1.71341  10.2359  76.737
-0.686094  -20.8774  9.72523  8.03559
5.4287  18.8198  6.78437  69.5405
21.444  -10.1029  1.45398  109.12
0.773811  11.6039  3.15989  61.0523
-9.33323  -4.89662  -6.50979  106.59
-11.7068  8.87598  -20.2338  96.5425
0.0261865  0.377747  0.648673  105.245
-11.6413  2.63775  0.498136  84.4717
-7.00993  12.1986  2.46319  47.259
1.33785  4.42747  -15.4287  132.265
1.19268  6.21571  1.58698  1.45464
-4.31508  -16.6857  -2.47056  89.3125
-12.9323  16.1467  0.920903  48.6809
-18.4967  11.4355  18.2561  43.5413
-8.90741  1.03473  -4.18529  73.124
-15.2488  9.79446  -0.985476  26.0452
-11.3598  4.3173  -12.9262  63.9354
-14.5064  20.1241  -1.79049  46.9626
-12.0934  23.352  -6.1594  130.679
-5.20643  2.67912  0.880082  135.342
0.0164575  -3.28767  -0.596558  14.5111
-5.72463  -9.40948  1.1625  50.6754
-5.05081  2.35362  4.25432  44.8471
-8.1931  12.4611  -6.13311  128.421
2.05148  -3.16889  10.1532  39.2936
-18.919  -11.1917  15.7066  44.3643
14.516  -3.29213  22.8071  118.225
-2.43036  0.258678  -2.50006  134.524
-21.8765  -17.2214  -5.10564  45.1338
-18.7748  -10.8322  6.52459  4.89522
3.72718  -1.02745  1.40943  59.7124
-0.211427  0.282379  -0.0557014  76.2132
-15.2389  -8.90284  4.41529  21.0562
2.6947  -1.39948  -0.98714  112.356
-3.17617  2.5264  -4.00225  37.6015
17.8788  -7.26753  -9.76431  93.0164
-13.4751  -8.17496  -19.4766  87.0102
8.92063  -17.4085  -3.01032  30.2178
-12.7905  -19.1727  9.45113  39.3663
15.7891  9.19542  22.3369  112.82
9.28025  -1.51864  -1.62551  29.6862
-5.64874  -3.64702  5.3632  74.3971
3.1963  0.211199  2.7481  67.6778
21.8223  3.76441  4.78905  96.5135
-7.19502  15.7355  9.56275  122.957
-9.9078  -3.34712  -8.62625  10.8306
-0.403794  1.31867  0.371429  119.464
-4.79698  -25.0795  -4.66626  143.052
8.72595  -9.01565  5.17113  6.23699
-22.7835  4.06096  -5.25386  59.3208
2.66535  -2.78646  -0.547079  91.3552
-7.18938  11.5471  2.59336  142.611
22.477  4.7512  -15.3745  66.7504
-12.0619  -3.55832  10.9784  107.978
-8.20662  3.26597  -13.1546  73.706
-5.7213  -0.888717  -28.5235  70.9802
-14.5961  22.1055  -4.36331  4.98385
-11.998  4.41766  8.90699  72.2792
-10.2428  25.8292  -0.768191  112.664
1.39036  -4.74857  6.54591  117.07
13.3043  4.35461  -4.00839  10.3595
-3.43575  0.707874  2.42135  88.1414
0.937119  0.244589  0.864674  80.1165
-2.13152  -1.59665  1.29554  135.861
-11.293  -4.22314  11.1926  60.3775
-10.9462  -0.75015  9.64411  134.322
-0.134193  0.0603875  -0.209131  144.584
27.328  2.11319  -6.63901  138.62
-23.3956  6.91381  -4.28276  34.1358
-0.276344  -1.22989  1.48428  114.386
-6.78859  -13.7645  4.88661  29.8419
-6.40222  -7.25738  18.9061  139.971
-1.45328  21.0334  2.51324  52.0909
0.617564  -1.42193  1.51988  137.479
-6.48555  -1.06361  -5.99541  96.3761
-6.18809  4.74984  9.46575  97.9022
-3.47707  5.67348  -1.89927  51.2605
5.62513  -16.6992  12.2422  101.55
4.52003  0.909717  -2.74408  129.694
3.34915  1.65735  -2.17373  148.44
8.88412  -1.6889  -2.63752  62.0129
-6.44845  -6.79097  -4.8283  133.297
-9.85676  4.56044  23.6231  33.4234
0.355934  2.20436  1.68928  45.0611
5.39144  -2.31891  -5.73785  21.8228
9.6177  0.113225  1.59316  28.1445
-22.2388  -3.68062  1.24293  23.5407
-9.65137  -4.28276  -15.2071  74.2096
-2.56655  2.54701  8.97813  116.488
-3.76048  16.4101  -15.0354  59.4912
-9.47068  -15.045  9.58429  41.053
7.9719  -3.57301  -0.259385  121.072
12.4527  -7.27789  -4.75526  86.5938
4.24309  5.30898  6.06698  148.995
-4.89998  1.6739  10.4623  77.5446
-3.99647  9.56515  3.36188  79.114
0.0370605  2.168  8.35432  68.4088
-4.25015  -17.9684  10.4896  87.812
-7.20602  1.24746  -3.19727  85.488
8.62458  -7.16878  10.305  145.897
17.2235  -0.885717  10.8129  81.3541
7.72861  -2.6023  0.169493  121.683
-4.81622  -2.92021  3.48544  79.6171
-14.3305  -0.328753  -17.1213  134.202
-7.29486  7.30292  -0.593941  15.9198
1.94204  -10.1059  27.8109  25.7807
-2.55271  12.0016  24.2173  142.009
3.59744  3.67794  5.95363  137.7
14.0581  -11.0125  -18.3158  144.04
7.89975  14.3884  11.0186  95.3363
-0.500767  1.40045  -0.538206  134.813
13.3661  13.1624  6.21023  39.883
0.98755  -1.94947  0.778601  124.036
1.00147  0.423887  0.38016  37.2104
-3.13047  -5.99852  -8.46392  50.5648
-1.23846  -14.8075  12.0753  54.501
-5.60802  -3.3444  15.7459  47.992
0.540625  -0.245132  0.197396  11.7308
17.9077  6.91583  -3.70911  115.725
15.289  5.41635  -8.42423  94.7129
4.70989  -0.422783  6.7707  48.8375
15.1974  -16.761  10.5171  112.353
0.917636  -1.28691  -0.22166  52.4644
5.82813  0.14658  -8.40988  88.8326
-17.6811  12.2854  0.384577  33.2002
-0.201377  11.0199  -14.8907  104.457
-0.000783925  -18.5792  -10.6827  91.7712
-0.795942  -1.9787  1.46729  111.658
-3.42555  -1.18559  -9.08317  118.657
-9.22957  5.41562  13.7237  8.6026
-4.00119  -25.4248  -14.686  30.9125
1.07752  -4.56623  11.0708  96.7382
-0.437658  -0.320577  -0.177204  81.2012
-1.61363  -0.840925  7.84271  138.174
0.0333306  -0.0864616  0.368075  46.0587
9.11609  13.6631  5.82117  31.0372
-3.05154  -20.5936  -19.2646  32.7793
0.510166  0.21073  -0.350147  145.961
2.69234  -3.53933  6.88522  83.0112
7.17041  23.7762  5.98695  15.2197
-27.1549  0.2745  -2.1214  63.5922
-0.696846  0.713951  -1.9546  30.6394
-3.47345  -10.7325  -14.7117  85.8249
-1.8758  -4.44811  -15.628  132.944
-3.42823  -0.401377  -1.61321  15.6269
0.265645  0.244376  0.027968  18.3963
6.44118  8.12789  -19.379  148.45
-8.06581  20.4164  -7.49382  8.59884
3.18691  6.79421  7.02683  105.607
-6.69876  3.4387  0.99401  112.257
-13.8704  -2.75772  -2.17225  3.20745
-2.4153  -24.8629  14.4221  1.39703
6.45202  6.90465  14.725  27.2211
-11.9168  -1.35114  -18.1683  69.3553
3.62025  -6.53875  -8.5038  99.9362
5.23613  12.8012  -25.5858  49.1392
-5.83212  8.72852  -4.76739  57.2473
-0.849585  1.72435  -3.20839  52.4511
-12.2944  -13.6521  21.8961  61.8761
14.6665  11.5628  -18.1589  97.1854
14.0173  -9.01498  4.01314  60.9039
21.369  -0.648831  -19.2938  95.9544
-0.472253  1.07378  5.90779  58.9856
-3.4694  -7.18182  3.66433  92.7117
-8.7746  -4.68714  -12.0868  52.1334
1.93794  -0.50655  -0.607241  73.5491
-6.88374  2.84508  1.84973  115.794
-5.00855  -2.90281  -3.60932  116.388
-19.1894  13.497  -7.83149  52.8249
-1.68667  -23.6505  -4.25994  81.3414
-17.8562  9.77956  -18.7022  16.9898
2.99771  -1.92372  4.98567  69.2695
15.1283  -4.24824  -0.66546  144.032
-2.08346  2.06897  -9.02121  36.2476
-22.6997  -15.2068  9.59833  147.107
-17.6959  15.8867  11.9963  126.884
-10.6355  -1.12753  -1.85038  22.61
-5.85791  -6.79169  0.311629  68.3406
4.21639  26.494  -8.99918  59.0176
2.60766  -10.8212  -13.5906  148.424
-3.49848  1.75371  -1.55452  145.389
-0.277509  1.13718  -11.2658  19.9907
1.29343  1.87001  -1.50491  64.3853
0.721964  2.93325  -2.26247  131.759
-0.411632  -2.93572  6.08493  43.3771
2.88177  10.7171  -18.0101  10.2945
26.3843  3.68634  5.01694  131.569
-0.266369  -1.05331  1.93996  32.9942
3.07149  0.701214  5.7957  137.715
2.96965  -2.84219  -0.585796  87.297
-1.28414  -6.56513  -7.66505  13.6166
-0.962272  -2.84087  8.51019  76.4517
-3.12971  -14.9731  13.3086  136.387
1.59019  2.05186  14.4063  78.484
17.2438  -4.26863  -14.3744  36.5104
8.04779  -2.13659  -4.64626  49.0186
-17.2938  -8.14264  14.7732  72.2645
18.0473  8.26779  -13.404  36.1838
1.07585  -12.4977  -3.49523  21.061
-9.2139  -8.97947  -11.568  130.176
-0.902864  -2.4368  0.135086  108.087
6.93859  2.99444  7.80242  108.153
1.2953  -12.069  -2.81187  42.1554
-8.51285  -1.20252  11.8903  94.3933
-7.11332  -10.6782  -2.2544  9.1731
-5.47124  1.12401  2.78809  149.381
2.92715  -4.29148  13.8967  123.725
-6.84561  -2.08018  -9.90626  49.1568
21.1986  1.71927  -2.39177  40.6494
-10.2875  -6.29915  -2.38491  5.97467
-1.8503  1.23847  -10.3907  29.4242
-1.47948  0.0652365  5.81316  46.5121
6.16987  -5.98789  3.13483  90.0557
-16.1002  0.12943  3.01014  46.9874
7.11815  15.4231  -5.28336  130.372
-2.09695  15.855  -6.81646  8.03468
-12.9123  -3.30469  13.9543  23.2907
1.14572  4.70342  19.2982  107.286
9.0601  -22.8106  -5.05171  4.22734
-12.1778  -13.2372  -1.49979  102.052
0.908525  -1.19782  2.10911  123.483
9.41052  -12.331  -18.124  139.114
21.2763  0.183168  -1.6105  16.1255
1.20232  -0.410359  0.651198  11.3864
-13.089  1.34668  -12.7348  96.2207
-4.99572  -9.44085  8.58555  33.5714
-4.58616  -12.8363  7.36406  63.6553
-7.95656  26.5816  -4.34193  117.851
-0.0176873  -0.0309304  -0.032988  143.32
-1.33854  0.445241  1.91032  3.34366
-2.179  10.6965  1.79345  62.3286
-6.29677  -10.0313  -12.4584  5.69655
7.56687  26.871  2.87291  49.4808
-10.3678  -0.0212406  -5.26609  147.507
3.4377  8.44592  -8.03141  97.7338
-3.63776  -1.89337  -0.453097  51.6929
-8.05455  8.26459  -1.08912  94.5603
-11.4617  11.1984  9.07999  45.6017
3.92093  -5.25454  -1.70673  40.9514
6.52121  -6.60012  0.662742  13.8219
-2.21624  -19.459  -0.863462  103.703
-21.075  13.2592  -1.96221  5.3828
-3.19598  4.7549  -9.30395  118.913
0.464118  7.47202  1.1893  95.7011
-2.92754  -5.11476  -1.35239  122.543
21.7908  7.58528  -8.80537  99.1367
-23.2272  2.67405  -17.0017  55.9016
-13.6765  23.513  -8.35723  71.9699
-17.9261  15.5677  -13.7361  123.955
13.4147  -14.478  6.12802  41.881
-0.371594  -5.66546  -6.05584  91.6011
7.0621  -2.10546  -11.9689  116.014
20.2049  19.6112  9.63341  81.8413
0.0884947  -0.429658  -1.33766  61.4228
-5.37177  4.21236  -20.0546  132.186
4.20395  -19.8384  -14.7835  25.005
7.90198  12.9999  25.1176  37.3235
0.513077  -4.19634  -8.21143  44.0545
5.16582  6.88706  -1.54792  61.9391
5.1099  10.5908  -0.687887  121.896
-5.01406  -6.63586  12.5769  99.5598
-1.64711  2.51555  -6.91369  57.2628
-1.77514  -4.71325  -2.38284  124.922
4.51231  19.0273  3.976  76.9762
7.61627  2.77093  -15.7918  48.2543
-8.86713  -4.9686  10.6285  114.843
5.22571  -9.76009  1.51261  87.6115
10.5657  25.5494  5.30737  107.486
12.3626  7.93219  10.7428  18.904
5.64735  -3.39609  0.254801  100.798
-20.7108  4.11849  -8.26895  7.23476
-11.7813  19.232  -7.95874  64.6425
-1.42105  -3.66725  -4.0788  125.852
-7.19313  -4.37898  25.8761  147.672
2.04265  17.1967  7.51056  21.8519
2.91548  -12.0936  -17.4314  101.989
3.6184  4.02687  -9.40878  10.0658
-1.95646  -20.6144  -15.8552  148.464
3.74044  -5.71351  -0.567719  115.619
-4.71761  -1.20238  -1.05988  84.448
1.53641  3.92422  7.74702  37.9398
10.8771  -4.03292  2.43818  6.53033
10.7542  -10.5809  12.1566  119.872
-5.83102  -1.68709  -0.873077  61.237
2.96211  -25.1557  -8.55952  75.2909
-2.49397  16.0305  7.41861  41.6956
5.93923  -4.58361  7.37699  137.834
-5.30017  -10.7219  22.8935  15.8747
2.72342  10.5189  13.2012  40.5871
-0.161099  5.32235  -5.56808  112.461
0.712353  -0.739197  -6.46935  75.2617
-4.19522  -5.60906  4.4399  16.2328
3.42382  -4.24126  -10.0542  84.9132
-19.5665  3.91336  -18.0608  65.855
-12.2443  10.3707  -4.03331  53.4185
1.02294  -0.910219  0.00462777  81.3686
-6.15998  -7.3569  -2.17065  142.619
17.9479  22.018  -6.2545  97.0961
15.4751  -5.88235  5.76763  62.963
7.27215  -2.43514  16.4598  74.5445
-13.1886  18.3603  -8.96196  9.17238
-16.4286  -24.3239  -6.13935  122.479
-2.53363  10.3648  1.37288  33.3694
12.3309  -17.2479  5.94407  28.1076
-17.9112  10.3128  -14.7012  127.252
15.4817  -7.2926  2.71284  118.252
9.5568  -2.39371  4.76805  89.6952
1.6118  15.191  6.78358  139.164
0.874726  -1.39532  -0.465513  80.2689
-4.80435  19.7592  3.70881  37.9396
-19.0681  -1.49377  -2.16266  104.512
4.7499  -1.29747  -0.788935  95.2393
-10.906  13.2572  6.89383  71.5249
7.56229  4.26286  12.2424  76.1492
0.391048  -0.56591  1.11926  43.2383
-16.6297  16.3733  -7.61261  118.293
2.27672  18.8739  13.8862  39.3639
-1.26896  6.77103  3.8801  64.0905
10.5966  -12.5356  -0.186493  132.531
0.031992  2.6807  0.64069  67.3823
8.7088  -14.5664  -9.44056  31.5468
-0.241005  0.907016  16.4171  108.528
3.80022  26.1751  3.23514  13.2287
-2.00246  -15.8671  12.5063  107.883
-0.245294  22.8184  18.9629  28.5871
5.00883  -0.976435  2.30191  78.8057
18.1917  -8.70396  2.90629  113.053
1.04535  3.78554  3.43763  22.1396
-3.44025  0.112784  -0.164909  100.317
-12.1254  11.5585  5.2897  133.347
-19.2418  -11.8259  0.6957  90.1107
5.70303  -4.82117  -5.84866  124.675
-6.11343  -4.71805  -2.14561  72.0855
8.34283  13.4042  -20.8974  11.1414
4.84794  -21.1775  2.70871  32.1167
8.00198  15.9438  -23.3332  49.1328
3.04274  2.8163  0.624116  121.957
9.29176  6.71439  10.7473  21.2831
-3.20431  -2.22172  5.71725  38.6095
7.28234  -10.1058  -19.7151  2.45345
-23.5718  1.86718  -3.17123  37.223
-22.2051  -0.464021  17.7127  39.0394
-3.51989  0.277627  -11.131  57.7362
-10.9564  5.45664  -13.7176  21.1127
1.84133  -0.0870979  0.245448  34.6397
1.98293  -2.22672  -3.89774  117.531
2.20771  0.714264  0.7718  44.0483
-8.27468  -4.54718  6.75094  94.7473
11.0248  14.9844  0.811818  135.228
-4.45084  -4.86241  -6.96293  143.636
22.8476  -17.1685  0.644638  21.6725
15.0247  -15.9347  20.4851  82.0551
6.80997  -0.997677  12.5942  87.799
21.7545  10.7156  6.6836  123.758
-5.02826  13.8868  -20.4451  107.522
7.4551  2.58866  -10.4548  61.2503
3.47068  1.27356  5.79983  137.386
3.76443  0.246372  15.7145  18.7948
17.9554  0.889621  2.1938  117.89
1.61328  -1.98273  -0.318254  125.294
-0.452847  -6.91499  -9.09966  120.375
-3.18516  20.5526  13.875  122.188
0.326598  4.55794  -26.7511  27.8669
20.3799  -0.17779  -7.70034  6.87041
7.45469  6.49446  -7.42271  126.265
0.0721239  0.484955  1.60004  34.4588
12.1689  -22.7214  -5.30474  73.028
-17.0661  -15.0429  13.0432  90.1889
-0.0922154  0.190403  1.16217  41.3693
2.6462  -4.14701  1.50411  143.527
-5.65167  -6.68936  1.55095  52.0243
4.93232  -5.85448  0.16489  26.947
0.824222  7.0384  -1.94983  27.5107
-2.27738  -9.90282  -2.61997  143.817
9.09332  1.65146  -1.43839  123.065
-4.44931  -0.701659  1.94028  149.564
-20.7892  10.7193  2.47192  53.8658
13.1692  -2.8211  10.7699  12.362
-15.9595  -5.43313  10.5767  31.2889
10.4753  -22.2211  -8.50708  91.886
-2.41261  5.29669  13.7126  7.32085
-4.69719  4.11997  -2.73712  61.1062
12.3942  -15.5851  -10.7755  39.1635
0.644648  -3.12947  4.5834  61.1847
-14.9227  3.42737  -9.51125  71.9171
4.54716  -0.408686  -4.29875  111.759
-22.1972  13.0958  -6.14787  63.0645
0.07111  0.109526  -0.0210505  53.2096
-0.144717  -0.0986502  0.0355323  87.4994
-2.71895  -0.787146  0.893534  88.1008
-3.23628  2.2842  5.53377  141.006
1.27327  -27.371  11.2399  114.891
-7.19926  -4.58735  -7.87966  56.7938
0.902643  -1.19127  -6.4967  80.0696
8.72469  -16.8837  -21.3287  36.609
10.9874  -20.9018  -16.1079  134.81
7.98213  -13.132  0.841166  123.288
-8.65451  -15.3482  3.71263  41.5309
13.4164  3.82697  13.8101  70.2179
10.0993  -5.96271  -1.40881  113.108
-20.0198  6.0314  -17.6118  67.0596
-1.77943  0.695462  1.52802  41.3682
-8.05514  -5.37152  14.8308  17.3501
-10.9803  -18.7848  -19.3434  56.5407
1.28307  -1.23385  -1.81248  144.154
5.42974  16.9645  -0.926935  109.73
3.858  -2.05347  0.370302  109.244
8.28427  14.843  -15.5875  101.406
-17.8542  -12.9091  15.784  94.25
6.96126  -5.58374  -0.10136  119.082
3.92584  5.38278  1.55214  57.6834
-18.3191  2.13663  3.68311  88.1609
-15.8342  9.69712  7.02585  10.7581
-6.60074  3.17634  -7.49446  18.8397
-24.0559  6.20525  3.84309  142.326
1.70738  5.59376  11.4255  58.0028
7.63561  -5.29402  3.22381  10.1145
-0.266914  -5.66128  7.24441  85.1314
-15.0524  -12.8898  -10.1783  118.23
6.27524  0.0620147  9.61468  116.094
0.181608  -7.41091  7.37136  130.01
-0.644774  -7.50198  -14.1235  21.8346
-11.435  6.82076  -13.482  40.9409
-17.9889  -4.36734  -4.28642  124.104
-19.6077  4.17257  -7.27369  79.4199
0.467867  -1.57068  -0.604169  77.871
-2.82895  -9.57882  -10.3456  99.836
-0.464436  -0.533934  0.712734  133.432
15.1452  -19.0182  10.6577  82.8947
8.99577  12.2975  -11.0901  83.9576
-4.33667  -1.69462  -12.3367  24.3393
12.9987  -3.4882  2.31821  121.317
9.68903  -8.00534  5.58972  102.21
5.64361  -3.32394  0.098734  15.743
-12.1163  17.6583  4.51087  111.117
0.877845  -0.0518326  1.63489  76.6511
-8.20458  0.683375  1.25943  87.6361
8.57715  0.399691  -7.64577  32.9653
19.8466  -2.90219  -12.4998  130.475
-6.60913  10.4709  8.80784  64.4819
0.975201  -5.12383  -9.57199  58.6771
10.1747  -16.4051  17.392  104.85
14.6701  12.347  20.9162  85.6456
2.13145  4.17277  -4.09923  9.08789
12.7574  -1.51239  21.0181  147.779
1.77692  -1.48597  1.1755  49.7521
21.5101  2.70037  13.4176  147.878
4.34498  -1.43185  18.2446  28.661
2.19465  -27.5928  -10.888  95.407
1.17378  -0.0883881  3.20623  46.6282
0.815999  -3.72876  -16.0369  52.3498
11.9106  15.8451  4.17328  135.327
-18.3458  -10.8307  -1.5901  148.363
-12.7396  -3.47874  -13.922  103.055
-1.53475  4.60538  1.13247  121.655
24.6839  -16.69  0.762782  27.7616
4.30642  8.62667  3.99258  6.25689
5.55914  -4.09055  -0.682223  79.9409
5.06977  1.45494  -4.33373  127.959
-5.80093  -6.09139  6.59917  2.34461
0.675842  -1.34711  -4.43638  117.099
-21.8634  -5.00876  -3.07707  126.479
-7.84757  -5.24057  -10.0162  146.009
-9.46923  -24.9111  -0.652672  137.251
3.43828  -0.904706  -2.52869  100.933
-8.26733  5.21338  14.9957  116.232
1.61699  -3.16557  -1.7518  116.284
-6.97476  0.125388  -1.14851  43.9527
4.47362  -5.246  4.42016  105.259
-0.0511596  -0.0897648  0.0666279  30.0349
-0.0642754  1.07654  -1.84647  29.79
-5.06818  2.06219  -12.3819  37.7333
1.99215  1.11766  3.81885  91.0534
2.55109  2.70746  -1.77766  109.355
8.83409  6.15115  -3.15772  73.8423
22.2456  8.46216  2.42076  59.3564
1.02638  4.01967  -5.85147  76.9631
0.883484  -1.85312  -28.758  48.292
4.52797  -19.1508  -1.305  85.7468
4.88226  1.95537  -0.0651686  104.262
6.06579  10.0617  -4.90742  91.0223
8.92502  -8.53244  22.251  28.3643
2.71338  -14.1434  -13.3139  102.258
11.6735  16.8924  7.70603  127.949
-23.3003  -9.63369  -13.567  31.5564
6.13108  -1.65955  -5.14615  127.517
8.72383  22.2618  0.634649  10.7587
-12.5656  13.6548  -9.85367  111.641
-9.22239  -20.2767  16.5429  72.9604
8.85633  -8.38407  8.99493  59.3681
11.8738  16.6189  12.1795  121.071
-0.911038  -16.867  -0.661296  83.8238
2.02277  -1.21078  1.07718  69.4582
-0.716837  2.86515  5.3381  117.933
-5.53845  2.88448  4.33641  38.4358
4.41644  -9.77979  13.196  40.1892
-14.5931  10.8967  -2.00925  134.208
-10.9601  19.4017  9.51537  38.0633
-7.93098  0.958368  -4.87675  87.9664
-0.2776  0.56224  -0.0300679  34.3857
-17.5383  6.5489  3.08493  144.103
-6.58009  10.3765  26.6795  148.862
-6.33101  -2.90371  -15.6703  48.064
0.338835  -2.31436  0.352064  0.891183
-3.68149  5.36271  -8.86287  111.552
2.27039  -22.92  -13.8265  129.228
-0.00260972  -2.00147  0.371611  10.6123
-27.6175  4.68091  2.39593  46.3979
4.18148  -1.17504  0.02901  120.484
-1.24504  -2.50821  -3.08466  49.5894
-11.4109  8.04055  15.6911  97.9465
4.85622  -2.53181  4.02108  13.1934
3.40346  -3.0365  2.8755  2.80771
5.41029  6.00698  12.277  14.8062
6.64443  4.74892  -0.428778  125.142
-5.89895  -7.91971  -6.0917  129.295
10.643  -1.38021  -9.9164  92.2952
-1.60308  0.897841  -1.91291  130.295
6.53108  -0.521935  2.47651  16.7483
8.37579  -11.3942  18.8122  13.743
14.0828  -4.50474  5.49212  74.7688
19.9299  3.77608  13.5341  15.724
0.209372  0.763597  0.232041  16.9547
-12.6925  -0.0620899  1.59204  59.6395
2.71265  -6.73762  10.7889  40.2407
-2.48456  1.93601  -1.2738  48.7851
6.58477  22.8141  -1.47346  3.99782
-0.58558  -4.37644  -3.91438  86.7765
2.21656  -16.5373  3.65174  117.7
-8.88606  -24.59  9.1953  136.281
11.0512  3.77009  19.4107  50.3349
3.74879  1.66543  10.4159  36.6853
14.9925  8.56994  2.7072  132.815
2.14528  -2.76409  -7.56761  135.632
-13.4532  -17.6045  16.6717  122.42
-8.35864  -15.3554  11.9774  38.0294
11.4141  -17.2496  -2.63068  4.16491
-5.71335  -2.24801  -1.46921  89.8051
-18.8851  3.93079  -2.92648  118.493
-21.9832  15.3538  9.01833  12.6627
-18.2866  -5.95272  -20.5288  55.1358
15.3345  6.90019  20.9509  84.0489
18.4093  -3.85285  11.6026  106.792
-4.52494  3.15171  9.94029  120.518
15.1309  6.44072  24.7037  2.38627
10.5209  4.06125  6.79429  123.301
-9.86947  -9.47309  -3.48173  72.4279
-14.0999  -9.61174  17.1334  61.5653
3.06898  -0.195551  -0.536606  109.866
9.72882  -10.9545  10.6915  108.543
0.996611  -9.37287  1.35993  106.511
-1.6355  -3.64981  4.25543  48.8074
-12.4382  11.0528  -9.03957  95.1194
0.0782307  0.415976  -1.57366  119.53
16.5727  -6.17034  8.32763  46.5663
-4.76086  1.5385  -3.02282  41.4695
3.13169  10.7361  -0.335741  78.253
-5.40304  10.5085  10.9426  69.9701
11.2289  18.496  3.66867  64.5226
1.76787  6.81202  3.89921  95.9648
-11.6962  17.501  0.501205  23.6883
2.54227  7.43794  -3.19566  43.8221
14.7323  18.4234  11.7015  144.934
-0.2978  -1.24979  -3.52882  64.1836
0.578314  3.93375  -29.5385  121.501
3.63132  6.74073  -16.2339  29.1484
-2.76388  -2.91952  2.88875  131.266
-2.53091  -13.5524  -2.50469  41.2337
-5.91878  16.1191  -11.5194  82.8229
-1.07604  1.04621  0.398804  80.9862
13.8786  -20.4725  -4.38393  108.607
0.19692  2.71916  -16.4224  8.85607
13.0086  -14.3447  7.65716  97.3916
-4.93111  13.9735  5.05255  130.635
1.34938  8.37675  11.8917  74.686
-7.98022  1.13239  -0.452032  122.659
19.0734  18.1573  11.6513  124.311
20.853  6.06851  10.2122  70.3934
23.3982  -17.0296  -3.40238  55.4663
-0.488983  12.4998  -0.331009  107.542
7.72024  -26.8321  9.6769  62.4734
2.20497  -0.450356  -0.0770493  11.1354
0.861873  1.30798  -5.42383  16.3384
-15.5205  2.90425  8.80172  57.3241
-7.97377  13.7845  12.3532  55.2003
-0.13687  -10.8202  24.7077  11.7013
-1.44684  -12.9264  -11.0106  27.256
-16.7424  -20.3772  7.90971  92.1463
-9.66477  23.1169  14.6101  11.0681
-18.031  -4.66164  3.13873  149.809
-5.82742  -7.09555  1.25891  59.0177
-9.38346  8.71351  -15.3522  64.1372
0.44653  -0.27807  -0.842153  53.8835
-19.3558  -2.06978  1.10061  51.2574
14.2418  9.32195  -0.131335  109.17
23.5352  0.0889498  1.39897  61.6311
7.36611  -0.708634  -4.10316  55.4532
-0.229564  -4.54687  4.47757  12.9413
0.718709  9.38647  14.964  114.229
-5.3201  -7.00486  3.86145  115.635
1.60154  -5.27464  -12.4679  116.817
16.9902  -2.99845  -9.39001  84.4485
-7.30184  24.1337  -11.2632  101.149
-4.52712  4.93357  -6.27794  129.384
6.76115  12.5245  0.666039  120.743
0.735214  5.11566  -0.0710688  94.1015
-11.4361  14.827  -7.12918  33.2277
11.4662  -11.366  6.05123  106.647
-0.180178  0.18846  -0.000703957  110.964
16.278  3.83888  -17.144  91.6758
-8.89405  0.578833  -1.59945  77.7625
-13.6068  21.7304  -12.2863  19.7057
-9.13546  1.57186  -6.36049  82.2993
18.6299  0.96403  8.50001  69.933
3.76573  14.5063  -15.2451  122.711
-16.6204  24.7261  -0.194716  39.7798
6.86759  18.0132  7.87768  102.688
-2.60975  -0.551857  -0.770223  23.7111
-8.1059  -6.87958  4.72031  60.4696
-0.625389  -1.50867  -6.92651  46.4879
0.45311  -0.255536  -5.50403  86.4095
14.6485  1.5021  -6.06863  91.2378
-11.3979  -1.0122  3.29713  146.102
-7.25631  4.98184  -9.90411  42.6583
7.4172  4.59023  2.0034  100.354
-2.51894  4.81498  -5.58614  90.4446
-13.7609  -19.8124  -1.11968  103.219
-0.340611  -2.92279  -4.76055  130.292
-17.6294  -11.9842  -6.46045  4.97062
-5.01733  18.9125  -17.8205  48.3852
4.33426  13.7353  -12.2881  93.218
-6.14611  16.4329  3.54176  116.062
2.39265  -1.6001  4.61055  129.787
3.43796  -1.89463  1.60319  14.4554
-2.78989  3.66883  -4.19455  147.24
3.02242  1.67244  0.114183  137.256
1.75927  10.7359  -25.799  20.5644
1.70221  -3.58688  2.33581  30.4139
14.2269  -12.9451  19.9615  105.906
4.89005  25.4639  10.1512  12.1635
0.654118  -0.803794  -0.267468  77.9635
-21.5961  3.53681  11.4022  100.931
10.8888  -16.9731  -11.1752  106.5
0.815977  -1.27993  0.827056  130.496
7.15696  -1.94215  -10.8632  7.0231
12.5456  -6.28528  -8.74439  52.4357
-0.287249  7.144  -19.3196  8.08638
13.8647  8.36089  0.047749  109.396
-13.477  -6.85426  -11.8594  120.421
9.3829  15.9167  -13.6577  57.7346
-0.673528  -5.73146  18.9364  17.6821
2.50455  -1.91494  -3.40285  5.46266
-12.7263  6.23075  -25.5054  107.439
-4.8139  10.4031  6.33918  133.613
-5.43008  0.994846  1.37356  141.391
-4.71923  1.93054  5.12001  100.102
-22.5521  -7.57657  -2.6641  64.3346
-6.32131  -1.56741  2.85257  134.343
16.6244  -3.66026  19.7616  119.606
-10.8365  -1.35305  -9.14336  99.5575
2.95542  -12.9784  20.027  29.0209
-9.60387  -0.107847  2.91002  111.07
-6.43876  3.28519  3.03364  17.8842
-7.79414  15.5205  0.250273  34.5496
0.180737  -0.855153  -1.00153  57.0191
15.2918  20.5201  -8.09335  147.017
15.5751  17.3139  14.7843  71.3796
-3.58725  16.675  6.02044  98.6987
7.81919  13.7449  14.8751  105.263
2.49466  2.02897  3.37678  97.1155
1.32634  4.15799  1.40976  1.11046
1.49549  2.77925  -6.4745  112.639
7.6628  -6.37108  -1.35981  131.303
4.16296  15.3954  8.15219  3.81009
1.90441  19.2187  12.3956  109.61
1.6582  0.894931  0.874703  101.967
-11.9036  -17.852  -10.249  97.5622
1.34516  0.193606  -1.34319  52.0635
-0.492524  8.86915  2.32449  28.9617
-3.14856  -3.71414  6.27304  137.109
17.8966  9.3856  9.29499  74.256
-2.06616  7.19919  -0.55977  88.5142
-1.16211  -6.85501  -6.18049  131.815
7.72261  -2.43695  -0.299636  83.4381
-25.0611  8.13113  0.856319  126.699
-2.87408  -10.0054  3.16064  120.824
-0.648166  -0.901945  -0.276793  7.07747
-14.1553  19.7773  11.6133  144.906
-0.279819  -6.83523  -2.31073  61.1524
-1.04935  10.1104  -24.8654  144.241
-6.92812  12.3589  12.2566  143.201
-8.58115  0.882723  -27.3569  14.8364
-14.5363  -2.67744  -14.92  46.4955
16.2464  13.65  11.944  58.6812
-6.77854  5.44367  8.52055  59.7156
5.88175  -8.90363  -15.1401  117.476
-19.2064  0.144198  -21.6428  129.801
-4.50042  -1.98834  -2.73804  68.6503
-1.29246  0.0705579  0.0132215  8.26439
-14.8585  -4.07785  -10.8693  9.23014
-2.82491  -5.40733  -1.7523  93.4521
14.8327  -22.6613  5.72315  4.38658
3.58441  12.0932  17.7006  143.226
21.1919  11.9022  -13.8847  48.6558
3.3711  -20.1456  9.13771  57.5029
20.5707  -17.5415  11.8305  44.7924
-2.87795  21.1347  -17.1518  133.137
-6.17044  3.40567  5.37051  124.096
0.97179  4.23589  4.64039  6.77864
0.151279  -0.293593  -0.106299  50.3188
7.28082  8.98701  -3.85492  130.441
-26.4724  2.63977  12.8785  60.5372
6.97558  6.08485  12.6295  78.8649
17.2819  -17.8572  -10.1826  119.2
-19.3947  -0.379739  13.3788  77.884
-13.1308  -25.6707  7.61917  81.2637
-7.03754  5.457  -19.7485  82.459
0.218748  -2.56581  -1.54196  1.48706
15.8606  21.2452  -8.7206  73.4691
-7.87311  -15.3074  -11.3653  131.709
-1.91568  -0.35605  -1.09501  137.53
7.35858  0.544738  -10.0826  87.6448
-1.54265  5.48486  -10.1196  89.8904
-5.79694  5.52956  -2.86934  121.46
-1.00184  -2.59072  -1.1249  88.8054
4.11471  -2.27629  2.74113  102.131
-7.79407  20.4519  14.9027  133.521
7.04825  -3.97328  2.28309  39.5545
1.22224  20.7023  -7.38842  118.092
-3.9932  15.02  6.79358  106.487
-10.522  16.0779  1.96457  64.2052
14.6592  -6.83355  3.43625  130.437
17.8283  -20.8454  -10.9142  80.9049
-25.4515  5.46377  1.20127  134.547
-2.78723  -0.663284  0.198876  31.5471
-10.6939  -13.5938  3.07416  76.3976
-0.171451  0.730908  -0.85491  58.5046
-10.9837  22.9521  -10.0396  66.1913
-13.0855  7.84355  -4.63366  45.1446
4.88024  12.6585  3.22623  1.97811
0.259163  -0.133875  -0.188298  110.402
-0.259681  -0.224539  -1.41679  119.579
-13.4776  -12.1357  22.869  18.5721
-1.09503  0.624111  -0.37303  34.6897
-14.5045  20.6289  -11.2799  106.712
-0.607936  -9.01834  -7.40103  114.416
12.1605  -0.516456  -0.800557  56.132
-3.86899  5.47539  -1.85414  56.9378
-20.425  -12.7208  -4.81974  96.7167
22.1462  13.2386  -1.65767  91.4444
2.41871  -2.25702  0.933311  20.725
-5.91497  8.90784  19.1847  128.109
-5.64895  13.4602  19.2946  24.509
-10.8859  -5.41486  0.891717  101.578
-12.1518  -1.00126  23.3571  47.16
-4.81764  -9.01073  10.7529  120.364
2.69817  1.40412  -1.75345  111.569
0.937196  3.34968  0.311773  11.2001
-6.49488  0.949258  8.55317  66.5522
1.1641  0.230324  -0.11662  49.9419
0.0307326  -0.048883  0.0996553  47.7519
14.0423  -2.45396  2.29886  81.9841
-1.99619  -3.19526  1.27166  74.9079
6.73293  20.2173  -1.83808  19.2169
-19.6785  0.499334  2.33999  113.542
1.60363  -1.60416  3.15215  69.2512
6.51154  -1.81792  -6.77384  31.2729
4.59887  1.62067  -13.7409  120.91
-0.177827  0.546157  -1.04969  64.5601
-9.56597  25.297  7.73033  145.941
13.0821  6.56193  24.3472  67.4235
-5.62287  20.6005  -6.68699  93.6776
-2.67237  13.575  -11.7831  42.4191
23.3548  17.0453  2.16364  145.272
8.96355  -0.301186  8.84356  17.6934
3.23552  7.14672  5.75991  50.6678
0.212922  0.516097  0.425501  12.9718
2.14657  0.845992  -1.26047  134.798
-1.40823  9.67495  -8.25067  65.3912
0.558232  0.417438  -0.992096  74.6081
-6.38934  4.00199  0.289337  14.6029
-3.57777  0.477047  0.305086  126.843
-4.29077  9.05962  -4.65746  134.043
-0.694447  -0.915443  -2.02919  17.6005
18.0926  15.2806  5.5105  47.2481
10.527  22.1131  4.85697  128.548
17.2647  -6.03218  -13.3895  143.857
2.5114  0.939612  -11.5301  12.7904
-5.25109  6.00964  -2.64272  38.1409
23.3064  9.06915  2.89554  119.433
-15.3819  8.04151  17.8302  41.5168
2.34069  22.1924  19.7525  128.718
13.2712  13.7521  -0.856566  75.0783
-3.04337  -12.5317  16.1025  97.4817
-10.6564  -16.4459  -22.3642  132.359
1.03322  -13.6933  13.627  61.7274
10.6565  -4.8351  9.68421  85.6918
-11.871  3.82599  11.2924  130.63
-6.31267  17.2066  21.6524  93.3259
8.69278  15.6478  -0.514427  147.409
0.0219263  0.0411484  0.0718313  91.8742
-25.9982  9.65914  -3.56519  147.422
0.0773449  -2.24147  -2.93899  76.7379
23.4676  -1.411  -11.1302  136.969
7.8968  16.4209  -12.7749  41.182
1.64716  -8.17389  -1.98083  39.179
-4.11967  0.385064  -0.542037  146.047
-1.14443  0.028909  -1.12638  143.603
18.2416  -16.5327  11.6026  100.626
14.8869  11.6509  16.6538  149.761
-4.57555  -6.70056  -3.65344  132.43
9.61417  -9.62559  18.2369  103.657
17.0001  -5.30375  -11.2692  53.9407
1.05011  3.92724  -0.902035  23.0235
-5.45343  -3.33315  -10.5687  123.048
24.0576  -5.4399  -12.6445  109.447
1.64679  0.933329  -3.17958  126.943
-11.8369  18.6188  12.0083  146.418
1.23259  -2.37563  -6.28827  123.865
7.41167  -4.55099  -22.0887  67.2577
-25.763  9.42268  1.3484  109.736
21.6143  17.5754  -3.00783  17.0401
0.0583875  3.23558  0.236528  42.7271
-1.54235  0.822346  -3.14294  68.9738
-18.0201  -19.6927  7.59087  41.9079
16.1424  9.64474  18.5092  141.361
-9.01117  -9.78987  -2.99492  12.071
9.97909  -0.0158107  -11.0135  55.2934
-5.15272  6.49166  6.08482  38.3858
2.95543  -2.52023  3.54848  31.1208
-19.3478  -14.6622  4.5761  112.248
0.367943  0.735725  12.8523  131.389
-6.52993  18.294  -8.23536  75.2423
-3.4619  2.51764  -11.148  50.074
-0.0784705  -3.87642  -0.968847  142.371
-20.8609  12.7102  5.65  76.2295
-0.611624  26.5291  6.3808  97.9799
-18.2929  7.39512  -2.44257  70.1215
-2.22828  0.211316  -24.4573  25.9046
7.19136  -2.3275  -25.4978  68.5856
-1.1366  -2.74955  0.632735  58.003
8.58354  -7.37518  -21.9984  51.738
5.12495  11.8444  -14.2326  77.0326
-1.24106  0.566749  2.95416  142.619
-2.6098  -6.26075  -6.85384  98.2098
3.52573  -19.8409  -4.46175  21.9838
-23.5643  15.7959  -5.59859  65.1348
-0.282674  -10.711  -11.1663  39.2209
19.6787  1.30658  -9.46484  89.12
25.0115  -12.3379  2.86152  20.4499
3.3565  -1.33333  6.64616  43.9554
0.663081  1.99768  -0.590923  133.059
-7.10543  -8.79326  7.72626  121.889
3.43848  7.25688  20.2029  89.5527
-4.9089  -24.7581  -3.27806  24.6397
0.199294  4.31489  16.5623  110.769
3.81633  2.55393  1.44699  131.526
0.117763  -2.11226  -1.80883  81.5521
14.2726  -0.762582  13.2615  116.93
-3.63316  3.62201  1.83613  145.524
1.06388  -5.61772  -5.44866  35.4293
-5.12771  14.4407  3.16205  88.7446
-0.266092  -5.81716  6.44433  53.4236
-0.512198  9.40569  -2.75202  1.294
-18.3174  9.50112  -11.2838  147.436
9.00056  17.5119  -19.1704  89.0458
12.5937  -14.6371  21.2926  132.211
2.07018  15.2217  -16.6282  123.721
7.72115  -8.02478  6.42077  122.331
-5.6581  15.7216  -7.75059  41.278
-0.461856  0.599302  0.508838  1.95572
-4.15408  15.8478  -16.6588  14.3382
-3.27176  -2.88822  1.93657  80.9984
17.6233  18.7865  6.71026  96.1401
11.0771  5.46731  -4.01676  83.5574
22.1708  -6.26927  2.41044  44.6861
-1.36625  -2.61918  -3.62168  99.664
-0.223227  -6.33174  12.3439  4.15572
-17.22  8.52424  20.9017  109.004
0.232819  4.60934  3.67155  71.2765
-0.809466  24.7605  -3.0795  7.55336
2.327  -0.428772  -0.339989  98.7462
-4.45164  -17.9861  15.834  77.5492
-5.90828  17.9553  2.64396  19.5246
-2.78911  4.29647  1.72657  14.0132
-12.2508  17.647  1.98932  146.489
