# STAR POSITIONS		MASSES
14.5055  -16.157  -8.84446  6.75335
9.76001  -23.0867  -9.07828  56.414
27.4709  -11.5869  -0.183976  60.8645
-18.8311  -1.37051  -5.90205  47.1743
-6.46819  -25.1748  -9.70049  22.5808
-20.4189  -4.02471  -5.06726  6.91641
-9.13767  2.56761  -1.94206  145.486
3.50435  2.80023  7.62583  24.8881
-14.8613  11.4206  -1.96601  11.9582
-17.9896  -7.25257  5.82779  46.6545
-21.9515  -19.9363  8.0696  58.0043
21.8503  -1.51563  -9.5546  36.5997
-9.97728  13.0864  6.19313  128.379
10.7138  19.9595  8.02434  15.7384
10.4182  2.37368  0.630082  42.8326
12.6917  -11.5947  6.52762  128.335
-16.5689  3.95668  4.23305  31.8132
-11.8501  -17.7689  -0.530988  82.068
12.2213  0.41269  5.39812  86.179
6.94659  -23.7647  9.44579  85.3586
20.0297  5.83604  -1.07974  82.3032
4.22931  -28.2832  9.30675  14.8701
-2.25437  1.09297  -1.13377  41.3692
0.535666  0.337486  -4.43613  50.4972
-3.41952  -0.283099  3.16495  42.0642
21.0958  11.8637  -1.68528  87.8348
-18.6806  16.5814  -3.51087  112.054
-12.5491  -6.53659  -4.27873  93.0353
-0.809463  0.472195  -5.43949  71.6633
-27.9248  -5.10605  6.16196  57.8117
-0.978441  0.132955  -9.36526  123.667
3.07476  -21.5969  -3.72517  55.086
-13.1769  25.299  -6.94162  5.17806
2.78077  -1.76324  -5.53838  110.199
-9.51769  16.545  1.58488  125.975
-15.8734  10.5852  -8.20312  147.039
2.386  -6.53838  -5.43909  104.967
24.5446  -8.22199  -5.95639  79.372
-14.7019  3.99707  -7.50379  125.448
3.84244  -8.7408  -1.21377  25.7012
-3.98279  -4.69192  5.33851  60.811
2.79104  -19.3677  -7.49677  39.6956
7.36234  -9.39386  5.02316  103.93
-0.789743  2.11688  7.13233  62.86
7.28956  -28.5893  3.04346  139.097
12.8552  22.0907  0.928504  7.05411
19.6653  14.3156  -3.60425  103.322
-8.15452  -7.766  4.42656  101.799
-15.8487  -16.5995  -9.63721  96.2004
12.5359  -1.46224  2.26223  60.4471
-12.9864  -10.1842  -5.48555  38.279
2.56022  -9.66115  -0.878556  107.957
20.6252  -4.90257  -6.62747  43.5673
-21.0239  -21.0919  -3.05896  102.524
-18.2249  -13.82  -9.36135  84.1404
10.0925  20.2771  9.51687  41.2329
-20.8494  13.739  -0.537989  54.8143
2.20621  3.73056  1.63557  26.5249
16.6263  0.122952  2.25836  4.28678
19.5011  -14.6984  -4.94024  60.4613
-9.01558  -2.83584  -9.98846  34.6755
8.79355  -12.7675  -5.10542  148.285
-6.20108  26.2826  -3.30814  12.5064
14.0817  15.2618  8.87503  7.31651
4.2342  -11.8003  -3.7598  102.157
20.71  13.3925  8.50929  112.825
-6.77571  -17.0342  0.97483  28.1472
-6.74532  3.60366  1.13225  139.311
5.60126  -10.0514  7.89021  134.098
2.79847  8.60551  8.13831  19.1984
-13.8771  -12.8678  -9.98638  93.4572
3.84128  -19.7078  -6.93568  74.2861
-2.13275  -8.57784  -6.5342  130.435
-0.888868  8.27873  -7.71802  7.37063
-6.24257  2.3862  4.27338  16.9889
-3.42718  -6.25553  3.39837  53.28
27.5392  9.46448  -2.93032  47.7082
-9.22096  2.04049  -0.382441  146.816
5.30191  -16.8486  -5.85087  84.7769
29.0779  1.47638  0.780203  63.1985
0.965126  -2.30096  4.64029  2.3099
12.6014  -7.94987  3.99281  86.0011
15.8082  18.7431  -8.49381  6.22692
5.25631  -1.21095  6.5527  7.14419
-0.244924  1.11318  5.43452  99.6188
-2.5814  3.04647  -9.54961  57.5984
15.3082  3.37519  2.73989  5.63425
3.78315  22.0342  7.0066  111.575
18.1706  -6.80459  1.45963  26.2529
5.1151  0.0506551  9.38216  23.9599
3.72124  2.14155  2.34867  26.1305
-14.1123  5.36019  -1.08483  73.9286
17.9067  -22.5754  -3.54319  91.6394
-6.27687  23.8364  -2.40758  132
5.2036  2.90321  -6.1201  142.363
4.76879  6.72657  -1.31307  129.583
-9.36863  22.5977  -0.112576  56.5001
-7.77321  21.686  -8.58004  145.043
-5.362  4.17095  5.8236  127.087
-4.55403  11.5922  -3.34433  148.285
0.0108491  0.347688  2.76908  93.03
7.18972  7.0954  -1.69331  126.631
-2.03769  0.345516  -4.5884  98.1791
29.0966  4.09265  -7.35696  29.6844
-6.42237  -18.369  -1.56186  103.356
-16.2949  -5.50653  7.91867  66.1166
-1.04051  -10.9274  2.33274  46.7551
-15.2893  -23.3644  6.68342  60.1028
12.2144  -25.5112  -0.650898  83.5937
5.39766  3.58971  -5.82537  134.679
-2.94762  23.8523  -1.70988  17.9553
5.66325  14.1847  5.33867  76.4973
20.1828  21.2923  2.52194  26.0654
-8.60478  10.798  5.80506  22.0435
23.308  14.3428  5.48233  34.1387
-4.1429  12.5187  -4.06739  10.412
-18.6775  -17.6629  2.56114  87.8095
-11.3689  -15.3572  9.27903  82.6164
5.84957  -2.96463  -1.94591  61.8894
-0.966625  -0.916833  -9.17776  111.604
21.3021  -13.8204  8.33231  46.1696
18.4136  -11.317  6.45696  45.81
-0.0768971  -13.5063  -6.91319  47.0324
-1.42133  -7.5048  4.95139  61.0237
1.15691  14.8329  3.11454  111.835
-28.0734  -6.19343  5.95919  98.2672
3.75591  21.7093  -8.2733  24.9301
12.0728  -16.2959  1.79711  6.68851
-13.4829  -15.4156  8.76093  122.224
1.09123  0.621777  6.21807  99.9659
12.1535  6.5732  -6.29266  56.3555
1.15431  5.5512  -4.24806  94.6563
16.9393  18.3735  2.19195  144.335
-10.8119  15.1185  -2.81698  123.762
27.8866  -11.0589  9.13076  117.758
11.8427  6.53617  -0.744309  125.726
-6.67395  -17.0054  2.20369  65.405
8.36065  19.7631  2.78607  109.338
17.0138  -5.5748  6.42975  88.5339
-1.72183  -8.22919  -2.19453  91.5295
13.7668  2.38175  0.565888  71.699
-19.1136  11.2964  -2.89949  29.5526
2.87801  5.78093  -6.36324  77.3835
10.295  -2.79534  -1.5229  148.444
4.86282  -3.08035  -7.1248  45.462
-10.7728  -0.436442  1.62622  122.889
5.88616  9.046  -2.69097  14.8579
-5.86409  7.8608  -8.13349  123.552
-6.1426  -22.0922  -9.53609  129.787
28.7131  -0.824001  0.737345  149.671
10.5412  -3.32163  7.77279  117.06
-3.12389  3.7138  -6.57367  13.9449
-3.36277  4.75445  8.37839  13.6088
-23.4644  12.0754  -3.10533  59.5311
-4.38981  3.96174  -3.99497  124.121
27.3786  -1.63803  8.9867  148.304
-0.318901  0.698471  -0.74129  132.438
-18.7512  -21.6083  0.0571592  42.2088
11.1648  -13.6961  3.91085  135.192
20.1397  3.25007  7.70618  45.2297
4.52214  -13.6807  6.77945  141.323
0.671171  0.101253  -1.43706  4.22707
-25.7228  -7.28342  -9.39301  5.8242
0.00574571  2.62638  1.62919  146.509
-0.528311  0.469547  -7.24869  48.5093
8.30836  -20.7946  6.76523  100.058
6.77462  23.2323  9.40368  140.793
-7.4724  15.0394  -1.79855  40.3825
-2.46923  4.44018  1.31755  83.6429
21.6395  6.2767  -8.48342  135.722
-7.81451  -13.8173  7.49178  26.3309
0.0665671  23.4423  5.22031  43.1059
9.80617  -2.31009  3.88153  145.781
5.21392  -0.565153  2.24619  83.3526
0.167222  0.24466  9.08179  52.2172
0.476113  -9.9564  7.41822  144.852
-0.989936  12.178  -3.86766  64.3865
6.2441  21.5606  3.35865  65.8667
-9.5984  -5.87799  6.28376  88.5474
-14.5773  6.56863  -8.22384  70.3634
15.6225  -11.7286  -9.85844  84.0692
0.372785  -2.12588  -8.07738  35.2122
17.8786  -0.590601  5.9304  22.515
13.5706  -24.0824  2.25934  83.6401
17.3071  14.8534  1.02138  70.318
13.4536  14.6179  5.48028  54.6262
17.0624  -3.42584  -2.41836  8.03154
11.8094  24.0755  2.41753  90.748
9.57758  -26.4764  -0.215157  31.4047
10.6522  5.9431  5.09118  67.8809
-9.59499  -15.0601  3.05109  82.6309
9.30411  -4.59212  -9.4096  107.738
-4.98141  -3.24351  -2.75643  97.0787
-6.49996  1.24728  -3.33239  22.0366
-13.5408  22.6076  3.0903  30.8416
-3.60839  -8.67121  -7.36286  16.9314
-19.5004  17.4793  3.11372  89.6482
-3.16298  -4.33798  -8.06279  103.606
11.3897  25.3968  -3.32685  40.0005
-18.7137  -14.9932  -7.56101  35.3417
0.611623  28.5457  -0.236615  43.2713
1.52511  2.07387  0.0967909  129.63
4.68076  -4.93336  4.14341  139.474
-0.344907  -2.59086  -6.8908  138.926
-0.0417969  -8.26261  0.695951  72.363
1.54519  1.82701  6.94846  136.182
-2.20033  -10.156  1.01493  48.7236
-18.9627  11.132  0.0330038  1.78223
-4.87634  2.57648  4.08467  141.358
-2.26512  8.06012  3.0253  95.6069
13.5211  -17.4963  5.32519  2.37369
0.722196  8.03285  -0.367949  59.8687
12.6068  -9.5391  -4.69866  94.7548
-19.3969  17.2194  -7.65703  130.951
2.02596  7.7781  1.20538  125.005
-7.29994  -28.026  -9.87767  16.1195
10.6509  6.51482  -2.04808  84.0543
3.69241  -3.8678  3.8202  100.866
-2.75867  -7.07839  -5.00273  95.2632
-5.10196  -2.39826  -1.52975  145.404
27.4548  -9.18169  8.66645  90.9273
-0.711605  1.51747  6.3959  40.6977
1.07743  -11.3222  -9.73866  144.424
-5.75158  3.13194  -6.85862  123.602
-22.2519  -20.0382  -0.299629  109.665
9.90547  -10.8301  3.17078  67.3841
-14.6657  3.47819  -5.99057  4.37104
-9.46649  10.3869  7.91341  23.5163
-2.652  -4.09174  -2.11366  144.635
28.883  -2.1946  -0.305707  97.3567
18.0693  7.4554  -9.72379  60.8162
4.80483  -24.0461  -3.24177  54.5619
16.3239  -6.99957  -4.08429  66.7728
-5.68628  -2.43466  5.41528  16.8374
28.0628  -2.20356  7.72052  3.13777
-2.4  3.01868  -6.70516  13.9081
-10.9092  -18.831  -0.700755  100.632
2.60173  -2.87634  7.36863  142.686
5.87923  4.97254  6.51074  107.138
15.238  9.92809  6.21942  7.3993
-17.0846  11.2455  -8.68243  96.9354
-8.89906  8.39568  1.86817  19.8464
-1.0096  4.80638  -5.32143  47.5325
-9.48661  12.2375  -8.98617  63.7821
3.17169  24.4456  0.170884  68.627
1.83734  -0.031793  -2.75566  115.627
21.4472  -11.845  -4.01303  35.1304
-11.5383  3.38712  0.6378  108.02
-12.3213  -7.90936  -6.58962  50.4975
-4.80035  -23.1847  -9.13339  70.7188
-2.16048  5.28134  -2.0933  14.8115
4.9087  -13.3058  -2.71887  25.4766
-1.79087  -1.62906  -9.69796  134.22
-9.11363  21.3588  -7.37396  109.408
-12.966  5.42281  9.47142  105.895
13.0488  10.4951  -7.01605  60.5318
-10.4951  5.3323  -6.55137  98.3031
-1.41672  2.61785  8.9619  145.637
1.06364  -22.591  -8.28576  137.343
-1.03477  -6.63001  -0.641938  97.4884
22.3141  5.49244  -3.12586  110.09
19.9254  11.3012  -5.92817  56.111
-9.52601  4.41488  7.39371  56.1755
-13.041  -3.35717  2.03022  145.547
-1.00277  -0.441688  -6.35721  95.034
2.81808  -3.2076  4.26343  69.341
-13.5642  2.81746  -1.70007  143.528
0.0300446  -2.03275  -9.01463  99.8816
4.23949  -5.66417  -3.58597  124.047
-3.31124  2.16741  -2.96554  110.339
-6.125  -8.42785  -3.71788  3.6441
23.3043  -6.67346  -3.1406  33.2293
-19.8271  3.28901  8.28596  121.053
-20.1841  -7.02138  -3.60007  18.5083
20.2761  4.67165  4.13683  60.3664
5.99662  28.9164  -0.501135  70.986
18.7464  -6.36383  7.70071  98.8924
-6.43103  0.153121  1.64069  47.3936
4.59303  -6.35108  2.70766  66.377
2.22997  -1.64167  -1.2114  50.6081
-2.03128  0.581554  -6.38992  143.022
-5.69073  21.8253  -2.10518  147.238
10.3767  -25.7421  -3.77364  6.83341
-14.6308  -18.5548  -0.195545  46.1066
-22.7113  1.44416  -1.24716  1.37883
-12.5933  -7.42116  -2.85014  79.377
25.3786  -14.1053  -3.48667  117.458
2.47588  -1.25031  1.67212  78.8087
5.98492  12.313  -2.31527  81.7033
3.7513  -3.73526  -1.04066  4.28673
-10.6662  9.63644  2.78118  48.9739
13.1652  -0.615871  -0.0638198  106.215
7.9096  -28.073  9.72773  117.343
-12.5377  15.4159  -3.22306  129.488
-19.5546  1.84331  -5.73452  83.7352
2.99994  3.03719  -0.464855  35.5975
2.04932  7.15705  7.55022  50.7021
-2.63542  -4.30693  1.78937  40.0127
-12.9817  14.0087  1.74468  93.9618
7.79125  15.6382  -5.6535  8.25114
18.1184  -22.1501  1.62844  68.8926
16.3192  14.3975  -1.41492  122.404
24.2337  -4.23938  -2.60061  59.7226
8.4798  4.7483  -9.6462  32.0855
6.7344  -6.80167  6.03057  112.514
-9.37959  -2.61213  -8.59127  51.8008
17.0558  1.10698  -6.22271  0.823918
7.4163  -3.65878  -5.62111  48.2621
15.9891  8.76362  8.15738  116.31
7.16856  -0.173006  -4.95278  64.566
4.90677  11.4326  7.44113  37.4595
-2.69092  1.18067  -3.46497  55.0442
-2.88088  14.7324  -4.69887  36.5732
18.9616  -17.0529  7.93385  99.159
6.0369  -19.2484  3.93741  85.0904
8.90644  0.781392  0.548678  51.5999
1.26324  -1.60833  -5.12896  93.5691
-1.31052  15.5556  7.64569  103.915
8.98528  0.276479  -7.02683  54.8168
-4.74378  -23.0246  6.26318  46.0697
-11.522  12.9275  -1.71083  145.06
0.0636475  -0.0593597  -0.158259  111.09
17.303  -1.56425  -1.74225  49.805
6.89865  2.71252  -1.69138  68.8461
-0.0773088  0.926546  -4.01817  12.1522
4.23406  -8.17531  3.52329  48.6405
0.94457  -2.02226  -0.328759  48.2792
-6.04977  5.87463  -4.63156  30.7861
24.3885  -3.87973  -7.635  60.5229
-1.97626  -6.95046  9.40517  91.8315
-13.7119  2.67818  -2.23501  102.61
7.8094  -28.4136  -2.09822  113.473
-18.876  -9.85685  4.71971  89.5343
6.59028  3.423  -1.28082  71.825
2.1351  -9.02402  -4.2249  43.6304
9.82444  4.55772  -3.26437  83.4048
-7.18972  4.35996  2.53468  67.9152
11.5386  -26.8891  9.91607  35.0895
2.78878  2.64124  3.21394  90.011
-22.5436  -2.48868  -0.29516  130.529
-4.48969  10.8876  -1.89271  38.4567
-29.8981  -2.09823  6.91684  114.986
8.39022  -1.63796  -9.23404  147.226
-6.41609  21.5884  3.50998  48.7569
-9.48348  11.2927  3.47489  121.907
12.7228  -8.78867  -0.349907  88.9594
8.26614  23.3332  8.90448  47.9208
12.5028  -14.5952  9.1408  85.8441
-3.60192  -0.780049  1.31874  116.788
-15.3746  -21.0337  -6.09839  77.4175
5.61091  -14.3016  -5.19128  148.153
-0.629132  3.50716  3.4699  131.883
6.24725  3.43059  -8.74634  148.336
6.30755  19.4276  -0.267558  147.357
28.792  -1.89544  3.42268  77.7032
-17.6167  0.43676  9.79085  40.8376
-12.4405  2.29221  0.484323  117.458
-16.4759  18.364  6.06912  93.9575
-5.19237  15.7669  0.676992  108.558
-19.107  -19.0508  4.92505  23.4077
-0.371257  -0.382513  6.46036  63.9118
19.6167  5.18187  2.14699  8.45035
-8.59247  6.82803  8.99474  138.14
-19.1898  4.63569  9.761  133.1
5.97714  0.632918  -4.13154  47.1263
8.42694  -0.95417  -3.65379  77.7951
-0.960507  -0.363503  8.4143  125.747
16.2126  -13.763  9.3613  60.7458
-5.7218  15.4368  0.721613  99.7349
3.58192  2.87698  -9.91222  107.79
-5.64353  0.668855  -0.634586  133.084
14.2027  12.6586  4.65974  68.8374
-2.45099  1.44821  9.791  43.3873
0.164257  13.3511  -7.22037  87.7507
-2.28065  4.45154  -4.10514  109.872
-25.0735  8.62514  -7.20769  7.65888
3.4443  -12.3838  -1.79092  50.4275
18.7916  20.8534  5.68408  98.6196
-3.7793  -9.23962  -1.29001  113.492
-1.69408  10.3818  -9.28121  40.171
-9.07965  6.61692  5.47751  136.452
3.43677  -26.5895  3.81828  47.5491
-0.301879  19.5916  5.73261  114.572
-8.49874  9.23131  -3.60908  15.3569
-4.97449  8.69479  -7.25113  147.593
-19.8021  0.789195  9.83707  24.6384
-21.8445  -5.27857  1.06165  99.0823
2.45327  20.9759  -6.36002  41.1019
1.24637  10.2433  -5.78403  64.88
-0.986185  0.661828  9.9583  110.507
-14.0306  -1.8005  -9.35286  129.318
8.05277  -3.47578  -2.53817  121.154
19.3309  6.96926  -0.478806  78.5069
-0.768682  -16.9583  5.48846  49.8477
-0.0983438  1.4159  1.08364  5.5114
-9.70065  -4.89658  -7.32327  11.652
-22.4707  5.32082  8.76348  140.52
0.0908548  -11.5278  -6.05924  15.2505
-13.4385  -18.8165  -4.56938  75.5443
-24.2969  9.60138  -5.81997  42.6997
9.76897  -15.5615  8.09275  8.84254
22.9711  -12.7378  -0.901807  24.5307
13.5753  -1.67824  -7.26145  45.7329
-22.2965  -2.26979  -4.74021  103.865
7.68205  -5.43261  0.888282  145.425
23.6732  4.35282  -8.91446  123.059
27.5684  3.11184  -5.93039  63.7183
-19.6296  -7.54275  -8.24179  3.9658
-0.311971  9.62313  0.653484  66.3943
-6.33933  18.4942  -4.55958  140.85
-12.8891  4.71877  -7.49582  11.5803
-20.0024  16.8188  -4.8478  147.412
7.54496  1.43244  0.248533  130.567
-26.7679  9.61367  -2.38513  76.737
-0.700624  -21.3196  5.3611  8.03559
5.51802  19.1294  3.8192  69.5405
14.4002  -6.78438  5.83284  109.12
1.25976  18.8911  -1.96578  61.0523
-6.30288  -3.30676  -1.74131  106.59
-2.28063  1.72916  6.66983  96.5425
1.93324  27.8875  -9.49926  105.245
-15.2391  3.45296  -2.03547  84.4717
-8.7625  15.2484  -0.477807  47.259
0.182731  0.604728  0.738005  132.265
3.51413  18.3141  -5.64998  1.45464
-3.22269  -12.4616  1.60719  89.3125
-9.79404  12.2284  3.80508  48.6809
-20.9619  12.9596  8.92892  43.5413
-8.59822  0.998814  -3.40272  73.124
-11.9355  7.66635  2.10009  26.0452
-3.80579  1.4464  1.82785  63.9354
-8.13995  11.2922  6.5814  46.9626
-5.32494  10.2823  8.00627  130.679
-15.3202  7.88344  -6.05261  135.342
0.061681  -12.3218  -7.7724  14.5111
-8.61468  -14.1598  -2.6165  50.6754
-21.847  10.1804  -5.32622  44.8471
-5.10642  7.76651  0.750125  128.421
15.7923  -24.394  -2.77847  39.2936
-20.4159  -12.0772  8.01087  44.3643
26.8789  -6.09599  8.1563  118.225
-4.25002  0.452354  -7.66916  134.524
-9.66029  -7.60468  8.87064  45.1338
-16.7375  -9.65682  5.09084  4.89522
19.4134  -5.35158  -7.2566  59.7124
-7.58808  10.1345  -9.76191  76.2132
-16.095  -9.40299  2.12856  21.0562
9.1962  -4.77601  -7.87142  112.356
-3.49637  2.7811  -6.20007  37.6015
7.62261  -3.0985  4.41929  93.0164
-2.85527  -1.73221  6.70321  87.0102
5.80013  -11.3189  3.1942  30.2178
-11.4828  -17.2125  6.60673  39.3663
22.9949  13.392  9.23872  112.82
12.2817  -2.0098  -3.6379  29.6862
-20.4598  -13.2096  -4.26617  74.3971
24.713  1.63294  -7.18631  67.6778
17.9062  3.08887  5.10433  96.5135
-9.25481  20.2403  3.17947  122.957
-5.1683  -1.74599  -0.962302  10.8306
-5.53407  18.0726  -9.04784  119.464
-2.3114  -12.0844  7.30468  143.052
14.4071  -14.8854  -0.952843  6.23699
-11.498  2.04941  5.82098  59.3208
8.91194  -9.31691  -7.40361  91.3552
-9.41288  15.1184  -0.768428  142.611
6.51353  1.37684  8.42899  66.7504
-23.8485  -7.03544  1.12904  107.978
-2.36629  0.941706  0.563228  73.706
-0.296243  -0.0460168  9.40349  70.9802
-6.92188  10.483  7.89769  4.98385
-22.1223  8.14547  0.388051  72.2792
-5.37665  13.5583  8.5311  112.664
7.57745  -25.8796  -4.52964  117.07
10.3315  3.38159  -0.29238  10.3595
-23.0371  4.74639  -7.15837  88.1414
24.1798  6.31094  -9.13444  80.1165
-17.2571  -12.9267  -8.0256  135.861
-23.6085  -8.82869  0.967453  60.3775
-24.8447  -1.70263  -0.26142  134.322
-2.49189  1.12137  -9.82952  144.584
11.4347  0.884211  8.80145  138.62
-11.8977  3.51599  6.51258  34.1358
-5.79483  -25.7902  -8.70178  114.386
-8.64782  -17.5343  0.737798  29.8419
-18.7563  -21.2616  4.1594  139.971
-1.15632  16.7356  4.15521  52.0909
10.1587  -23.3904  -8.55266  137.479
-4.82634  -0.791508  -4.06934  96.3761
-21.0813  16.1815  -1.82269  97.9022
-5.68682  9.27907  -5.38671  51.2605
7.52047  -22.3258  4.30425  101.55
7.18442  1.44596  -6.42302  129.694
6.68401  3.30764  -7.11797  148.44
10.6101  -2.01701  -3.72  62.0129
-5.59553  -5.89275  -2.97584  133.297
-25.9825  12.0213  7.33337  33.4234
3.83365  23.7425  -8.13339  45.0611
4.14662  -1.7835  -4.52814  21.8228
17.45  0.205432  -3.50039  28.1445
-15.6135  -2.5841  5.05038  23.5407
-2.44861  -1.08656  2.34228  74.2096
-20.5232  20.367  -3.54739  116.488
-1.11871  4.88184  5.04801  59.4912
-11.783  -18.7183  3.46443  41.053
13.2818  -5.95291  -4.17344  121.072
8.89553  -5.19891  0.124797  86.5938
15.6015  19.5206  -3.92647  148.995
-26.9164  9.19501  -2.21767  77.5446
-7.56669  18.1101  -2.73468  79.114
0.504532  29.5146  -4.24592  68.4088
-5.15827  -21.8076  4.15717  87.812
-8.85951  1.5337  -4.67896  85.488
19.3403  -16.0757  0.153666  145.897
22.9377  -1.17957  3.57042  81.3541
14.5112  -4.88606  -4.56219  121.683
-19.5759  -11.8694  -5.58428  79.6171
-3.49776  -0.0802414  4.88638  134.202
-9.99178  10.0028  -3.10716  15.9198
5.48554  -28.5455  9.76921  25.7807
-5.90439  27.7596  8.09887  142.009
18.4246  18.8369  -4.75428  137.7
3.35355  -2.62704  7.05382  144.04
11.2426  20.4769  3.17985  95.3363
-3.33192  9.31807  -8.94555  134.813
14.0467  13.8326  3.17352  39.883
9.05346  -17.872  -8.4534  124.036
18.372  7.77625  -9.23199  37.2104
-1.51922  -2.91109  -2.77596  50.5648
-2.03866  -24.3748  2.76465  54.501
-24.7834  -14.7799  1.36405  47.992
17.9721  -8.14894  -9.58296  11.7308
11.3382  4.37876  3.0345  115.725
7.62214  2.70025  2.18485  94.7129
27.1883  -2.44055  -4.49428  48.8375
14.3228  -15.7964  6.63336  112.353
7.49913  -10.5169  -8.93597  52.4644
2.67159  0.0671917  -3.17799  88.8326
-12.5383  8.71202  4.3558  33.2002
-0.0537782  2.94288  2.35065  104.457
-0.000317429  -7.52314  4.28762  91.7712
-8.77076  -21.8039  -8.27416  111.658
-1.00968  -0.349449  -3.48015  118.657
-23.1396  13.5776  1.6018  8.6026
-1.17622  -7.47406  9.75528  30.9125
6.61695  -28.0409  -1.98407  96.7382
-8.3437  -6.11161  -9.61952  81.2012
-26.2599  -13.6851  -4.63265  138.174
10.6276  -27.5686  -9.74696  46.0587
11.1062  16.6458  1.61739  31.0372
-0.705368  -4.76025  8.90954  32.7793
6.43744  2.65906  -9.56422  145.961
16.7102  -21.967  -4.5357  83.0112
5.34606  17.7269  7.03026  15.2197
-13.8311  0.139814  8.15933  63.5922
-1.14531  1.17342  -8.53701  30.6394
-0.953466  -2.94609  2.35919  85.8249
-0.259634  -0.615674  0.904409  132.944
-8.59014  -1.00573  -7.45998  15.6269
11.8921  10.94  -9.75864  18.3963
1.10226  1.3909  4.65298  148.45
-3.73088  9.44372  5.46387  8.59884
10.7238  22.8623  -3.14616  105.607
-15.0909  7.74669  -4.93657  112.257
-12.4784  -2.48096  -0.461485  3.20745
-2.17551  -22.3946  9.22954  1.39703
18.8603  20.1834  1.66436  27.2211
-2.46573  -0.279567  4.51318  69.3553
1.80827  -3.26602  -2.45235  99.9362
0.683167  1.6702  9.38983  49.1392
-4.88761  7.31493  -2.31368  57.2473
-0.942598  1.91313  -7.50655  52.4511
-17.7275  -19.6851  9.05514  61.8761
3.56794  2.81289  7.36599  97.1854
15.5696  -10.0133  1.42821  60.9039
4.94808  -0.150239  9.19845  95.9544
-11.962  27.1985  -5.98459  58.9856
-9.24869  -19.1452  -4.14841  92.7117
-3.01509  -1.61058  0.436138  52.1334
10.3021  -2.69282  -8.60462  73.5491
-17.2037  7.11038  -4.8835  115.794
-6.11162  -3.54212  -5.45203  116.388
-8.38424  5.89711  6.48884  52.8249
-0.878348  -12.3162  6.06016  81.3414
-4.25587  2.33087  8.43013  16.9898
22.8962  -14.6931  -5.91513  69.2695
13.8304  -3.88375  0.485055  144.032
-0.5226  0.518968  -3.67532  36.2476
-16.5925  -11.1155  9.30631  147.107
-16.189  14.5338  7.75692  126.884
-12.3735  -1.31179  -2.76402  22.61
-10.1372  -11.7531  -4.01709  68.3406
1.60775  10.1024  8.86438  59.0176
0.795443  -3.3009  1.71137  148.424
-8.45917  4.2404  -7.19275  145.389
-0.0190418  0.0780296  -2.44905  19.9907
3.82336  5.52771  -8.18223  64.3853
1.43589  5.83384  -7.48392  131.759
-3.95531  -28.2089  -5.48759  43.3771
0.579003  2.15327  4.10319  10.2945
17.605  2.45972  8.07258  131.569
-6.88612  -27.2301  -8.51768  32.9942
27.4719  6.27176  -5.60223  137.715
9.30773  -8.90824  -7.23193  87.297
-0.710001  -3.62987  -3.21758  13.6166
-9.35094  -27.6063  -3.98447  76.4517
-5.08342  -24.3201  3.51721  136.387
18.2315  23.5245  -0.241119  78.484
5.40145  -1.3371  5.23441  36.5104
7.43336  -1.97347  -3.64322  49.0186
-21.8698  -10.2972  6.10555  72.2645
6.00571  2.75132  5.96845  36.1838
0.941191  -10.9333  -1.31885  21.061
-3.55993  -3.46935  1.53441  130.176
-5.48201  -14.7958  -8.26521  108.087
23.6649  10.2129  -2.7585  108.153
1.23944  -11.5485  -1.69351  42.1554
-26.8884  -3.79823  -0.218073  94.3933
-6.87694  -10.3233  -1.31527  9.1731
-21.2553  4.36668  -5.8382  149.381
16.3695  -23.9993  -0.109395  123.725
-2.71723  -0.825687  -1.85347  49.1568
13.2801  1.07706  4.26816  40.6494
-10.3113  -6.31369  -1.80243  5.97467
-0.276688  0.185197  -2.91561  29.4242
-29.5071  1.30109  -6.00078  46.5121
14.4514  -14.0252  -3.89902  90.0557
-17.756  0.142741  0.919803  46.9874
4.41887  9.57449  1.85943  130.372
-1.19561  9.04  1.59009  8.03468
-25.0399  -6.40855  2.8646  23.2907
6.99346  28.7097  3.26407  107.286
4.4208  -11.1302  6.70567  4.22734
-9.31175  -10.1219  2.03278  102.052
16.4462  -21.683  -8.27328  123.483
2.18641  -2.86495  5.90376  139.114
13.8674  0.119384  4.2253  16.1255
20.6714  -7.0553  -9.04827  11.3864
-4.54419  0.467534  2.20766  96.2207
-11.411  -21.5645  -0.864025  33.5714
-7.44557  -20.8396  0.328669  63.6553
-3.63634  12.1484  8.723  117.851
-2.38743  -4.175  -9.96763  143.32
-25.6831  8.54298  -8.41686  3.34366
-3.47959  17.081  -2.62498  62.3286
-2.195  -3.49681  1.45984  5.69655
4.4821  15.9165  8.70902  49.4808
-8.20711  -0.016814  -2.24763  147.507
1.9173  4.71052  -1.89911  97.7338
-11.8445  -6.16478  -7.24937  51.6929
-9.48556  9.73292  -2.27226  94.5603
-16.0185  15.6506  2.27863  45.6017
6.71076  -8.99327  -5.48352  40.9514
11.2938  -11.4304  -3.79868  13.8219
-1.62265  -14.2472  3.06922  103.703
-11.6988  7.36023  6.65082  5.3828
-1.24252  1.8486  -2.71572  118.913
1.07582  17.32  -4.94647  95.7011
-5.78473  -10.1066  -5.969  122.543
9.11535  3.17301  6.46422  99.1367
-6.13769  0.706606  9.27247  55.9016
-5.32688  9.15815  8.97077  71.9699
-5.6539  4.91006  8.28636  123.955
13.2178  -14.2655  3.77791  41.881
-0.265538  -4.0485  -4.46591  91.6011
2.1341  -0.636252  -0.62957  116.014
14.2478  13.8291  9.83983  81.8413
0.150666  -0.731512  -9.06149  61.4228
-0.629606  0.493715  4.12308  132.186
1.27777  -6.02978  6.73034  25.005
14.4555  23.7814  9.57698  37.3235
0.201913  -1.6514  -3.84279  44.0545
7.40782  9.87609  -4.16854  61.9391
6.13756  12.7208  -2.14718  121.896
-16.5855  -21.9502  0.0521785  99.5598
-0.68177  1.04123  -4.97384  57.2628
-3.02585  -8.03406  -6.28554  124.922
4.15087  17.5032  3.30346  76.9762
1.55518  0.5658  1.83341  48.2543
-22.5429  -12.6317  -0.195747  114.843
8.03871  -15.014  -2.55075  87.6115
6.81292  16.4747  8.76847  107.486
20.0775  12.8823  2.1319  18.904
13.3513  -8.02896  -5.60349  100.798
-9.34751  1.85882  5.11839  7.23476
-5.2281  8.53442  5.94447  64.6425
-1.5183  -3.91822  -6.2226  125.852
-24.9961  -15.217  8.14126  147.672
2.47327  20.8219  2.58405  21.8519
0.653959  -2.71266  4.27678  101.989
1.33581  1.48661  -2.76325  10.0658
-0.555641  -5.85455  7.38669  148.464
7.53527  -11.5101  -5.43164  115.619
-11.4433  -2.91656  -6.67836  84.448
10.2724  26.2373  -4.12061  37.9398
16.9572  -6.28726  -2.09727  6.53033
17.4013  -17.1207  2.91666  119.872
-12.3577  -3.57545  -5.91157  61.237
1.19257  -10.1279  7.82442  75.2909
-3.26486  20.9855  1.8927  41.6956
20.2007  -15.5899  -2.9856  137.834
-12.5388  -25.365  7.21964  15.8747
6.66243  25.733  1.39856  40.5871
-0.125835  4.1573  -4.86377  112.461
0.128623  -0.13347  -5.63314  75.2617
-13.794  -18.4428  -4.47132  16.2328
1.13896  -1.41088  -2.37555  84.9132
-4.83826  0.967668  7.94257  65.855
-8.65581  7.33136  1.0301  53.4185
11.2439  -10.0049  -9.08715  81.3686
-7.50496  -8.96322  -3.44151  142.619
7.43949  9.12657  9.39117  97.0961
18.6341  -7.08312  1.68754  62.963
27.1167  -9.08024  2.10581  74.5445
-5.52603  7.69294  6.21187  9.17238
-6.67676  -9.88548  9.99161  122.479
-4.01636  16.4305  -2.82805  33.3694
11.0786  -15.4962  4.67987  28.1076
-5.46451  3.14632  6.9088  127.252
15.6945  -7.39285  1.5513  118.252
20.8892  -5.23214  -2.70323  89.6952
2.22496  20.97  1.14313  139.164
5.80013  -9.25206  -8.85909  80.2689
-4.1798  17.1906  3.78021  37.9396
-13.274  -1.03987  2.83228  104.512
12.1806  -3.32723  -6.67552  95.2393
-13.0807  15.9009  2.33278  71.5249
23.726  13.3743  0.00523762  76.1492
15.7922  -22.8539  -9.12417  43.2383
-7.37392  7.26027  6.36505  118.293
2.856  23.676  5.69477  39.3639
-4.11902  21.9786  -4.72902  64.0905
9.57356  -11.3254  0.943555  132.531
0.220606  18.4853  -8.16241  67.3823
3.95548  -6.61597  2.94687  31.5468
-7.69776  28.9703  0.962622  108.528
2.41683  16.6466  7.76443  13.2287
-3.03507  -24.0493  3.53488  107.883
-0.264289  24.5854  9.78021  28.5871
20.7766  -4.05025  -6.26782  78.8057
15.461  -7.39744  3.5834  113.053
6.62247  23.9821  -6.52051  22.1396
-14.2745  0.467969  -7.70264  100.317
-14.1266  13.4662  1.71146  133.347
-13.1728  -8.09594  5.06407  90.1107
4.39207  -3.71292  -3.67632  124.675
-8.69592  -6.71109  -4.65677  72.0855
1.60204  2.57396  7.46079  11.1414
3.76133  -16.4308  4.5957  32.1167
1.38322  2.75606  9.5809  49.1328
12.647  11.7058  -7.20482  121.957
20.4732  14.7943  0.475879  21.2831
-22.5107  -15.6079  -5.38646  38.6095
1.35577  -1.88142  5.547  2.45345
-12.9655  1.02703  5.90489  37.223
-24.3473  -0.508787  8.93875  39.0394
-0.699919  0.0552052  -2.21497  57.7362
-3.40845  1.69752  2.25632  21.1127
16.9608  -0.802275  -8.76023  34.6397
2.05243  -2.30476  -6.7284  117.531
18.776  6.07463  -8.36975  44.0483
-20.7918  -11.4257  -2.262  94.7473
9.277  12.6089  2.4139  135.228
-2.77314  -3.02957  -3.6078  143.636
12.2621  -9.21424  9.05763  21.6725
17.3198  -18.3688  9.99217  82.0551
27.8652  -4.08233  -0.431863  87.799
17.0315  8.38921  6.7697  123.758
-0.967142  2.67101  6.81443  107.522
2.86038  0.99322  -1.26739  61.2503
25.9565  9.52466  -5.41473  137.386
29.5224  1.93217  0.773994  18.7948
16.7964  0.832194  2.07388  117.89
8.2974  -10.1975  -8.28275  125.294
-0.200386  -3.0599  -2.37472  120.375
-3.5721  23.0494  6.6676  122.188
0.0153071  0.213623  8.09241  27.8669
9.69802  -0.0846039  4.52454  6.87041
4.51957  3.93741  -1.75791  126.265
4.31632  29.0226  -8.88435  34.4588
5.65425  -10.5574  7.54341  73.028
-16.8496  -14.852  7.48225  90.1889
-12.9709  26.7818  -9.21248  41.3693
10.428  -16.3423  -6.57056  143.527
-11.3688  -13.4562  -4.071  52.0243
9.87271  -11.7186  -4.89532  26.947
1.2818  10.9459  -5.1001  27.5107
-2.52248  -10.9686  -3.00424  143.817
12.489  2.26815  -3.76444  123.065
-20.6787  -3.26105  -6.73039  149.564
-14.7332  7.59675  5.6802  53.8658
23.8275  -5.10433  1.49641  12.362
-21.746  -7.40305  3.26802  31.2889
4.30316  -9.12818  7.33178  91.886
-11.9413  26.2162  -0.0689118  7.32085
-6.75185  5.92214  -5.45249  61.1062
4.89301  -6.15272  5.09412  39.1635
5.50898  -26.7436  -6.2752  61.1847
-6.90512  1.58594  2.0166  71.9171
4.69829  -0.422269  -5.81947  111.759
-9.92148  5.85344  7.6637  63.0645
6.86828  10.5787  -9.91182  53.2096
-14.8585  -10.1287  -9.88086  87.4994
-18.7457  -5.42693  -8.02115  88.1008
-22.2199  15.6831  -5.46305  141.006
0.961563  -20.6704  9.74423  114.891
-4.06996  -2.59336  -2.25512  56.7938
0.230615  -0.304357  -5.55573  80.0696
1.74489  -3.37665  9.04488  36.609
3.04639  -5.7953  9.05634  134.81
8.21701  -13.5184  0.260411  123.288
-8.8866  -15.7598  2.00468  41.5309
24.5723  7.00917  3.08712  70.2179
11.3762  -6.71664  -2.12504  113.108
-5.10967  1.5394  8.22508  67.0596
-22.6971  8.87077  -8.36906  41.3682
-22.9298  -15.2906  1.80756  17.3501
-2.54028  -4.34587  9.40907  56.5407
3.0981  -2.97925  -8.30639  144.154
4.33485  13.5437  1.8909  109.73
14.3591  -7.64282  -7.07592  109.244
2.3696  4.24564  5.37551  101.406
-19.2347  -13.9072  8.06846  94.25
11.5681  -9.27892  -4.0503  119.082
10.8444  14.8689  -5.43951  57.6834
-17.8167  2.07804  2.53828  88.1609
-17.3189  10.6063  3.23496  10.7581
-3.85037  1.85283  -3.01348  18.8397
-16.745  4.31939  6.75924  142.326
8.27698  27.1173  -1.4431  58.0028
16.3677  -11.3483  -3.44351  10.1145
-1.26281  -26.7844  -3.86802  85.1314
-6.18808  -5.29904  4.85216  118.23
27.5598  0.272358  -2.34568  116.094
0.626578  -25.5689  -3.03049  130.01
-0.151019  -1.75711  0.670162  21.8346
-3.71645  2.2168  2.63232  40.9409
-11.2883  -2.74057  2.66748  124.104
-9.66734  2.05724  4.21701  79.4199
2.80101  -9.40331  -8.83553  77.871
-1.192  -4.03611  -0.413256  99.836
-16.8303  -19.3488  -9.33041  133.432
13.096  -16.4449  7.69691  82.8947
3.64445  4.98208  2.56348  83.9576
-0.89995  -0.35167  -1.20928  24.3393
16.9466  -4.54765  -0.895495  121.317
16.2627  -13.4367  -0.829812  102.21
13.1197  -7.72713  -5.63302  15.743
-10.2358  14.9177  4.59021  111.117
28.1612  -1.66279  -8.76241  76.6511
-17.2086  1.43334  -4.44749  87.6361
5.01936  0.2339  -2.33521  32.9653
6.99219  -1.02247  5.75585  130.475
-12.6472  20.0371  0.130236  64.4819
0.341878  -1.79627  -2.73279  58.6771
13.198  -21.2798  7.3222  104.85
19.9358  16.7788  8.91678  85.6456
2.33057  4.56261  -5.84956  9.08789
27.6053  -3.27261  6.42221  147.779
16.7139  -13.9773  -8.26829  49.7521
22.7159  2.85174  6.99685  147.878
28.065  -9.24853  2.53959  28.661
0.753952  -9.47925  9.82957  95.407
28.9989  -2.18368  -7.72302  46.6282
0.0871446  -0.398212  0.989949  52.3498
10.8698  14.4605  3.50465  135.327
-11.9556  -7.05813  4.24237  148.363
-3.97185  -1.08457  2.79275  103.055
-5.81976  17.4636  -6.67685  121.655
12.7441  -8.61693  9.87105  27.7616
9.26278  18.5553  -3.04282  6.25689
10.8933  -8.01554  -5.37629  79.9409
5.26484  1.51093  -5.44902  127.959
-16.7295  -17.5672  -2.87244  2.34461
0.35749  -0.712559  -6.87641  117.099
-12.634  -2.89437  5.09322  126.479
-3.39481  -2.26704  -0.825834  146.009
-5.19926  -13.6779  7.77207  137.251
6.09849  -1.60468  -7.09143  100.933
-23.3174  14.704  1.93314  116.232
3.8071  -7.45313  -7.35809  116.284
-12.5612  0.225818  -5.2868  43.9527
14.9862  -17.5736  -4.54018  105.259
-11.4526  -20.0948  -9.91804  30.0349
-0.122026  2.04379  -8.57444  29.79
-1.18556  0.482393  -0.975338  37.7333
24.3086  13.6378  -7.03341  91.0534
5.85141  6.21007  -7.25138  109.355
8.84486  6.15865  -2.52117  73.8423
15.4385  5.87278  5.94899  59.3564
0.683674  2.67752  -5.21805  76.9631
0.0163856  -0.0343691  9.2208  48.292
3.22303  -13.6316  3.148  85.7468
13.7522  5.50784  -6.49355  104.262
4.75952  7.8949  -1.51173  91.0223
20.3229  -19.429  6.96485  28.3643
0.907655  -4.73113  3.07516  102.258
11.524  16.676  4.62124  127.949
-7.29353  -3.01556  9.08782  31.5564
5.36424  -1.45198  -4.55014  127.517
5.61812  14.3365  5.94566  10.7587
-5.39363  5.86115  4.00703  111.641
-9.91287  -21.7948  8.49766  72.9604
17.3589  -16.4333  0.102495  59.3681
13.1862  18.4558  5.85367  121.071
-0.777366  -14.3922  1.26971  83.8238
18.2194  -10.9057  -8.27207  69.4582
-6.82625  27.284  -5.93288  117.933
-20.8922  10.8809  -4.93162  38.4358
10.9633  -24.2772  1.3389  40.1892
-10.7011  7.99046  2.21537  134.208
-10.2751  18.1891  6.15334  38.0633
-7.13246  0.861875  -3.76028  87.9664
-6.32267  12.8057  -9.58149  34.3857
-16.3371  6.10035  2.64907  144.103
-15.3295  24.1738  9.5819  148.862
-1.17529  -0.539045  1.43235  48.064
2.49634  -17.0508  -8.42308  0.891183
-1.64549  2.39694  -2.67083  111.552
0.717588  -7.24418  7.90908  129.228
-0.0231288  -17.7382  -8.64288  10.6123
-16.0495  2.72023  8.74245  46.3979
14.5371  -4.08509  -7.10431  120.484
-1.73124  -3.48768  -7.2226  49.5894
-21.4228  15.0954  4.00109  97.9465
21.1728  -11.0385  -5.47049  13.1934
17.162  -15.3116  -6.40541  2.80771
18.4227  20.4545  -0.200231  14.8062
11.5637  8.26481  -4.5478  125.142
-4.256  -5.71395  -2.26471  129.295
4.78033  -0.619926  -0.258598  92.2952
-3.64869  2.04354  -8.23174  130.295
20.239  -1.61741  -5.33045  16.7483
15.9858  -21.7467  5.68978  13.743
19.2616  -6.16133  0.515174  74.7688
22.9175  4.34213  6.25673  15.724
5.08199  18.5344  -9.44995  16.9547
-16.8666  -0.0825088  -1.4719  59.6395
10.2494  -25.4572  -1.32937  40.2407
-7.39608  5.76314  -7.73493  48.7851
3.90199  13.5192  5.86071  3.99782
-0.669657  -5.0048  -6.06619  86.7765
2.41873  -18.0456  1.38674  117.7
-6.78919  -18.7874  8.47743  136.281
26.3618  8.99323  5.10141  50.3349
26.4628  11.7563  -2.53697  36.6853
15.0395  8.59677  1.65331  132.815
0.849082  -1.094  -4.44178  135.632
-14.584  -19.0843  8.48542  122.42
-11.2247  -20.6205  4.12818  38.0294
7.23312  -10.9311  3.90042  4.16491
-10.7099  -4.21399  -5.79131  89.8051
-12.4826  2.59815  3.00705  118.493
-16.2177  11.327  8.86008  12.6627
-3.85399  -1.25457  8.75295  55.1358
24.3468  10.9555  7.90966  84.0489
22.3903  -4.68603  4.73267  106.792
-23.0719  16.07  -2.42174  120.518
25.2906  10.7654  9.78441  2.38627
21.2149  8.18934  -1.22262  123.301
-8.15255  -7.82513  -0.589173  72.4279
-21.1758  -14.4353  6.12101  61.5653
12.3964  -0.789883  -7.91889  109.866
15.8321  -17.8267  2.09149  108.543
1.81248  -17.0459  -3.65113  106.511
-10.6036  -23.663  -6.10672  48.8074
-5.86011  5.20743  2.62425  95.1194
0.095151  0.505946  -8.9136  119.53
20.0462  -7.46361  3.03116  46.5663
-6.89229  2.22729  -6.10298  41.4695
4.07436  13.9678  -2.54095  78.253
-11.5193  22.4041  0.736458  69.9701
9.08551  14.9654  4.63102  64.5226
5.59412  21.5554  -4.63622  95.9648
-8.53314  12.7681  4.03709  23.6883
3.02428  8.84818  -4.34321  43.8221
13.5308  16.921  7.55486  144.934
-0.209798  -0.880472  -7.49638  64.1836
0.0195005  0.132644  9.86991  121.501
0.679744  1.26179  1.96597  29.1484
-16.3297  -17.2493  -6.69966  131.266
-2.26143  -12.1094  -0.658408  41.2337
-2.28993  6.23634  3.78492  82.8229
-13.5166  13.1419  -8.96474  80.9862
6.94794  -10.249  6.74587  108.607
0.0146279  0.201989  1.09814  8.85607
13.7817  -15.1973  3.88246  97.3916
-6.60262  18.7101  0.437159  130.635
4.32747  26.8642  -0.261109  74.686
-14.0196  1.98939  -4.61812  122.659
15.2601  14.5271  9.19763  124.311
20.5311  5.97483  5.99951  70.3934
10.7118  -7.79624  9.42574  55.4663
-0.570831  14.5921  -1.65751  107.542
5.50582  -19.1358  9.70005  62.4734
14.1937  -2.89901  -8.49879  11.1354
0.324053  0.491783  -6.23634  16.3384
-21.9229  4.10228  2.05157  57.3241
-12.1144  20.9425  3.43619  55.2003
-0.36352  -28.7377  7.9823  11.7013
-0.590489  -5.27556  1.36112  27.256
-12.258  -14.9192  8.35573  92.1463
-8.70041  20.8103  9.33627  11.0681
-16.936  -4.37852  2.59102  149.809
-10.8132  -13.1664  -3.82152  59.0177
-2.55083  2.36871  3.32773  64.1372
1.93363  -1.20414  -9.33804  53.8835
-15.7569  -1.68494  2.99814  51.2574
12.4537  8.15154  1.34791  109.17
15.8899  0.0600551  5.71792  61.6311
7.69072  -0.739861  -4.35897  55.4532
-1.28672  -25.4856  -5.74296  12.9413
2.11449  27.6156  1.78591  114.229
-12.7192  -16.747  -3.59575  115.635
0.372193  -1.22581  -0.911932  116.817
7.7102  -1.3607  3.09506  84.4485
-2.5722  8.50151  8.41029  101.149
-3.20501  3.49276  -3.8809  129.384
7.4586  13.8165  -0.50098  120.743
2.10451  14.6433  -6.5542  94.1015
-5.90145  7.65129  3.35749  33.2277
14.3919  -14.2661  1.4945  106.647
-10.3377  10.8129  -9.82618  110.964
4.14905  0.97848  5.96702  91.6758
-12.3244  0.802086  -3.96317  77.7625
-4.52046  7.21927  8.95386  19.7057
-6.41901  1.10446  -2.50531  82.2993
21.1912  1.09657  3.66668  69.933
1.08126  4.16521  4.25212  122.711
-8.31328  12.3676  9.86237  39.7798
7.36495  19.3177  3.8836  102.688
-10.6043  -2.24238  -8.14904  23.7111
-16.0771  -13.6448  -2.24499  60.4696
-0.153302  -0.369822  -5.2557  46.4879
0.0579663  -0.0326907  -6.31429  86.4095
9.23609  0.947096  0.617882  91.2378
-19.0781  -1.69425  -2.06115  146.102
-3.12273  2.14392  -1.16662  42.6583
15.6102  9.6606  -4.03348  100.354
-1.96917  3.76408  -4.80453  90.4446
-8.16015  -11.7487  6.09898  103.219
-0.259368  -2.22564  -6.26896  130.292
-8.80718  -5.98698  4.84964  4.97062
-1.25641  4.73597  7.64373  48.3852
1.58419  5.02031  2.62169  93.218
-6.29448  16.8296  1.93239  116.062
23.0455  -15.4118  -6.37648  129.787
18.1042  -9.97711  -7.17319  14.4554
-2.96841  3.9036  -5.84532  147.24
13.5583  7.50239  -7.69589  137.256
0.190593  1.16309  8.666  20.5644
9.69208  -20.423  -6.92905  30.4139
19.0837  -17.3644  8.48053  105.906
3.86018  20.101  8.56365  12.1635
7.10183  -8.72688  -9.28648  77.9635
-21.6428  3.54446  6.45076  100.931
4.17353  -6.50559  5.37008  106.5
11.9215  -18.7  -8.8476  130.496
2.52027  -0.683914  -1.2313  7.0231
6.31814  -3.16537  1.02241  52.4357
-0.0374613  0.931679  3.73345  8.08638
12.883  7.76894  0.79374  109.396
-5.11861  -2.60327  2.81068  120.421
3.08945  5.24079  5.31756  57.7346
-3.4253  -29.1479  3.19748  17.6821
3.17502  -2.42758  -6.90741  5.46266
-1.69536  0.830043  9.45143  107.439
-9.34781  20.2012  -1.26732  133.613
-18.3169  3.35584  -6.20748  141.391
-23.7205  9.70356  -5.18278  100.102
-12.6367  -4.24539  5.95967  64.3346
-20.4003  -5.05839  -5.25996  134.343
25.7482  -5.66908  7.38824  119.606
-5.32928  -0.665414  -0.50469  99.5575
6.10427  -26.8062  6.03127  29.0209
-19.3483  -0.217272  -3.30957  111.07
-18.532  9.45538  -4.77387  17.8842
-6.82859  13.5978  1.57965  34.5496
0.764789  -3.61859  -9.11381  57.0191
6.26042  8.40087  7.89374  147.017
15.4084  17.1286  8.38995  71.3796
-4.20479  19.5455  2.05853  98.6987
12.4989  21.9711  4.47341  105.263
20.0643  16.3188  -6.8914  97.1155
5.95967  18.6831  -6.94237  1.11046
0.718657  1.33557  -5.19815  112.639
9.97469  -8.29325  -3.29484  131.303
5.69754  21.0705  1.9407  3.81009
2.27807  22.9896  5.29905  109.61
18.7583  10.1238  -8.61506  101.967
-4.73486  -7.10093  5.85252  97.5622
4.41027  0.63476  -8.72614  52.0635
-1.04226  18.7685  -3.87872  28.9617
-17.3618  -20.4806  -4.70601  137.109
18.8351  9.87781  4.829  74.256
-3.82954  13.3434  -4.99286  88.5142
-0.841455  -4.96353  -3.7982  131.815
13.7758  -4.34708  -4.59764  83.4381
-14.7313  4.7796  7.57406  126.699
-5.34445  -18.6054  -2.74716  120.824
-6.63686  -9.23541  -9.2369  7.07747
-12.4921  17.4536  7.96768  144.906
-0.417206  -10.1912  -5.18622  61.1524
-0.115141  1.10937  7.90855  144.241
-12.1335  21.6447  2.48941  143.201
-0.690728  0.0710536  9.12315  14.8364
-4.27195  -0.786847  4.00129  46.4955
17.1178  14.3821  6.23339  58.6812
-19.8818  15.9665  -1.88467  59.7156
1.50989  -2.28564  2.34848  117.476
-3.78075  0.0283851  9.29093  129.801
-7.04859  -3.11415  -6.24624  68.6503
-15.1307  0.826012  -9.13703  8.26439
-6.12688  -1.6815  2.57059  9.23014
-5.02819  -9.62476  -5.76838  93.4521
9.91322  -15.1453  8.45472  4.38658
7.73414  26.0937  4.48993  143.226
6.59117  3.70187  8.66122  48.6558
3.48658  -20.8357  4.91765  57.5029
15.9894  -13.6348  9.6731  44.7924
-0.755618  5.54901  8.24699  133.137
-21.092  11.6414  -4.09275  124.096
5.80227  25.2912  -5.76153  6.77864
4.76562  -9.24885  -9.76869  50.3188
6.45676  7.96985  -1.87221  130.441
-21.4295  2.1369  9.7046  60.5372
20.4208  17.8133  0.438981  78.8649
6.47633  -6.69192  7.90382  119.2
-23.5117  -0.46035  5.70972  77.884
-8.57596  -16.7661  9.8825  81.2637
-1.04788  0.812536  4.44234  82.459
0.619602  -7.26765  -7.99902  1.48706
6.16965  8.26422  8.60666  73.4691
-3.08052  -5.98934  3.75132  131.709
-7.52244  -1.39813  -8.50994  137.53
2.88735  0.213743  -1.67057  87.6448
-0.522375  1.8573  -2.2578  89.8904
-7.19414  6.86232  -4.32692  121.46
-3.37936  -8.73889  -8.00212  88.8054
19.7355  -10.9178  -6.37134  102.131
-8.34803  21.9055  7.65244  133.521
16.6153  -9.3665  -4.39535  39.5545
0.587355  9.94858  4.67676  118.092
-5.39763  20.3026  1.30779  106.487
-9.0494  13.8277  2.87671  64.2052
16.4208  -7.65472  1.02316  130.437
6.14506  -7.18498  9.68076  80.9049
-15.3419  3.29352  7.3727  134.547
-15.603  -3.71308  -8.08536  31.5471
-10.8973  -13.8523  1.71138  76.3976
-0.851609  3.63047  -9.24149  58.5046
-4.0985  8.56445  8.23592  66.1913
-9.12679  5.47066  0.629582  45.1446
6.6442  17.2339  -0.703338  1.97811
6.09919  -3.15065  -9.76854  110.402
-0.319105  -0.275921  -9.02814  119.579
-19.881  -17.9014  9.45836  18.5721
-9.33357  5.31965  -9.12371  34.6897
-5.10481  7.26028  8.41697  106.712
-0.369726  -5.48465  -2.21183  114.416
14.0029  -0.594702  -1.86815  56.132
-6.34892  8.98497  -5.36262  56.9378
-10.2319  -6.37244  6.36025  96.7167
12.0495  7.20299  7.23644  91.4444
13.9446  -13.0124  -7.70843  20.725
-15.5454  23.4111  4.64226  128.109
-10.4339  24.8615  6.12956  24.509
-14.4126  -7.16913  -1.87273  101.578
-28.2016  -2.3237  7.56539  47.16
-12.1994  -22.8172  -0.111097  120.364
6.6606  3.46615  -7.65942  111.569
4.40241  15.7349  -7.67183  11.2001
-26.617  3.8902  -2.81232  66.5522
13.2756  2.62665  -9.20508  49.9419
14.8917  -23.6865  -9.92322  47.7519
17.1286  -2.9933  -0.373821  81.9841
-10.4892  -16.7899  -7.34908  74.9079
4.3322  13.0085  4.25873  19.2169
-16.7652  0.42541  3.21564  113.542
19.2127  -19.2191  -7.41104  69.2512
4.22155  -1.17859  -3.61983  31.2729
0.814571  0.28706  -0.279703  120.91
-0.570023  1.7507  -9.20229  64.5601
-6.76362  17.8862  8.75222  145.941
24.8993  12.4894  8.93836  67.4235
-2.76941  10.1463  4.91772  93.6776
-1.01875  5.175  2.11547  42.4191
13.0204  9.50279  9.32953  145.272
25.5175  -0.857417  -1.60305  17.6934
9.84776  21.752  -3.51169  50.6678
9.18836  22.2715  -9.53203  12.9718
7.26476  2.86313  -8.24726  134.798
-0.767131  5.27043  -1.47132  65.3912
2.18355  1.63283  -9.19167  74.6081
-13.1997  8.2677  -4.97016  14.6029
-16.1207  2.14948  -7.58513  126.843
-3.7152  7.84434  -2.63101  134.043
-1.17693  -1.55147  -8.44538  17.6005
14.0568  11.8721  6.20979  47.2481
7.70173  16.1782  6.64529  128.548
5.79538  -2.02487  5.11049  143.857
0.365156  0.136619  -2.10811  12.7904
-6.76712  7.74467  -4.39549  38.1409
15.5867  6.06522  6.78386  119.433
-22.8182  11.9291  6.58896  41.5168
2.61618  24.8044  9.86782  128.718
9.94981  10.3104  2.75372  75.0783
-6.30294  -25.9537  3.75331  97.4817
-2.02198  -3.1205  9.82349  132.359
1.92357  -25.4933  2.89739  61.7274
22.3686  -10.1492  0.126365  85.6918
-23.859  7.68969  1.2166  130.63
-9.10977  24.8307  8.91197  93.3259
7.07512  12.7358  1.9384  147.409
12.9707  24.3417  -9.94291  91.8742
-12.2682  4.55801  8.64184  147.422
0.106062  -3.07369  -7.53533  76.7379
8.56609  -0.515042  7.34105  136.969
2.7689  5.75775  4.83544  41.182
2.27828  -11.3058  -4.28649  39.179
-12.995  1.21464  -7.21801  146.047
-4.4783  0.113125  -8.92932  143.603
15.8527  -14.3676  8.14395  100.626
19.6209  15.3558  6.79566  149.761
-4.98587  -7.30145  -4.06776  132.43
19.0969  -19.1196  5.16825  103.657
6.66228  -2.07852  4.04959  53.9407
3.03539  11.3518  -7.22394  23.0235
-1.84691  -1.12884  -1.76601  123.048
7.95619  -1.79905  8.47816  109.447
1.83664  1.04093  -7.53309  126.943
-11.8948  18.7099  6.74606  146.418
0.55177  -1.06345  -5.44392  123.865
0.888783  -0.545739  5.82622  67.2577
-14.779  5.40532  8.31014  109.736
10.3888  8.44748  8.67999  17.0401
0.290366  16.0908  -7.83684  42.7271
-1.6685  0.889605  -7.60249  68.9738
-12.8961  -14.093  8.50105  41.9079
21.9096  13.0905  7.59025  141.361
-7.92785  -8.61294  -0.90758  12.071
3.88424  -0.00615414  -0.0919851  55.2934
-14.8444  18.7017  -3.14541  38.3858
19.112  -16.2976  -6.49269  31.1208
-14.1695  -10.738  6.46892  112.248
13.4051  26.8042  -1.41427  131.389
-3.07426  8.61273  4.06541  75.2423
-0.806182  0.58629  -2.03897  50.074
-0.229986  -11.3612  -7.33572  142.371
-15.6962  9.56341  6.71526  76.2295
-0.42656  18.502  8.19501  97.9799
-12.1981  4.93124  3.2545  70.1215
-0.0621455  0.00589349  6.37302  25.9046
0.588542  -0.190483  7.72973  68.5856
-6.92237  -16.7459  -7.97217  58.003
1.26022  -1.08281  6.49239  51.738
1.54397  3.56832  2.80838  77.0326
-26.0319  11.8879  -7.83067  142.619
-1.66923  -4.0044  -3.57148  98.2098
2.05707  -11.5761  3.7598  21.9838
-10.0473  6.73497  9.2773  65.1348
-0.110192  -4.17535  0.317039  39.2209
8.49129  0.563788  4.5837  89.12
14.8254  -7.3132  8.69028  20.4499
26.1891  -10.4033  -4.95728  43.9554
3.44814  10.3883  -8.54251  133.059
-14.7471  -18.2501  -0.871202  121.889
12.3915  26.1521  4.49358  89.5527
-2.54159  -12.8186  6.96802  24.6397
1.36175  29.4831  1.41088  110.769
16.2127  10.8497  -6.79024  131.526
0.292361  -5.24393  -8.14439  81.5521
25.1665  -1.34465  2.9984  116.93
-14.2025  14.1589  -6.36742  145.524
0.865573  -4.57059  -4.73466  35.4293
-6.03361  16.9919  0.431264  88.7446
-1.19397  -26.102  -4.2096  53.4236
-0.586902  10.7775  -3.45773  1.294
-6.92686  3.59292  5.67903  147.436
2.07353  4.03435  8.32037  89.0458
17.0303  -19.7934  9.16269  132.211
0.536642  3.94584  5.09206  123.721
15.595  -16.2082  -1.4303  122.331
-2.94204  8.17475  2.27923  41.278
-14.266  18.5115  -9.39213  1.95572
-1.09164  4.1646  5.57665  14.3382
-15.8063  -13.9534  -6.81695  80.9984
12.8496  13.6977  7.74564  96.1401
9.29143  4.58596  -1.3403  83.5574
15.9359  -4.50622  5.44392  44.6861
-1.56154  -2.99356  -6.88421  99.664
-0.998684  -28.3273  -0.750078  4.15572
-23.3399  11.5537  8.9276  109.004
1.22777  24.3074  -6.06833  71.2765
-0.429657  13.1426  6.64293  7.55336
12.6536  -2.33154  -8.40635  98.7462
-5.94508  -24.0201  6.24853  77.5492
-5.33798  16.2222  2.7243  19.5246
-10.7761  16.6001  -6.39631  14.0132
-9.34277  13.458  4.38296  146.489
