# time  xt  vt  xtrue  vtrue  Et  dE/T  t/T
0  1  0  1  0  0.5  0  0
0  0.995  -0.1  1  0  0.50001  3.9789e-06  0
0.1  0.98003  -0.199  0.995  -0.099833  0.50003  7.9578e-06  0.015915
0.2  0.95522  -0.29601  0.98007  -0.19867  0.50004  1.1937e-05  0.031831
0.3  0.92085  -0.39005  0.95534  -0.29552  0.50005  1.5916e-05  0.047746
0.4  0.87724  -0.48018  0.92106  -0.38942  0.50006  1.9895e-05  0.063662
0.5  0.82483  -0.56551  0.87758  -0.47943  0.50008  2.3875e-05  0.079577
0.6  0.76416  -0.64516  0.82534  -0.56464  0.50009  2.7854e-05  0.095493
0.7  0.69582  -0.71835  0.76484  -0.64422  0.5001  3.1834e-05  0.11141
0.8  0.62051  -0.78434  0.69671  -0.71736  0.50011  3.5813e-05  0.12732
0.9  0.53897  -0.84247  0.62161  -0.78333  0.50013  3.9793e-05  0.14324
1  0.45203  -0.89216  0.5403  -0.84147  0.50014  4.3773e-05  0.15915
1.1  0.36055  -0.9329  0.4536  -0.89121  0.50015  4.7753e-05  0.17507
1.2  0.26546  -0.96429  0.36236  -0.93204  0.50016  5.1733e-05  0.19099
1.3  0.1677  -0.98601  0.2675  -0.96356  0.50018  5.5713e-05  0.2069
1.4  0.068264  -0.99786  0.16997  -0.98545  0.50019  5.9694e-05  0.22282
1.5  -0.031863  -0.99969  0.070737  -0.99749  0.5002  6.3674e-05  0.23873
1.6  -0.13167  -0.99151  -0.0292  -0.99957  0.50021  6.7654e-05  0.25465
1.7  -0.23017  -0.97338  -0.12884  -0.99166  0.50023  7.1635e-05  0.27056
1.8  -0.32635  -0.9455  -0.2272  -0.97385  0.50024  7.5616e-05  0.28648
1.9  -0.41927  -0.90814  -0.32329  -0.9463  0.50025  7.9596e-05  0.30239
2  -0.50799  -0.86167  -0.41615  -0.9093  0.50026  8.3577e-05  0.31831
2.1  -0.59162  -0.80656  -0.50485  -0.86321  0.50028  8.7558e-05  0.33423
2.2  -0.66931  -0.74337  -0.5885  -0.8085  0.50029  9.1539e-05  0.35014
2.3  -0.7403  -0.67272  -0.66628  -0.74571  0.5003  9.552e-05  0.36606
2.4  -0.80387  -0.59532  -0.73739  -0.67546  0.50031  9.9502e-05  0.38197
2.5  -0.85939  -0.51196  -0.80114  -0.59847  0.50033  0.00010348  0.39789
2.6  -0.90629  -0.42346  -0.85689  -0.5155  0.50034  0.00010746  0.4138
2.7  -0.9441  -0.33072  -0.90407  -0.42738  0.50035  0.00011145  0.42972
2.8  -0.97245  -0.23465  -0.94222  -0.33499  0.50036  0.00011543  0.44563
2.9  -0.99106  -0.13623  -0.97096  -0.23925  0.50038  0.00011941  0.46155
3  -0.99972  -0.036448  -0.98999  -0.14112  0.50039  0.00012339  0.47746
3.1  -0.99837  0.063707  -0.99914  -0.041581  0.5004  0.00012737  0.49338
3.2  -0.98701  0.16323  -0.99829  0.058374  0.50041  0.00013136  0.5093
3.3  -0.96575  0.26111  -0.98748  0.15775  0.50043  0.00013534  0.52521
3.4  -0.93481  0.35638  -0.9668  0.25554  0.50044  0.00013932  0.54113
3.5  -0.8945  0.44808  -0.93646  0.35078  0.50045  0.0001433  0.55704
3.6  -0.84522  0.53529  -0.89676  0.44252  0.50046  0.00014728  0.57296
3.7  -0.78746  0.61713  -0.8481  0.52984  0.50048  0.00015127  0.58887
3.8  -0.72181  0.69279  -0.79097  0.61186  0.50049  0.00015525  0.60479
3.9  -0.64892  0.76151  -0.72593  0.68777  0.5005  0.00015923  0.6207
4  -0.56953  0.8226  -0.65364  0.7568  0.50051  0.00016322  0.63662
4.1  -0.48442  0.87544  -0.57482  0.81828  0.50053  0.0001672  0.65254
4.2  -0.39445  0.9195  -0.49026  0.87158  0.50054  0.00017118  0.66845
4.3  -0.30053  0.95435  -0.4008  0.91617  0.50055  0.00017516  0.68437
4.4  -0.2036  0.97963  -0.30733  0.9516  0.50056  0.00017915  0.70028
4.5  -0.10461  0.99509  -0.2108  0.97753  0.50058  0.00018313  0.7162
4.6  -0.0045819  1.0006  -0.11215  0.99369  0.50059  0.00018711  0.73211
4.7  0.095499  0.99603  -0.012389  0.99992  0.5006  0.0001911  0.74803
4.8  0.19462  0.9815  0.087499  0.99616  0.50061  0.00019508  0.76394
4.9  0.2918  0.95713  0.18651  0.98245  0.50063  0.00019907  0.77986
5  0.38606  0.92317  0.28366  0.95892  0.50064  0.00020305  0.79577
5.1  0.47644  0.87995  0.37798  0.92581  0.50065  0.00020703  0.81169
5.2  0.56205  0.8279  0.46852  0.88345  0.50066  0.00021102  0.82761
5.3  0.64203  0.76756  0.55437  0.83227  0.50068  0.000215  0.84352
5.4  0.71558  0.69952  0.63469  0.77276  0.50069  0.00021899  0.85944
5.5  0.78195  0.62446  0.70867  0.70554  0.5007  0.00022297  0.87535
5.6  0.84049  0.54314  0.77557  0.63127  0.50071  0.00022695  0.89127
5.7  0.8906  0.45638  0.83471  0.55069  0.50073  0.00023094  0.90718
5.8  0.93179  0.36504  0.88552  0.4646  0.50074  0.00023492  0.9231
5.9  0.96363  0.27003  0.92748  0.37388  0.50075  0.00023891  0.93901
6  0.98582  0.17232  0.96017  0.27942  0.50076  0.00024289  0.95493
6.1  0.99812  0.072875  0.98327  0.18216  0.50078  0.00024688  0.97085
6.2  1.0004  -0.027301  0.99654  0.083089  0.50079  0.00025086  0.98676
6.3  0.99268  -0.12721  0.99986  -0.016814  0.5008  0.00025485  1.0027
6.4  0.975  -0.22584  0.99318  -0.11655  0.50081  0.00025883  1.0186
6.5  0.94754  -0.32221  0.97659  -0.21512  0.50083  0.00026282  1.0345
6.6  0.91058  -0.41535  0.95023  -0.31154  0.50084  0.0002668  1.0504
6.7  0.86449  -0.50433  0.91438  -0.40485  0.50085  0.00027079  1.0663
6.8  0.80974  -0.58826  0.8694  -0.49411  0.50086  0.00027478  1.0823
6.9  0.74686  -0.66629  0.81573  -0.57844  0.50088  0.00027876  1.0982
7  0.6765  -0.73765  0.7539  -0.65699  0.50089  0.00028275  1.1141
7.1  0.59935  -0.80161  0.68455  -0.72897  0.5009  0.00028673  1.13
7.2  0.51619  -0.85754  0.60835  -0.79367  0.50091  0.00029072  1.1459
7.3  0.42786  -0.90487  0.52608  -0.85044  0.50093  0.00029471  1.1618
7.4  0.33523  -0.94313  0.43855  -0.89871  0.50094  0.00029869  1.1777
7.5  0.23924  -0.97194  0.34664  -0.938  0.50095  0.00030268  1.1937
7.6  0.14085  -0.991  0.25126  -0.96792  0.50096  0.00030666  1.2096
7.7  0.041049  -1.0001  0.15337  -0.98817  0.50098  0.00031065  1.2255
7.8  -0.059169  -0.99924  0.053955  -0.99854  0.50099  0.00031464  1.2414
7.9  -0.1588  -0.98832  -0.046002  -0.99894  0.501  0.00031862  1.2573
8  -0.25684  -0.9675  -0.1455  -0.98936  0.50101  0.00032261  1.2732
8.1  -0.3523  -0.93698  -0.24354  -0.96989  0.50103  0.0003266  1.2892
8.2  -0.44424  -0.89707  -0.33915  -0.94073  0.50104  0.00033059  1.3051
8.3  -0.53172  -0.84816  -0.43138  -0.90217  0.50105  0.00033457  1.321
8.4  -0.61388  -0.79074  -0.51929  -0.8546  0.50106  0.00033856  1.3369
8.5  -0.68989  -0.7254  -0.60201  -0.79849  0.50108  0.00034255  1.3528
8.6  -0.75898  -0.65279  -0.67872  -0.7344  0.50109  0.00034653  1.3687
8.7  -0.82046  -0.57363  -0.74865  -0.66297  0.5011  0.00035052  1.3846
8.8  -0.87372  -0.48871  -0.81109  -0.58492  0.50111  0.00035451  1.4006
8.9  -0.91822  -0.3989  -0.86544  -0.50102  0.50113  0.0003585  1.4165
9  -0.95352  -0.30508  -0.91113  -0.41212  0.50114  0.00036249  1.4324
9.1  -0.97926  -0.2082  -0.94772  -0.3191  0.50115  0.00036647  1.4483
9.2  -0.99519  -0.10923  -0.97484  -0.22289  0.50116  0.00037046  1.4642
9.3  -1.0011  -0.0091691  -0.99223  -0.12445  0.50118  0.00037445  1.4801
9.4  -0.99704  0.09099  -0.99969  -0.024775  0.50119  0.00037844  1.4961
9.5  -0.98296  0.19024  -0.99717  0.075151  0.5012  0.00038243  1.512
9.6  -0.95902  0.28758  -0.98469  0.17433  0.50121  0.00038641  1.5279
9.7  -0.92547  0.38205  -0.96236  0.27176  0.50123  0.0003904  1.5438
9.8  -0.88264  0.47269  -0.93043  0.36648  0.50124  0.00039439  1.5597
9.9  -0.83095  0.55859  -0.88919  0.45754  0.50125  0.00039838  1.5756
10  -0.77094  0.63889  -0.83907  0.54402  0.50126  0.00040237  1.5915
10.1  -0.7032  0.71279  -0.78057  0.62507  0.50128  0.00040636  1.6075
10.2  -0.6284  0.77954  -0.71427  0.69987  0.50129  0.00041035  1.6234
10.3  -0.54731  0.83849  -0.64083  0.76769  0.5013  0.00041434  1.6393
10.4  -0.46072  0.88902  -0.56098  0.82783  0.50131  0.00041833  1.6552
10.5  -0.36952  0.93065  -0.47554  0.8797  0.50133  0.00042231  1.6711
10.6  -0.2746  0.96295  -0.38534  0.92278  0.50134  0.0004263  1.687
10.7  -0.17693  0.9856  -0.29129  0.95664  0.50135  0.00043029  1.703
10.8  -0.07749  0.99836  -0.19433  0.98094  0.50136  0.00043428  1.7189
10.9  0.022733  1.0011  -0.095429  0.99544  0.50138  0.00043827  1.7348
11  0.12273  0.99384  0.0044257  0.99999  0.50139  0.00044226  1.7507
11.1  0.2215  0.9766  0.10424  0.99455  0.5014  0.00044625  1.7666
11.2  0.31805  0.94956  0.203  0.97918  0.50141  0.00045024  1.7825
11.3  0.41142  0.91301  0.29975  0.95402  0.50143  0.00045423  1.7985
11.4  0.50066  0.8673  0.39349  0.91933  0.50144  0.00045822  1.8144
11.5  0.58489  0.8129  0.4833  0.87545  0.50145  0.00046221  1.8303
11.6  0.66326  0.75035  0.56829  0.82283  0.50146  0.0004662  1.8462
11.7  0.73497  0.68027  0.6476  0.76198  0.50148  0.00047019  1.8621
11.8  0.79933  0.60337  0.72043  0.69353  0.50149  0.00047419  1.878
11.9  0.85567  0.52042  0.78607  0.61814  0.5015  0.00047818  1.8939
12  0.90343  0.43225  0.84385  0.53657  0.50151  0.00048217  1.9099
12.1  0.94214  0.33975  0.89321  0.44965  0.50153  0.00048616  1.9258
12.2  0.9714  0.24384  0.93363  0.35823  0.50154  0.00049015  1.9417
12.3  0.99093  0.14548  0.96473  0.26323  0.50155  0.00049414  1.9576
12.4  1.0005  0.045655  0.98619  0.1656  0.50156  0.00049813  1.9735
12.5  1.0001  -0.054625  0.9978  0.066322  0.50158  0.00050212  1.9894
12.6  0.98962  -0.15436  0.99943  -0.033623  0.50159  0.00050611  2.0054
12.7  0.96924  -0.25255  0.99108  -0.13323  0.5016  0.00051011  2.0213
12.8  0.93914  -0.34821  0.97283  -0.23151  0.50162  0.0005141  2.0372
12.9  0.89962  -0.44038  0.94486  -0.32747  0.50163  0.00051809  2.0531
13  0.85108  -0.52814  0.90745  -0.42017  0.50164  0.00052208  2.069
13.1  0.79401  -0.61061  0.86097  -0.50866  0.50165  0.00052607  2.0849
13.2  0.72898  -0.68696  0.80588  -0.59207  0.50167  0.00053006  2.1008
13.3  0.65664  -0.75642  0.74275  -0.66957  0.50168  0.00053406  2.1168
13.4  0.57772  -0.81831  0.67219  -0.74038  0.50169  0.00053805  2.1327
13.5  0.493  -0.87199  0.59492  -0.80378  0.5017  0.00054204  2.1486
13.6  0.40333  -0.91693  0.5117  -0.85916  0.50172  0.00054603  2.1645
13.7  0.30962  -0.95267  0.42337  -0.90595  0.50173  0.00055003  2.1804
13.8  0.21281  -0.97887  0.33081  -0.9437  0.50174  0.00055402  2.1963
13.9  0.11386  -0.99526  0.23495  -0.97201  0.50175  0.00055801  2.2123
14  0.013761  -1.0017  0.13674  -0.99061  0.50177  0.000562  2.2282
14.1  -0.086474  -0.99804  0.037158  -0.99931  0.50178  0.000566  2.2441
14.2  -0.18585  -0.9844  -0.062792  -0.99803  0.50179  0.00056999  2.26
14.3  -0.28336  -0.96089  -0.16211  -0.98677  0.5018  0.00057398  2.2759
14.4  -0.37803  -0.92775  -0.25982  -0.96566  0.50182  0.00057798  2.2918
14.5  -0.46891  -0.88531  -0.35492  -0.9349  0.50183  0.00058197  2.3077
14.6  -0.5551  -0.83399  -0.44648  -0.89479  0.50184  0.00058596  2.3237
14.7  -0.63572  -0.77431  -0.53358  -0.84575  0.50185  0.00058996  2.3396
14.8  -0.70998  -0.70687  -0.61535  -0.78825  0.50187  0.00059395  2.3555
14.9  -0.77711  -0.63234  -0.69097  -0.72288  0.50188  0.00059794  2.3714
15  -0.83646  -0.55146  -0.75969  -0.65029  0.50189  0.00060194  2.3873
15.1  -0.88743  -0.46506  -0.82081  -0.5712  0.5019  0.00060593  2.4032
15.2  -0.9295  -0.37399  -0.87374  -0.4864  0.50192  0.00060993  2.4192
15.3  -0.96225  -0.27917  -0.91793  -0.39674  0.50193  0.00061392  2.4351
15.4  -0.98535  -0.18155  -0.95295  -0.30312  0.50194  0.00061791  2.451
15.5  -0.99858  -0.082109  -0.97845  -0.20647  0.50195  0.00062191  2.4669
15.6  -1.0018  0.018159  -0.99418  -0.10775  0.50197  0.0006259  2.4828
15.7  -0.99497  0.11825  -0.99997  -0.0079632  0.50198  0.0006299  2.4987
15.8  -0.97818  0.21715  -0.99577  0.091907  0.50199  0.00063389  2.5146
15.9  -0.95157  0.31389  -0.98162  0.19086  0.502  0.00063789  2.5306
16  -0.91542  0.40747  -0.95766  0.2879  0.50202  0.00064188  2.5465
16.1  -0.8701  0.49698  -0.92413  0.38207  0.50203  0.00064588  2.5624
16.2  -0.81605  0.5815  -0.88137  0.47242  0.50204  0.00064987  2.5783
16.3  -0.75382  0.6602  -0.82981  0.55805  0.50205  0.00065387  2.5942
16.4  -0.68403  0.73228  -0.76995  0.63811  0.50207  0.00065786  2.6101
16.5  -0.60738  0.79702  -0.7024  0.71179  0.50208  0.00066186  2.6261
16.6  -0.52464  0.85378  -0.62783  0.77835  0.50209  0.00066585  2.642
16.7  -0.43664  0.90197  -0.54699  0.83714  0.5021  0.00066985  2.6579
16.8  -0.34426  0.94113  -0.46068  0.88757  0.50212  0.00067384  2.6738
16.9  -0.24843  0.97085  -0.36977  0.92912  0.50213  0.00067784  2.6897
17  -0.1501  0.99084  -0.27516  0.9614  0.50214  0.00068184  2.7056
17.1  -0.050266  1.0009  -0.17781  0.98407  0.50215  0.00068583  2.7215
17.2  0.050074  1.0009  -0.078678  0.9969  0.50217  0.00068983  2.7375
17.3  0.14992  0.9909  0.021239  0.99977  0.50218  0.00069382  2.7534
17.4  0.24826  0.97096  0.12094  0.99266  0.50219  0.00069782  2.7693
17.5  0.34411  0.94127  0.21944  0.97563  0.5022  0.00070182  2.7852
17.6  0.43652  0.90216  0.31574  0.94884  0.50222  0.00070581  2.8011
17.7  0.52455  0.85399  0.40889  0.91258  0.50223  0.00070981  2.817
17.8  0.60733  0.79727  0.49796  0.8672  0.50224  0.00071381  2.833
17.9  0.68402  0.73255  0.58204  0.81316  0.50226  0.0007178  2.8489
18  0.75385  0.66049  0.66032  0.75099  0.50227  0.0007218  2.8648
18.1  0.81613  0.5818  0.73199  0.68131  0.50228  0.0007258  2.8807
18.2  0.87023  0.49728  0.79635  0.60483  0.50229  0.00072979  2.8966
18.3  0.91561  0.40777  0.85276  0.52231  0.50231  0.00073379  2.9125
18.4  0.95181  0.31417  0.90064  0.43457  0.50232  0.00073779  2.9285
18.5  0.97846  0.21742  0.93952  0.34248  0.50233  0.00074178  2.9444
18.6  0.99531  0.11848  0.96902  0.24697  0.50234  0.00074578  2.9603
18.7  1.0022  0.018359  0.98884  0.149  0.50236  0.00074978  2.9762
18.8  0.99901  -0.081951  0.99877  0.049536  0.50237  0.00075378  2.9921
18.9  0.98582  -0.18144  0.99873  -0.050423  0.50238  0.00075777  3.008
19  0.96275  -0.27912  0.9887  -0.14988  0.50239  0.00076177  3.0239
19.1  0.93002  -0.374  0.9688  -0.24783  0.50241  0.00076577  3.0399
19.2  0.88797  -0.46513  0.93922  -0.34331  0.50242  0.00076977  3.0558
19.3  0.83702  -0.5516  0.90025  -0.43537  0.50243  0.00077377  3.0717
19.4  0.77767  -0.63254  0.85229  -0.52307  0.50244  0.00077776  3.0876
19.5  0.71053  -0.70715  0.79581  -0.60554  0.50246  0.00078176  3.1035
19.6  0.63626  -0.77467  0.73139  -0.68196  0.50247  0.00078576  3.1194
19.7  0.55562  -0.83442  0.65965  -0.75157  0.50248  0.00078976  3.1354
19.8  0.4694  -0.88581  0.58132  -0.81367  0.50249  0.00079376  3.1513
19.9  0.37847  -0.92832  0.49719  -0.86764  0.50251  0.00079776  3.1672
20  0.28374  -0.96152  0.40808  -0.91295  0.50252  0.00080176  3.1831
20.1  0.18617  -0.98509  0.3149  -0.94912  0.50253  0.00080576  3.199
20.2  0.086732  -0.99878  0.21857  -0.97582  0.50254  0.00080975  3.2149
20.3  -0.01358  -1.0025  0.12006  -0.99277  0.50256  0.00081375  3.2308
20.4  -0.11376  -0.99609  0.020351  -0.99979  0.50257  0.00081775  3.2468
20.5  -0.2128  -0.97973  -0.079564  -0.99683  0.50258  0.00082175  3.2627
20.6  -0.30971  -0.95356  -0.17868  -0.98391  0.50259  0.00082575  3.2786
20.7  -0.40351  -0.91782  -0.27602  -0.96115  0.50261  0.00082975  3.2945
20.8  -0.49328  -0.87288  -0.37059  -0.9288  0.50262  0.00083375  3.3104
20.9  -0.5781  -0.81918  -0.46147  -0.88716  0.50263  0.00083775  3.3263
21  -0.65713  -0.75728  -0.54773  -0.83666  0.50264  0.00084175  3.3423
21.1  -0.72957  -0.68778  -0.62852  -0.77779  0.50266  0.00084575  3.3582
21.2  -0.7947  -0.61138  -0.70303  -0.71116  0.50267  0.00084975  3.3741
21.3  -0.85187  -0.52886  -0.77051  -0.63742  0.50268  0.00085375  3.39
21.4  -0.90049  -0.44103  -0.8303  -0.55732  0.50269  0.00085775  3.4059
21.5  -0.94009  -0.34877  -0.88179  -0.47164  0.50271  0.00086175  3.4218
21.6  -0.97027  -0.25302  -0.92447  -0.38125  0.50272  0.00086575  3.4377
21.7  -0.99072  -0.15473  -0.95791  -0.28705  0.50273  0.00086975  3.4537
21.8  -1.0012  -0.054881  -0.98179  -0.18999  0.50274  0.00087375  3.4696
21.9  -1.0017  0.045517  -0.99585  -0.091022  0.50276  0.00087775  3.4855
22  -0.99216  0.14546  -0.99996  0.0088513  0.50277  0.00088175  3.5014
22.1  -0.97265  0.24395  -0.99408  0.10864  0.50278  0.00088575  3.5173
22.2  -0.94339  0.34  -0.97827  0.20734  0.5028  0.00088976  3.5332
22.3  -0.90468  0.43264  -0.95268  0.30396  0.50281  0.00089376  3.5492
22.4  -0.85689  0.52094  -0.91758  0.39756  0.50282  0.00089776  3.5651
22.5  -0.80051  0.60402  -0.8733  0.48717  0.50283  0.00090176  3.581
22.6  -0.73611  0.68106  -0.82031  0.57193  0.50285  0.00090576  3.5969
22.7  -0.66432  0.75126  -0.75911  0.65096  0.50286  0.00090976  3.6128
22.8  -0.58587  0.81394  -0.69033  0.72349  0.50287  0.00091376  3.6287
22.9  -0.50155  0.86845  -0.61465  0.7888  0.50288  0.00091777  3.6446
23  -0.4122  0.91427  -0.53283  0.84622  0.5029  0.00092177  3.6606
23.1  -0.31871  0.95092  -0.44569  0.89519  0.50291  0.00092577  3.6765
23.2  -0.22202  0.97803  -0.35409  0.93521  0.50292  0.00092977  3.6924
23.3  -0.12311  0.99534  -0.25896  0.96589  0.50293  0.00093377  3.7083
23.4  -0.022962  1.0027  -0.16124  0.98692  0.50295  0.00093778  3.7242
23.5  0.077421  0.99996  -0.061905  0.99808  0.50296  0.00094178  3.7401
23.6  0.17703  0.98722  0.038046  0.99928  0.50297  0.00094578  3.7561
23.7  0.27487  0.96458  0.13762  0.99049  0.50298  0.00094978  3.772
23.8  0.36995  0.93227  0.23581  0.9718  0.503  0.00095379  3.7879
23.9  0.46133  0.89061  0.33165  0.9434  0.50301  0.00095779  3.8038
24  0.54808  0.84003  0.42418  0.90558  0.50302  0.00096179  3.8197
24.1  0.62935  0.78102  0.51247  0.85871  0.50303  0.00096579  3.8356
24.2  0.7043  0.71418  0.59563  0.80326  0.50305  0.0009698  3.8515
24.3  0.7722  0.64018  0.67285  0.73978  0.50306  0.0009738  3.8675
24.4  0.83235  0.55976  0.74334  0.66891  0.50307  0.0009778  3.8834
24.5  0.88417  0.47372  0.80641  0.59136  0.50308  0.00098181  3.8993
24.6  0.92712  0.38294  0.86142  0.5079  0.5031  0.00098581  3.9152
24.7  0.96078  0.28831  0.90782  0.41936  0.50311  0.00098981  3.9311
24.8  0.98481  0.19079  0.94515  0.32664  0.50312  0.00099382  3.947
24.9  0.99896  0.091359  0.97304  0.23065  0.50313  0.00099782  3.963
25  1.0031  -0.0089942  0.9912  0.13235  0.50315  0.0010018  3.9789
25.1  0.99719  -0.10926  0.99946  0.032735  0.50316  0.0010058  3.9948
25.2  0.98128  -0.20843  0.99774  -0.067208  0.50317  0.0010098  4.0107
25.3  0.95553  -0.30552  0.98604  -0.16648  0.50319  0.0010138  4.0266
25.4  0.9202  -0.39954  0.9645  -0.26409  0.5032  0.0010178  4.0425
25.5  0.87564  -0.48956  0.93332  -0.35906  0.50321  0.0010218  4.0585
25.6  0.82231  -0.57468  0.89281  -0.45044  0.50322  0.0010258  4.0744
25.7  0.76073  -0.65404  0.84338  -0.53732  0.50324  0.0010299  4.0903
25.8  0.69152  -0.72684  0.78552  -0.61884  0.50325  0.0010339  4.1062
25.9  0.61538  -0.79236  0.71982  -0.69416  0.50326  0.0010379  4.1221
26  0.53307  -0.84993  0.64692  -0.76256  0.50327  0.0010419  4.138
26.1  0.44541  -0.89899  0.56756  -0.82333  0.50329  0.0010459  4.1539
26.2  0.35328  -0.93904  0.48253  -0.87588  0.5033  0.0010499  4.1699
26.3  0.25761  -0.96967  0.39267  -0.91968  0.50331  0.0010539  4.1858
26.4  0.15936  -0.99058  0.2989  -0.95429  0.50332  0.0010579  4.2017
26.5  0.0595  -1.0016  0.20214  -0.97936  0.50334  0.0010619  4.2176
26.6  -0.040954  -1.0025  0.10335  -0.99464  0.50335  0.0010659  4.2335
26.7  -0.141  -0.9934  0.0035375  -0.99999  0.50336  0.0010699  4.2494
26.8  -0.23963  -0.97433  -0.096313  -0.99535  0.50337  0.0010739  4.2654
26.9  -0.33587  -0.9455  -0.1952  -0.98076  0.50339  0.0010779  4.2813
27  -0.42874  -0.90718  -0.29214  -0.95638  0.5034  0.0010819  4.2972
27.1  -0.51731  -0.85977  -0.38616  -0.92243  0.50341  0.0010859  4.3131
27.2  -0.60071  -0.80374  -0.47632  -0.87927  0.50342  0.0010899  4.329
27.3  -0.67808  -0.73965  -0.56172  -0.82733  0.50344  0.0010939  4.3449
27.4  -0.74865  -0.66815  -0.64151  -0.76712  0.50345  0.0010979  4.3608
27.5  -0.81172  -0.58994  -0.71489  -0.69924  0.50346  0.001102  4.3768
27.6  -0.86666  -0.50582  -0.78112  -0.62438  0.50347  0.001106  4.3927
27.7  -0.91291  -0.41662  -0.83955  -0.54328  0.50349  0.00111  4.4086
27.8  -0.95  -0.32325  -0.8896  -0.45675  0.5035  0.001114  4.4245
27.9  -0.97758  -0.22663  -0.93075  -0.36565  0.50351  0.001118  4.4404
28  -0.99535  -0.12774  -0.96261  -0.27091  0.50352  0.001122  4.4563
28.1  -1.0032  -0.027569  -0.98484  -0.17345  0.50354  0.001126  4.4723
28.2  -1.0009  0.072884  -0.99724  -0.074265  0.50355  0.00113  4.4882
28.3  -0.9886  0.17261  -0.99967  0.025663  0.50356  0.001134  4.5041
28.4  -0.9664  0.27061  -0.99211  0.12534  0.50358  0.001138  4.52
28.5  -0.9345  0.36589  -0.97465  0.22376  0.50359  0.001142  4.5359
28.6  -0.89324  0.45751  -0.94744  0.31994  0.5036  0.001146  4.5518
28.7  -0.84302  0.54455  -0.91076  0.41293  0.50361  0.00115  4.5677
28.8  -0.78435  0.62613  -0.86499  0.50179  0.50363  0.001154  4.5837
28.9  -0.71782  0.70143  -0.81057  0.58564  0.50364  0.0011581  4.5996
29  -0.64409  0.76971  -0.74806  0.66363  0.50365  0.0011621  4.6155
29.1  -0.5639  0.83027  -0.67807  0.735  0.50366  0.0011661  4.6314
29.2  -0.47805  0.88251  -0.6013  0.79902  0.50368  0.0011701  4.6473
29.3  -0.38741  0.9259  -0.51853  0.85506  0.50369  0.0011741  4.6632
29.4  -0.29288  0.96001  -0.43058  0.90255  0.5037  0.0011781  4.6792
29.5  -0.19542  0.9845  -0.33832  0.94103  0.50371  0.0011821  4.6951
29.6  -0.095989  0.99912  -0.24268  0.97011  0.50373  0.0011861  4.711
29.7  0.0044033  1.0037  -0.14462  0.98949  0.50374  0.0011901  4.7269
29.8  0.10475  0.99826  -0.045115  0.99898  0.50375  0.0011941  4.7428
29.9  0.20406  0.9828  0.054842  0.9985  0.50376  0.0011981  4.7587
30  0.30132  0.95748  0.15425  0.98803  0.50378  0.0012021  4.7746
30.1  0.39556  0.92256  0.25212  0.9677  0.50379  0.0012062  4.7906
30.2  0.48583  0.87839  0.34747  0.93769  0.5038  0.0012102  4.8065
30.3  0.57124  0.82541  0.43935  0.89832  0.50381  0.0012142  4.8224
30.4  0.65093  0.76416  0.52683  0.84997  0.50383  0.0012182  4.8383
30.5  0.72409  0.69525  0.60906  0.79313  0.50384  0.0012222  4.8542
30.6  0.79  0.61936  0.68519  0.72836  0.50385  0.0012262  4.8701
30.7  0.84798  0.53727  0.75449  0.65632  0.50386  0.0012302  4.8861
30.8  0.89747  0.44978  0.81624  0.57772  0.50388  0.0012342  4.902
30.9  0.93796  0.35779  0.86984  0.49334  0.50389  0.0012382  4.9179
31  0.96905  0.2622  0.91474  0.40404  0.5039  0.0012422  4.9338
31.1  0.99042  0.16399  0.95051  0.3107  0.50392  0.0012462  4.9497
31.2  1.0019  0.064124  0.97678  0.21425  0.50393  0.0012503  4.9656
31.3  1.0033  -0.036384  0.99329  0.11567  0.50394  0.0012543  4.9815
31.4  0.99462  -0.13653  0.99987  0.015926  0.50395  0.0012583  4.9975
31.5  0.97599  -0.23531  0.99647  -0.083974  0.50397  0.0012623  5.0134
31.6  0.94758  -0.33173  0.98311  -0.18304  0.50398  0.0012663  5.0293
31.7  0.90967  -0.42483  0.95992  -0.28027  0.50399  0.0012703  5.0452
31.8  0.86264  -0.51367  0.92715  -0.3747  0.504  0.0012743  5.0611
31.9  0.80696  -0.59737  0.88511  -0.46539  0.50402  0.0012783  5.077
32  0.74319  -0.67508  0.83422  -0.55143  0.50403  0.0012823  5.093
32.1  0.67196  -0.74602  0.775  -0.63196  0.50404  0.0012864  5.1089
32.2  0.594  -0.80949  0.70804  -0.70617  0.50405  0.0012904  5.1248
32.3  0.51008  -0.86484  0.63401  -0.77333  0.50407  0.0012944  5.1407
32.4  0.42105  -0.91152  0.55363  -0.83276  0.50408  0.0012984  5.1566
32.5  0.32779  -0.94907  0.46773  -0.88387  0.50409  0.0013024  5.1725
32.6  0.23124  -0.97711  0.37716  -0.92615  0.5041  0.0013064  5.1885
32.7  0.13238  -0.99534  0.28281  -0.95918  0.50412  0.0013104  5.2044
32.8  0.032181  -1.0036  0.18564  -0.98262  0.50413  0.0013144  5.2203
32.9  -0.06834  -1.0018  0.086614  -0.99624  0.50414  0.0013184  5.2362
33  -0.16818  -0.98996  -0.013277  -0.99991  0.50415  0.0013225  5.2521
33.1  -0.26633  -0.96819  -0.11304  -0.99359  0.50417  0.0013265  5.268
33.2  -0.36182  -0.93672  -0.21166  -0.97734  0.50418  0.0013305  5.2839
33.3  -0.45369  -0.89585  -0.30818  -0.95133  0.50419  0.0013345  5.2999
33.4  -0.541  -0.84601  -0.40161  -0.91581  0.50421  0.0013385  5.3158
33.5  -0.6229  -0.78768  -0.49103  -0.87114  0.50422  0.0013425  5.3317
33.6  -0.69855  -0.72145  -0.57555  -0.81777  0.50423  0.0013465  5.3476
33.7  -0.7672  -0.64799  -0.65432  -0.75622  0.50424  0.0013505  5.3635
33.8  -0.82817  -0.56803  -0.72654  -0.68712  0.50426  0.0013546  5.3794
33.9  -0.88083  -0.48237  -0.79151  -0.61116  0.50427  0.0013586  5.3954
34  -0.92466  -0.39187  -0.84857  -0.52908  0.50428  0.0013626  5.4113
34.1  -0.95922  -0.29745  -0.89715  -0.44172  0.50429  0.0013666  5.4272
34.2  -0.98417  -0.20004  -0.93677  -0.34995  0.50431  0.0013706  5.4431
34.3  -0.99926  -0.10062  -0.96702  -0.25468  0.50432  0.0013746  5.459
34.4  -1.0043  -0.00019313  -0.98762  -0.15687  0.50433  0.0013786  5.4749
34.5  -0.99932  0.10024  -0.99835  -0.057487  0.50434  0.0013826  5.4908
34.6  -0.9843  0.19967  -0.9991  0.042468  0.50436  0.0013867  5.5068
34.7  -0.95941  0.2971  -0.98987  0.142  0.50437  0.0013907  5.5227
34.8  -0.9249  0.39156  -0.97075  0.24011  0.50438  0.0013947  5.5386
34.9  -0.88112  0.48209  -0.94192  0.33582  0.50439  0.0013987  5.5545
35  -0.82851  0.56779  -0.90369  0.42818  0.50441  0.0014027  5.5704
35.1  -0.76759  0.6478  -0.85643  0.51626  0.50442  0.0014067  5.5863
35.2  -0.69897  0.72132  -0.80061  0.59918  0.50443  0.0014107  5.6023
35.3  -0.62334  0.78761  -0.73679  0.67612  0.50444  0.0014148  5.6182
35.4  -0.54146  0.84601  -0.66561  0.7463  0.50446  0.0014188  5.6341
35.5  -0.45415  0.89593  -0.58778  0.80902  0.50447  0.0014228  5.65
35.6  -0.36229  0.93686  -0.50408  0.86366  0.50448  0.0014268  5.6659
35.7  -0.26679  0.96841  -0.41534  0.90967  0.5045  0.0014308  5.6818
35.8  -0.16862  0.99024  -0.32245  0.94659  0.50451  0.0014348  5.6977
35.9  -0.068751  1.0022  -0.22634  0.97405  0.50452  0.0014388  5.7137
36  0.031808  1.004  -0.12796  0.99178  0.50453  0.0014429  5.7296
36.1  0.13205  0.99582  -0.028312  0.9996  0.50455  0.0014469  5.7455
36.2  0.23097  0.97763  0.071623  0.99743  0.50456  0.0014509  5.7614
36.3  0.32758  0.94965  0.17084  0.9853  0.50457  0.0014549  5.7773
36.4  0.42091  0.91214  0.26835  0.96332  0.50458  0.0014589  5.7932
36.5  0.51002  0.86549  0.36319  0.93172  0.5046  0.0014629  5.8092
36.6  0.59402  0.81016  0.45439  0.8908  0.50461  0.0014669  5.8251
36.7  0.67206  0.74671  0.54105  0.84099  0.50462  0.001471  5.841
36.8  0.74337  0.67577  0.62231  0.78277  0.50463  0.001475  5.8569
36.9  0.80723  0.59805  0.69734  0.71674  0.50465  0.001479  5.8728
37  0.863  0.51434  0.76541  0.64354  0.50466  0.001483  5.8887
37.1  0.91012  0.42547  0.82584  0.56391  0.50467  0.001487  5.9046
37.2  0.94812  0.33233  0.87801  0.47865  0.50468  0.001491  5.9206
37.3  0.97661  0.23585  0.92141  0.3886  0.5047  0.0014951  5.9365
37.4  0.99531  0.13701  0.9556  0.29467  0.50471  0.0014991  5.9524
37.5  1.004  0.036798  0.98024  0.1978  0.50472  0.0015031  5.9683
37.6  1.0027  -0.063789  0.99509  0.09895  0.50473  0.0015071  5.9842
37.7  0.9913  -0.16374  1  -0.00088816  0.50475  0.0015111  6.0001
37.8  0.96997  -0.26205  0.99492  -0.10072  0.50476  0.0015151  6.0161
37.9  0.93892  -0.35774  0.97989  -0.19954  0.50477  0.0015192  6.032
38  0.89845  -0.44984  0.95507  -0.29637  0.50479  0.0015232  6.0479
38.1  0.84897  -0.53744  0.92071  -0.39024  0.5048  0.0015272  6.0638
38.2  0.79098  -0.61965  0.87716  -0.4802  0.50481  0.0015312  6.0797
38.3  0.72507  -0.69565  0.82483  -0.56538  0.50482  0.0015352  6.0956
38.4  0.65187  -0.76468  0.76427  -0.6449  0.50484  0.0015392  6.1115
38.5  0.57215  -0.82604  0.69607  -0.71797  0.50485  0.0015433  6.1275
38.6  0.48668  -0.87913  0.62091  -0.78388  0.50486  0.0015473  6.1434
38.7  0.39634  -0.9234  0.53955  -0.84195  0.50487  0.0015513  6.1593
38.8  0.30202  -0.95841  0.4528  -0.89161  0.50489  0.0015553  6.1752
38.9  0.20466  -0.98382  0.36153  -0.93236  0.5049  0.0015593  6.1911
39  0.10526  -0.99937  0.26664  -0.9638  0.50491  0.0015633  6.207
39.1  0.004795  -1.0049  0.16909  -0.9856  0.50492  0.0015674  6.223
39.2  -0.095719  -1.0004  0.069851  -0.99756  0.50494  0.0015714  6.2389
39.3  -0.19528  -0.98578  -0.030087  -0.99955  0.50495  0.0015754  6.2548
39.4  -0.29288  -0.96133  -0.12973  -0.99155  0.50496  0.0015794  6.2707
39.5  -0.38755  -0.92723  -0.22807  -0.97365  0.50497  0.0015834  6.2866
39.6  -0.47833  -0.88384  -0.32413  -0.94601  0.50499  0.0015875  6.3025
39.7  -0.56432  -0.83159  -0.41695  -0.90893  0.505  0.0015915  6.3185
39.8  -0.64466  -0.771  -0.50561  -0.86276  0.50501  0.0015955  6.3344
39.9  -0.71854  -0.70268  -0.58922  -0.80797  0.50503  0.0015995  6.3503
40  -0.78521  -0.62731  -0.66694  -0.74511  0.50504  0.0016035  6.3662
40.1  -0.84402  -0.54565  -0.73799  -0.67481  0.50505  0.0016076  6.3821
40.2  -0.89436  -0.45852  -0.80167  -0.59776  0.50506  0.0016116  6.398
40.3  -0.93574  -0.36679  -0.85735  -0.51474  0.50508  0.0016156  6.4139
40.4  -0.96774  -0.27138  -0.90445  -0.42658  0.50509  0.0016196  6.4299
40.5  -0.99004  -0.17325  -0.94252  -0.33415  0.5051  0.0016236  6.4458
40.6  -1.0024  -0.073383  -0.97117  -0.23839  0.50511  0.0016276  6.4617
40.7  -1.0047  0.027226  -0.99012  -0.14024  0.50513  0.0016317  6.4776
40.8  -0.997  0.12756  -0.99917  -0.040693  0.50514  0.0016357  6.4935
40.9  -0.97926  0.22663  -0.99824  0.059261  0.50515  0.0016397  6.5094
41  -0.9517  0.32342  -0.98734  0.15862  0.50516  0.0016437  6.5254
41.1  -0.9146  0.41697  -0.96657  0.2564  0.50518  0.0016477  6.5413
41.2  -0.86833  0.50635  -0.93614  0.35161  0.50519  0.0016518  6.5572
41.3  -0.81335  0.59065  -0.89637  0.44332  0.5052  0.0016558  6.5731
41.4  -0.75022  0.66903  -0.84763  0.53059  0.50521  0.0016598  6.589
41.5  -0.67957  0.74071  -0.79042  0.61256  0.50523  0.0016638  6.6049
41.6  -0.6021  0.80496  -0.72532  0.68841  0.50524  0.0016678  6.6208
41.7  -0.51859  0.86114  -0.65297  0.75738  0.50525  0.0016719  6.6368
41.8  -0.42988  0.9087  -0.5741  0.81879  0.50526  0.0016759  6.6527
41.9  -0.33686  0.94714  -0.48949  0.87201  0.50528  0.0016799  6.6686
42  -0.24047  0.97609  -0.39999  0.91652  0.50529  0.0016839  6.6845
42.1  -0.14165  0.99526  -0.30649  0.95187  0.5053  0.001688  6.7004
42.2  -0.04142  1.0044  -0.20993  0.97772  0.50532  0.001692  6.7163
42.3  0.059232  1.0036  -0.11127  0.99379  0.50533  0.001696  6.7323
42.4  0.15929  0.99263  -0.011501  0.99993  0.50534  0.0017  6.7482
42.5  0.25776  0.97173  0.088384  0.99609  0.50535  0.001704  6.7641
42.6  0.35364  0.9411  0.18738  0.98229  0.50537  0.0017081  6.78
42.7  0.44599  0.90103  0.28451  0.95867  0.50538  0.0017121  6.7959
42.8  0.53386  0.85193  0.3788  0.92548  0.50539  0.0017161  6.8118
42.9  0.61638  0.79428  0.4693  0.88304  0.5054  0.0017201  6.8277
43  0.69273  0.72867  0.55511  0.83177  0.50542  0.0017241  6.8437
43.1  0.76213  0.65575  0.63538  0.7722  0.50543  0.0017282  6.8596
43.2  0.8239  0.57626  0.7093  0.70491  0.50544  0.0017322  6.8755
43.3  0.8774  0.49099  0.77613  0.63058  0.50545  0.0017362  6.8914
43.4  0.92212  0.4008  0.8352  0.54994  0.50547  0.0017402  6.9073
43.5  0.95758  0.30658  0.88593  0.46382  0.50548  0.0017443  6.9232
43.6  0.98345  0.20929  0.92781  0.37305  0.50549  0.0017483  6.9392
43.7  0.99947  0.1099  0.96042  0.27856  0.50551  0.0017523  6.9551
43.8  1.0055  0.0094021  0.98343  0.18129  0.50552  0.0017563  6.971
43.9  1.0014  -0.091191  0.99662  0.082204  0.50553  0.0017603  6.9869
44  0.98725  -0.19087  0.99984  -0.017702  0.50554  0.0017644  7.0028
44.1  0.96322  -0.28864  0.99308  -0.11743  0.50556  0.0017684  7.0187
44.2  0.92954  -0.38352  0.9764  -0.21599  0.50557  0.0017724  7.0346
44.3  0.88654  -0.47456  0.94996  -0.31239  0.50558  0.0017764  7.0506
44.4  0.83465  -0.56084  0.91402  -0.40566  0.50559  0.0017805  7.0665
44.5  0.7744  -0.6415  0.86896  -0.49489  0.50561  0.0017845  7.0824
44.6  0.70637  -0.71573  0.81521  -0.57916  0.50562  0.0017885  7.0983
44.7  0.63127  -0.78279  0.75332  -0.65766  0.50563  0.0017925  7.1142
44.8  0.54983  -0.842  0.6839  -0.72958  0.50564  0.0017966  7.1301
44.9  0.46288  -0.89278  0.60765  -0.79421  0.50566  0.0018006  7.1461
45  0.37129  -0.9346  0.52532  -0.8509  0.50567  0.0018046  7.162
45.1  0.27598  -0.96706  0.43775  -0.8991  0.50568  0.0018086  7.1779
45.2  0.17789  -0.98982  0.3458  -0.93831  0.50569  0.0018127  7.1938
45.3  0.078018  -1.0027  0.2504  -0.96814  0.50571  0.0018167  7.2097
45.4  -0.022638  -1.0054  0.1525  -0.9883  0.50572  0.0018207  7.2256
45.5  -0.12307  -0.99816  0.053069  -0.99859  0.50573  0.0018247  7.2415
45.6  -0.22227  -0.98086  -0.046889  -0.9989  0.50575  0.0018287  7.2575
45.7  -0.31924  -0.95373  -0.14638  -0.98923  0.50576  0.0018328  7.2734
45.8  -0.41302  -0.91704  -0.24441  -0.96967  0.50577  0.0018368  7.2893
45.9  -0.50266  -0.87115  -0.33999  -0.94043  0.50578  0.0018408  7.3052
46  -0.58726  -0.81653  -0.43218  -0.90179  0.5058  0.0018448  7.3211
46.1  -0.66598  -0.75372  -0.52005  -0.85414  0.50581  0.0018489  7.337
46.2  -0.73802  -0.68335  -0.60272  -0.79795  0.50582  0.0018529  7.353
46.3  -0.80266  -0.60613  -0.67937  -0.73379  0.50583  0.0018569  7.3689
46.4  -0.85926  -0.52284  -0.74924  -0.6623  0.50585  0.0018609  7.3848
46.5  -0.90725  -0.43429  -0.81161  -0.5842  0.50586  0.001865  7.4007
46.6  -0.94615  -0.3414  -0.86588  -0.50025  0.50587  0.001869  7.4166
46.7  -0.97555  -0.24508  -0.9115  -0.41131  0.50588  0.001873  7.4325
46.8  -0.99518  -0.1463  -0.948  -0.31826  0.5059  0.0018771  7.4485
46.9  -1.0048  -0.046046  -0.97504  -0.22202  0.50591  0.0018811  7.4644
47  -1.0044  0.054668  -0.99234  -0.12357  0.50592  0.0018851  7.4803
47.1  -0.99393  0.15484  -0.99971  -0.023888  0.50593  0.0018891  7.4962
47.2  -0.97348  0.25346  -0.99711  0.076037  0.50595  0.0018932  7.5121
47.3  -0.94326  0.34954  -0.98453  0.1752  0.50596  0.0018972  7.528
47.4  -0.90359  0.44211  -0.96212  0.27262  0.50597  0.0019012  7.5439
47.5  -0.85486  0.53026  -0.9301  0.36731  0.50599  0.0019052  7.5599
47.6  -0.79756  0.6131  -0.88878  0.45833  0.506  0.0019093  7.5758
47.7  -0.73227  0.68979  -0.83859  0.54477  0.50601  0.0019133  7.5917
47.8  -0.65963  0.75957  -0.78001  0.62576  0.50602  0.0019173  7.6076
47.9  -0.58037  0.82173  -0.71364  0.70051  0.50604  0.0019213  7.6235
48  -0.4953  0.87566  -0.64014  0.76825  0.50605  0.0019254  7.6394
48.1  -0.40525  0.92081  -0.56025  0.82832  0.50606  0.0019294  7.6554
48.2  -0.31115  0.95673  -0.47476  0.88012  0.50607  0.0019334  7.6713
48.3  -0.21392  0.98306  -0.38452  0.92312  0.50609  0.0019374  7.6872
48.4  -0.11454  0.99954  -0.29044  0.95689  0.5061  0.0019415  7.7031
48.5  -0.014014  1.006  -0.19346  0.98111  0.50611  0.0019455  7.719
48.6  0.086655  1.0024  -0.094545  0.99552  0.50612  0.0019495  7.7349
48.7  0.18646  0.98869  0.0053138  0.99999  0.50614  0.0019536  7.7508
48.8  0.2844  0.9651  0.10512  0.99446  0.50615  0.0019576  7.7668
48.9  0.37948  0.93184  0.20387  0.979  0.50616  0.0019616  7.7827
49  0.47077  0.88923  0.30059  0.95375  0.50618  0.0019656  7.7986
49.1  0.55734  0.8377  0.39431  0.91898  0.50619  0.0019697  7.8145
49.2  0.63832  0.77778  0.48408  0.87502  0.5062  0.0019737  7.8304
49.3  0.71291  0.71006  0.56902  0.82232  0.50621  0.0019777  7.8463
49.4  0.78035  0.63522  0.64827  0.76141  0.50623  0.0019818  7.8623
49.5  0.83997  0.55401  0.72105  0.69288  0.50624  0.0019858  7.8782
49.6  0.89117  0.46724  0.78662  0.61744  0.50625  0.0019898  7.8941
49.7  0.93344  0.37579  0.84433  0.53582  0.50626  0.0019938  7.91
49.8  0.96635  0.28057  0.89361  0.44885  0.50628  0.0019979  7.9259
49.9  0.98958  0.18253  0.93395  0.3574  0.50629  0.0020019  7.9418
