# t   Ex   Ey   Mx   My   Ax   Ay
0.1  1.24301 -4.67e+06 -101.074 3.79733e+08 783.243 -1.1216e+07
50.1  622.75 -4.67e+06 -50637.8 3.79733e+08 392172 -1.12043e+07
100.1  1244.26 -4.67e+06 -101175 3.79733e+08 782170 -1.11694e+07
150.1  1865.76 -4.67e+06 -151711 3.79733e+08 1.16939e+06 -1.11115e+07
200.1  2487.27 -4.67e+06 -202248 3.79733e+08 1.55247e+06 -1.10307e+07
250.1  3108.78 -4.67e+06 -252785 3.79733e+08 1.93005e+06 -1.09272e+07
300.1  3730.28 -4.67e+06 -303322 3.79733e+08 2.30078e+06 -1.08016e+07
350.1  4351.79 -4.67e+06 -353858 3.79733e+08 2.66337e+06 -1.06542e+07
400.1  4973.3 -4.67e+06 -404395 3.79733e+08 3.01652e+06 -1.04856e+07
450.1  5594.8 -4.67e+06 -454932 3.79733e+08 3.35899e+06 -1.02963e+07
500.1  6216.31 -4.67e+06 -505468 3.79733e+08 3.68957e+06 -1.00871e+07
550.1  6837.82 -4.66999e+06 -556005 3.79733e+08 4.00709e+06 -9.85876e+06
600.1  7459.32 -4.66999e+06 -606542 3.79733e+08 4.31045e+06 -9.61198e+06
650.1  8080.83 -4.66999e+06 -657079 3.79732e+08 4.59857e+06 -9.34771e+06
700.1  8702.33 -4.66999e+06 -707615 3.79732e+08 4.87044e+06 -9.06688e+06
750.1  9323.84 -4.66999e+06 -758152 3.79732e+08 5.12512e+06 -8.7705e+06
800.1  9945.34 -4.66999e+06 -808689 3.79732e+08 5.36172e+06 -8.45963e+06
850.1  10566.8 -4.66999e+06 -859225 3.79732e+08 5.57941e+06 -8.13536e+06
900.1  11188.4 -4.66999e+06 -909762 3.79732e+08 5.77743e+06 -7.79886e+06
950.1  11809.9 -4.66999e+06 -960298 3.79732e+08 5.95512e+06 -7.45133e+06
1000.1  12431.4 -4.66998e+06 -1.01083e+06 3.79732e+08 6.11184e+06 -7.09398e+06
1050.1  13052.9 -4.66998e+06 -1.06137e+06 3.79732e+08 6.24708e+06 -6.7281e+06
1100.1  13674.4 -4.66998e+06 -1.11191e+06 3.79731e+08 6.36036e+06 -6.35496e+06
1150.1  14295.9 -4.66998e+06 -1.16244e+06 3.79731e+08 6.45132e+06 -5.9759e+06
1200.1  14917.4 -4.66998e+06 -1.21298e+06 3.79731e+08 6.51964e+06 -5.59225e+06
1250.1  15538.9 -4.66997e+06 -1.26352e+06 3.79731e+08 6.56511e+06 -5.20535e+06
1300.1  16160.4 -4.66997e+06 -1.31405e+06 3.79731e+08 6.58758e+06 -4.81658e+06
1350.1  16781.9 -4.66997e+06 -1.36459e+06 3.79731e+08 6.587e+06 -4.42729e+06
1400.1  17403.4 -4.66997e+06 -1.41513e+06 3.7973e+08 6.56339e+06 -4.03885e+06
1450.1  18024.9 -4.66997e+06 -1.46566e+06 3.7973e+08 6.51685e+06 -3.65262e+06
1500.1  18646.4 -4.66996e+06 -1.5162e+06 3.7973e+08 6.44757e+06 -3.26996e+06
1550.1  19267.9 -4.66996e+06 -1.56674e+06 3.7973e+08 6.3558e+06 -2.89218e+06
1600.1  19889.4 -4.66996e+06 -1.61727e+06 3.7973e+08 6.24188e+06 -2.52063e+06
1650.1  20510.9 -4.66995e+06 -1.66781e+06 3.79729e+08 6.10623e+06 -2.15658e+06
1700.1  21132.4 -4.66995e+06 -1.71834e+06 3.79729e+08 5.94934e+06 -1.8013e+06
1750.1  21753.9 -4.66995e+06 -1.76888e+06 3.79729e+08 5.77177e+06 -1.45602e+06
1800.1  22375.4 -4.66995e+06 -1.81942e+06 3.79729e+08 5.57416e+06 -1.12195e+06
1850.1  22996.9 -4.66994e+06 -1.86995e+06 3.79728e+08 5.35722e+06 -800236
1900.1  23618.4 -4.66994e+06 -1.92049e+06 3.79728e+08 5.1217e+06 -491992
1950.1  24239.9 -4.66994e+06 -1.97103e+06 3.79728e+08 4.86845e+06 -198283
2000.1  24861.4 -4.66993e+06 -2.02156e+06 3.79728e+08 4.59836e+06 79878.6
2050.1  25482.9 -4.66993e+06 -2.0721e+06 3.79727e+08 4.31237e+06 341534
2100.1  26104.4 -4.66993e+06 -2.12263e+06 3.79727e+08 4.0115e+06 585782
2150.1  26725.9 -4.66992e+06 -2.17317e+06 3.79727e+08 3.69678e+06 811784
2200.1  27347.4 -4.66992e+06 -2.22371e+06 3.79726e+08 3.36933e+06 1.01876e+06
2250.1  27968.9 -4.66992e+06 -2.27424e+06 3.79726e+08 3.03029e+06 1.20601e+06
2300.1  28590.4 -4.66991e+06 -2.32478e+06 3.79726e+08 2.68083e+06 1.37288e+06
2350.1  29211.9 -4.66991e+06 -2.37531e+06 3.79726e+08 2.32218e+06 1.5188e+06
2400.1  29833.4 -4.6699e+06 -2.42585e+06 3.79725e+08 1.95559e+06 1.64328e+06
2450.1  30454.9 -4.6699e+06 -2.47638e+06 3.79725e+08 1.58232e+06 1.74588e+06
2500.1  31076.4 -4.6699e+06 -2.52692e+06 3.79725e+08 1.20368e+06 1.82626e+06
2550.1  31697.8 -4.66989e+06 -2.57746e+06 3.79724e+08 820975 1.88414e+06
2600.1  32319.3 -4.66989e+06 -2.62799e+06 3.79724e+08 435537 1.91932e+06
2650.1  32940.8 -4.66988e+06 -2.67853e+06 3.79724e+08 48702.5 1.93168e+06
2700.1  33562.3 -4.66988e+06 -2.72906e+06 3.79723e+08 -338186 1.92119e+06
2750.1  34183.8 -4.66987e+06 -2.7796e+06 3.79723e+08 -723788 1.88786e+06
2800.1  34805.3 -4.66987e+06 -2.83013e+06 3.79722e+08 -1.10676e+06 1.83183e+06
2850.1  35426.8 -4.66987e+06 -2.88067e+06 3.79722e+08 -1.48579e+06 1.75329e+06
2900.1  36048.3 -4.66986e+06 -2.9312e+06 3.79722e+08 -1.85954e+06 1.65249e+06
2950.1  36669.8 -4.66986e+06 -2.98174e+06 3.79721e+08 -2.22673e+06 1.52978e+06
3000.1  37291.3 -4.66985e+06 -3.03227e+06 3.79721e+08 -2.58607e+06 1.3856e+06
3050.1  37912.7 -4.66985e+06 -3.08281e+06 3.7972e+08 -2.93632e+06 1.22042e+06
3100.1  38534.2 -4.66984e+06 -3.13334e+06 3.7972e+08 -3.27625e+06 1.03481e+06
3150.1  39155.7 -4.66984e+06 -3.18388e+06 3.7972e+08 -3.60469e+06 829421
3200.1  39777.2 -4.66983e+06 -3.23441e+06 3.79719e+08 -3.92048e+06 604947
3250.1  40398.7 -4.66982e+06 -3.28495e+06 3.79719e+08 -4.22252e+06 362160
3300.1  41020.2 -4.66982e+06 -3.33548e+06 3.79718e+08 -4.50976e+06 101896
3350.1  41641.6 -4.66981e+06 -3.38602e+06 3.79718e+08 -4.78118e+06 -174950
3400.1  42263.1 -4.66981e+06 -3.43655e+06 3.79717e+08 -5.03583e+06 -467423
3450.1  42884.6 -4.6698e+06 -3.48709e+06 3.79717e+08 -5.27282e+06 -774516
3500.1  43506.1 -4.6698e+06 -3.53762e+06 3.79716e+08 -5.49131e+06 -1.09517e+06
3550.1  44127.6 -4.66979e+06 -3.58816e+06 3.79716e+08 -5.69051e+06 -1.42827e+06
3600.1  44749 -4.66978e+06 -3.63869e+06 3.79716e+08 -5.86973e+06 -1.77267e+06
3650.1  45370.5 -4.66978e+06 -3.68923e+06 3.79715e+08 -6.02833e+06 -2.12717e+06
3700.1  45992 -4.66977e+06 -3.73976e+06 3.79715e+08 -6.16572e+06 -2.49055e+06
3750.1  46613.5 -4.66977e+06 -3.79029e+06 3.79714e+08 -6.28142e+06 -2.86153e+06
3800.1  47235 -4.66976e+06 -3.84083e+06 3.79714e+08 -6.37501e+06 -3.23884e+06
3850.1  47856.4 -4.66975e+06 -3.89136e+06 3.79713e+08 -6.44614e+06 -3.62115e+06
3900.1  48477.9 -4.66975e+06 -3.9419e+06 3.79712e+08 -6.49453e+06 -4.00713e+06
3950.1  49099.4 -4.66974e+06 -3.99243e+06 3.79712e+08 -6.52001e+06 -4.39543e+06
4000.1  49720.8 -4.66973e+06 -4.04296e+06 3.79711e+08 -6.52246e+06 -4.78469e+06
4050.1  50342.3 -4.66973e+06 -4.0935e+06 3.79711e+08 -6.50186e+06 -5.17355e+06
4100.1  50963.8 -4.66972e+06 -4.14403e+06 3.7971e+08 -6.45826e+06 -5.56064e+06
4150.1  51585.3 -4.66971e+06 -4.19457e+06 3.7971e+08 -6.39179e+06 -5.9446e+06
4200.1  52206.7 -4.66971e+06 -4.2451e+06 3.79709e+08 -6.30266e+06 -6.32407e+06
4250.1  52828.2 -4.6697e+06 -4.29563e+06 3.79709e+08 -6.19118e+06 -6.69773e+06
4300.1  53449.7 -4.66969e+06 -4.34617e+06 3.79708e+08 -6.05771e+06 -7.06425e+06
4350.1  54071.1 -4.66969e+06 -4.3967e+06 3.79707e+08 -5.90272e+06 -7.42232e+06
4400.1  54692.6 -4.66968e+06 -4.44723e+06 3.79707e+08 -5.72672e+06 -7.7707e+06
4450.1  55314.1 -4.66967e+06 -4.49777e+06 3.79706e+08 -5.53032e+06 -8.10813e+06
4500.1  55935.5 -4.66966e+06 -4.5483e+06 3.79706e+08 -5.3142e+06 -8.43342e+06
4550.1  56557 -4.66966e+06 -4.59883e+06 3.79705e+08 -5.07911e+06 -8.74542e+06
4600.1  57178.4 -4.66965e+06 -4.64937e+06 3.79704e+08 -4.82587e+06 -9.04301e+06
4650.1  57799.9 -4.66964e+06 -4.6999e+06 3.79704e+08 -4.55536e+06 -9.32513e+06
4700.1  58421.4 -4.66963e+06 -4.75043e+06 3.79703e+08 -4.26853e+06 -9.59077e+06
4750.1  59042.8 -4.66963e+06 -4.80096e+06 3.79703e+08 -3.96637e+06 -9.839e+06
4800.1  59664.3 -4.66962e+06 -4.8515e+06 3.79702e+08 -3.64995e+06 -1.00689e+07
4850.1  60285.7 -4.66961e+06 -4.90203e+06 3.79701e+08 -3.32039e+06 -1.02797e+07
4900.1  60907.2 -4.6696e+06 -4.95256e+06 3.79701e+08 -2.97885e+06 -1.04706e+07
4950.1  61528.6 -4.66959e+06 -5.00309e+06 3.797e+08 -2.62652e+06 -1.06409e+07
5000.1  62150.1 -4.66959e+06 -5.05363e+06 3.79699e+08 -2.26465e+06 -1.079e+07
5050.1  62771.5 -4.66958e+06 -5.10416e+06 3.79699e+08 -1.89453e+06 -1.09174e+07
5100.1  63393 -4.66957e+06 -5.15469e+06 3.79698e+08 -1.51746e+06 -1.10227e+07
5150.1  64014.4 -4.66956e+06 -5.20522e+06 3.79697e+08 -1.13478e+06 -1.11053e+07
5200.1  64635.9 -4.66955e+06 -5.25576e+06 3.79697e+08 -747843 -1.11651e+07
5250.1  65257.3 -4.66954e+06 -5.30629e+06 3.79696e+08 -358019 -1.12019e+07
5300.1  65878.8 -4.66953e+06 -5.35682e+06 3.79695e+08 33308.1 -1.12155e+07
5350.1  66500.2 -4.66953e+06 -5.40735e+06 3.79694e+08 424751 -1.12058e+07
5400.1  67121.7 -4.66952e+06 -5.45788e+06 3.79694e+08 814922 -1.11728e+07
5450.1  67743.1 -4.66951e+06 -5.50841e+06 3.79693e+08 1.20244e+06 -1.11168e+07
5500.1  68364.5 -4.6695e+06 -5.55895e+06 3.79692e+08 1.58592e+06 -1.10379e+07
5550.1  68986 -4.66949e+06 -5.60948e+06 3.79691e+08 1.96402e+06 -1.09364e+07
5600.1  69607.4 -4.66948e+06 -5.66001e+06 3.79691e+08 2.33539e+06 -1.08127e+07
5650.1  70228.9 -4.66947e+06 -5.71054e+06 3.7969e+08 2.69872e+06 -1.06671e+07
5700.1  70850.3 -4.66946e+06 -5.76107e+06 3.79689e+08 3.05272e+06 -1.05003e+07
5750.1  71471.7 -4.66945e+06 -5.8116e+06 3.79688e+08 3.39615e+06 -1.03127e+07
5800.1  72093.2 -4.66944e+06 -5.86213e+06 3.79688e+08 3.72779e+06 -1.01052e+07
5850.1  72714.6 -4.66943e+06 -5.91266e+06 3.79687e+08 4.04647e+06 -9.8784e+06
5900.1  73336 -4.66942e+06 -5.96319e+06 3.79686e+08 4.35108e+06 -9.63315e+06
5950.1  73957.5 -4.66941e+06 -6.01372e+06 3.79685e+08 4.64054e+06 -9.37033e+06
6000.1  74578.9 -4.6694e+06 -6.06425e+06 3.79684e+08 4.91384e+06 -9.09087e+06
6050.1  75200.3 -4.66939e+06 -6.11478e+06 3.79684e+08 5.17002e+06 -8.79576e+06
6100.1  75821.7 -4.66938e+06 -6.16531e+06 3.79683e+08 5.40819e+06 -8.48607e+06
6150.1  76443.2 -4.66937e+06 -6.21584e+06 3.79682e+08 5.62752e+06 -8.1629e+06
6200.1  77064.6 -4.66936e+06 -6.26637e+06 3.79681e+08 5.82726e+06 -7.82739e+06
6250.1  77686 -4.66935e+06 -6.3169e+06 3.7968e+08 6.0067e+06 -7.48074e+06
6300.1  78307.4 -4.66934e+06 -6.36743e+06 3.79679e+08 6.16523e+06 -7.12417e+06
6350.1  78928.8 -4.66933e+06 -6.41796e+06 3.79679e+08 6.30232e+06 -6.75896e+06
6400.1  79550.3 -4.66932e+06 -6.46849e+06 3.79678e+08 6.41749e+06 -6.38638e+06
6450.1  80171.7 -4.66931e+06 -6.51902e+06 3.79677e+08 6.51036e+06 -6.00776e+06
6500.1  80793.1 -4.6693e+06 -6.56955e+06 3.79676e+08 6.58063e+06 -5.62444e+06
6550.1  81414.5 -4.66929e+06 -6.62008e+06 3.79675e+08 6.62805e+06 -5.23776e+06
6600.1  82035.9 -4.66928e+06 -6.67061e+06 3.79674e+08 6.65249e+06 -4.84908e+06
6650.1  82657.3 -4.66927e+06 -6.72114e+06 3.79673e+08 6.65388e+06 -4.45978e+06
6700.1  83278.7 -4.66926e+06 -6.77167e+06 3.79672e+08 6.63223e+06 -4.07121e+06
6750.1  83900.1 -4.66924e+06 -6.8222e+06 3.79672e+08 6.58764e+06 -3.68473e+06
6800.1  84521.5 -4.66923e+06 -6.87272e+06 3.79671e+08 6.52029e+06 -3.30169e+06
6850.1  85142.9 -4.66922e+06 -6.92325e+06 3.7967e+08 6.43042e+06 -2.92345e+06
6900.1  85764.3 -4.66921e+06 -6.97378e+06 3.79669e+08 6.31838e+06 -2.5513e+06
6950.1  86385.7 -4.6692e+06 -7.02431e+06 3.79668e+08 6.18456e+06 -2.18655e+06
7000.1  87007.1 -4.66919e+06 -7.07484e+06 3.79667e+08 6.02946e+06 -1.83046e+06
7050.1  87628.5 -4.66918e+06 -7.12536e+06 3.79666e+08 5.85364e+06 -1.48428e+06
7100.1  88249.9 -4.66916e+06 -7.17589e+06 3.79665e+08 5.65771e+06 -1.1492e+06
7150.1  88871.3 -4.66915e+06 -7.22642e+06 3.79664e+08 5.44239e+06 -826377
7200.1  89492.7 -4.66914e+06 -7.27695e+06 3.79663e+08 5.20843e+06 -516933
7250.1  90114.1 -4.66913e+06 -7.32747e+06 3.79662e+08 4.95665e+06 -221934
7300.1  90735.5 -4.66912e+06 -7.378e+06 3.79661e+08 4.68796e+06 57600.1
7350.1  91356.9 -4.6691e+06 -7.42853e+06 3.7966e+08 4.40329e+06 320708
7400.1  91978.3 -4.66909e+06 -7.47906e+06 3.79659e+08 4.10364e+06 566484
7450.1  92599.7 -4.66908e+06 -7.52958e+06 3.79658e+08 3.79007e+06 794082
7500.1  93221.1 -4.66907e+06 -7.58011e+06 3.79657e+08 3.46366e+06 1.00272e+06
7550.1  93842.4 -4.66905e+06 -7.63064e+06 3.79656e+08 3.12556e+06 1.19169e+06
7600.1  94463.8 -4.66904e+06 -7.68116e+06 3.79655e+08 2.77694e+06 1.36033e+06
7650.1  95085.2 -4.66903e+06 -7.73169e+06 3.79654e+08 2.41903e+06 1.50807e+06
7700.1  95706.6 -4.66902e+06 -7.78222e+06 3.79653e+08 2.05306e+06 1.6344e+06
7750.1  96327.9 -4.669e+06 -7.83274e+06 3.79652e+08 1.68032e+06 1.73889e+06
7800.1  96949.3 -4.66899e+06 -7.88327e+06 3.79651e+08 1.30208e+06 1.82118e+06
7850.1  97570.7 -4.66898e+06 -7.93379e+06 3.7965e+08 919671 1.881e+06
7900.1  98192.1 -4.66896e+06 -7.98432e+06 3.79649e+08 534414 1.91813e+06
7950.1  98813.4 -4.66895e+06 -8.03484e+06 3.79648e+08 147646 1.93245e+06
8000.1  99434.8 -4.66894e+06 -8.08537e+06 3.79647e+08 -239290 1.92391e+06
8050.1  100056 -4.66892e+06 -8.13589e+06 3.79646e+08 -625054 1.89254e+06
8100.1  100678 -4.66891e+06 -8.18642e+06 3.79645e+08 -1.00831e+06 1.83845e+06
8150.1  101299 -4.6689e+06 -8.23694e+06 3.79643e+08 -1.38772e+06 1.76183e+06
8200.1  101920 -4.66888e+06 -8.28747e+06 3.79642e+08 -1.76197e+06 1.66292e+06
8250.1  102542 -4.66887e+06 -8.33799e+06 3.79641e+08 -2.12977e+06 1.54208e+06
8300.1  103163 -4.66886e+06 -8.38852e+06 3.7964e+08 -2.48983e+06 1.39971e+06
8350.1  103784 -4.66884e+06 -8.43904e+06 3.79639e+08 -2.8409e+06 1.23631e+06
8400.1  104406 -4.66883e+06 -8.48957e+06 3.79638e+08 -3.18176e+06 1.05244e+06
8450.1  105027 -4.66882e+06 -8.54009e+06 3.79637e+08 -3.51122e+06 848717
8500.1  105648 -4.6688e+06 -8.59061e+06 3.79636e+08 -3.82814e+06 625849
8550.1  106270 -4.66879e+06 -8.64114e+06 3.79634e+08 -4.13139e+06 384602
8600.1  106891 -4.66877e+06 -8.69166e+06 3.79633e+08 -4.41993e+06 125803
8650.1  107512 -4.66876e+06 -8.74219e+06 3.79632e+08 -4.69274e+06 -149656
8700.1  108134 -4.66874e+06 -8.79271e+06 3.79631e+08 -4.94886e+06 -440826
8750.1  108755 -4.66873e+06 -8.84323e+06 3.7963e+08 -5.18739e+06 -746703
8800.1  109376 -4.66872e+06 -8.89375e+06 3.79629e+08 -5.40749e+06 -1.06623e+06
8850.1  109998 -4.6687e+06 -8.94428e+06 3.79627e+08 -5.60837e+06 -1.39831e+06
8900.1  110619 -4.66869e+06 -8.9948e+06 3.79626e+08 -5.78932e+06 -1.74178e+06
8950.1  111240 -4.66867e+06 -9.04532e+06 3.79625e+08 -5.94969e+06 -2.09546e+06
9000.1  111862 -4.66866e+06 -9.09584e+06 3.79624e+08 -6.08892e+06 -2.45812e+06
9050.1  112483 -4.66864e+06 -9.14637e+06 3.79623e+08 -6.20649e+06 -2.8285e+06
9100.1  113104 -4.66863e+06 -9.19689e+06 3.79621e+08 -6.30198e+06 -3.2053e+06
9150.1  113726 -4.66861e+06 -9.24741e+06 3.7962e+08 -6.37503e+06 -3.58723e+06
9200.1  114347 -4.6686e+06 -9.29793e+06 3.79619e+08 -6.42537e+06 -3.97294e+06
9250.1  114968 -4.66858e+06 -9.34845e+06 3.79618e+08 -6.45281e+06 -4.36109e+06
9300.1  115590 -4.66857e+06 -9.39898e+06 3.79616e+08 -6.45723e+06 -4.75031e+06
9350.1  116211 -4.66855e+06 -9.4495e+06 3.79615e+08 -6.4386e+06 -5.13925e+06
9400.1  116832 -4.66853e+06 -9.50002e+06 3.79614e+08 -6.39695e+06 -5.52653e+06
9450.1  117454 -4.66852e+06 -9.55054e+06 3.79613e+08 -6.33242e+06 -5.9108e+06
9500.1  118075 -4.6685e+06 -9.60106e+06 3.79611e+08 -6.24522e+06 -6.29071e+06
9550.1  118696 -4.66849e+06 -9.65158e+06 3.7961e+08 -6.13563e+06 -6.6649e+06
9600.1  119318 -4.66847e+06 -9.7021e+06 3.79609e+08 -6.00403e+06 -7.03207e+06
9650.1  119939 -4.66846e+06 -9.75262e+06 3.79607e+08 -5.85085e+06 -7.39091e+06
9700.1  120560 -4.66844e+06 -9.80314e+06 3.79606e+08 -5.67661e+06 -7.74015e+06
9750.1  121181 -4.66842e+06 -9.85366e+06 3.79605e+08 -5.48193e+06 -8.07855e+06
9800.1  121803 -4.66841e+06 -9.90418e+06 3.79603e+08 -5.26747e+06 -8.40492e+06
9850.1  122424 -4.66839e+06 -9.9547e+06 3.79602e+08 -5.03397e+06 -8.71808e+06
9900.1  123045 -4.66837e+06 -1.00052e+07 3.79601e+08 -4.78224e+06 -9.01694e+06
9950.1  123667 -4.66836e+06 -1.00557e+07 3.79599e+08 -4.51317e+06 -9.30041e+06
10000.1  124288 -4.66834e+06 -1.01063e+07 3.79598e+08 -4.22769e+06 -9.56749e+06
10050.1  124909 -4.66832e+06 -1.01568e+07 3.79597e+08 -3.9268e+06 -9.81722e+06
10100.1  125530 -4.66831e+06 -1.02073e+07 3.79595e+08 -3.61155e+06 -1.00487e+07
10150.1  126152 -4.66829e+06 -1.02578e+07 3.79594e+08 -3.28307e+06 -1.02612e+07
10200.1  126773 -4.66827e+06 -1.03083e+07 3.79593e+08 -2.9425e+06 -1.04538e+07
10250.1  127394 -4.66826e+06 -1.03588e+07 3.79591e+08 -2.59104e+06 -1.06258e+07
10300.1  128016 -4.66824e+06 -1.04094e+07 3.7959e+08 -2.22994e+06 -1.07768e+07
10350.1  128637 -4.66822e+06 -1.04599e+07 3.79589e+08 -1.86048e+06 -1.09061e+07
10400.1  129258 -4.66821e+06 -1.05104e+07 3.79587e+08 -1.48395e+06 -1.10132e+07
10450.1  129879 -4.66819e+06 -1.05609e+07 3.79586e+08 -1.10169e+06 -1.10978e+07
10500.1  130501 -4.66817e+06 -1.06114e+07 3.79584e+08 -715064 -1.11596e+07
10550.1  131122 -4.66815e+06 -1.0662e+07 3.79583e+08 -325432 -1.11983e+07
10600.1  131743 -4.66814e+06 -1.07125e+07 3.79581e+08 65820.6 -1.12138e+07
10650.1  132364 -4.66812e+06 -1.0763e+07 3.7958e+08 457308 -1.12061e+07
10700.1  132986 -4.6681e+06 -1.08135e+07 3.79579e+08 847641 -1.11751e+07
10750.1  133607 -4.66808e+06 -1.0864e+07 3.79577e+08 1.23544e+06 -1.11211e+07
10800.1  134228 -4.66806e+06 -1.09145e+07 3.79576e+08 1.61932e+06 -1.10441e+07
10850.1  134849 -4.66805e+06 -1.0965e+07 3.79574e+08 1.99793e+06 -1.09445e+07
10900.1  135471 -4.66803e+06 -1.10156e+07 3.79573e+08 2.36992e+06 -1.08226e+07
10950.1  136092 -4.66801e+06 -1.10661e+07 3.79571e+08 2.73399e+06 -1.06789e+07
11000.1  136713 -4.66799e+06 -1.11166e+07 3.7957e+08 3.08884e+06 -1.05138e+07
11050.1  137334 -4.66797e+06 -1.11671e+07 3.79568e+08 3.43321e+06 -1.0328e+07
11100.1  137956 -4.66796e+06 -1.12176e+07 3.79567e+08 3.76591e+06 -1.01222e+07
11150.1  138577 -4.66794e+06 -1.12681e+07 3.79565e+08 4.08574e+06 -9.89699e+06
11200.1  139198 -4.66792e+06 -1.13187e+07 3.79564e+08 4.39159e+06 -9.65327e+06
11250.1  139819 -4.6679e+06 -1.13692e+07 3.79562e+08 4.68238e+06 -9.3919e+06
11300.1  140441 -4.66788e+06 -1.14197e+07 3.79561e+08 4.9571e+06 -9.11381e+06
11350.1  141062 -4.66786e+06 -1.14702e+07 3.79559e+08 5.21477e+06 -8.81999e+06
11400.1  141683 -4.66784e+06 -1.15207e+07 3.79558e+08 5.45451e+06 -8.51149e+06
11450.1  142304 -4.66783e+06 -1.15712e+07 3.79556e+08 5.67548e+06 -8.18942e+06
11500.1  142925 -4.66781e+06 -1.16217e+07 3.79555e+08 5.87691e+06 -7.85491e+06
11550.1  143547 -4.66779e+06 -1.16722e+07 3.79553e+08 6.05811e+06 -7.50915e+06
11600.1  144168 -4.66777e+06 -1.17228e+07 3.79552e+08 6.21845e+06 -7.15337e+06
11650.1  144789 -4.66775e+06 -1.17733e+07 3.7955e+08 6.35739e+06 -6.78883e+06
11700.1  145410 -4.66773e+06 -1.18238e+07 3.79548e+08 6.47445e+06 -6.41682e+06
11750.1  146031 -4.66771e+06 -1.18743e+07 3.79547e+08 6.56923e+06 -6.03866e+06
11800.1  146653 -4.66769e+06 -1.19248e+07 3.79545e+08 6.64143e+06 -5.65568e+06
11850.1  147274 -4.66767e+06 -1.19753e+07 3.79544e+08 6.69081e+06 -5.26922e+06
11900.1  147895 -4.66765e+06 -1.20258e+07 3.79542e+08 6.71722e+06 -4.88066e+06
11950.1  148516 -4.66763e+06 -1.20763e+07 3.7954e+08 6.72057e+06 -4.49134e+06
12000.1  149137 -4.66761e+06 -1.21269e+07 3.79539e+08 6.70089e+06 -4.10264e+06
12050.1  149759 -4.66759e+06 -1.21774e+07 3.79537e+08 6.65825e+06 -3.71592e+06
12100.1  150380 -4.66757e+06 -1.22279e+07 3.79536e+08 6.59283e+06 -3.33254e+06
12150.1  151001 -4.66755e+06 -1.22784e+07 3.79534e+08 6.50487e+06 -2.95382e+06
12200.1  151622 -4.66753e+06 -1.23289e+07 3.79532e+08 6.3947e+06 -2.58109e+06
12250.1  152243 -4.66751e+06 -1.23794e+07 3.79531e+08 6.26273e+06 -2.21565e+06
12300.1  152865 -4.66749e+06 -1.24299e+07 3.79529e+08 6.10942e+06 -1.85877e+06
12350.1  153486 -4.66747e+06 -1.24804e+07 3.79527e+08 5.93534e+06 -1.51169e+06
12400.1  154107 -4.66745e+06 -1.25309e+07 3.79526e+08 5.7411e+06 -1.1756e+06
12450.1  154728 -4.66743e+06 -1.25814e+07 3.79524e+08 5.5274e+06 -851683
12500.1  155349 -4.66741e+06 -1.2632e+07 3.79522e+08 5.295e+06 -541046
12550.1  155970 -4.66739e+06 -1.26825e+07 3.79521e+08 5.04471e+06 -244767
12600.1  156592 -4.66737e+06 -1.2733e+07 3.79519e+08 4.77743e+06 36133.9
12650.1  157213 -4.66735e+06 -1.27835e+07 3.79517e+08 4.49408e+06 300688
12700.1  157834 -4.66732e+06 -1.2834e+07 3.79515e+08 4.19567e+06 547985
12750.1  158455 -4.6673e+06 -1.28845e+07 3.79514e+08 3.88324e+06 777174
12800.1  159076 -4.66728e+06 -1.2935e+07 3.79512e+08 3.55788e+06 987468
12850.1  159697 -4.66726e+06 -1.29855e+07 3.7951e+08 3.22073e+06 1.17815e+06
12900.1  160318 -4.66724e+06 -1.3036e+07 3.79509e+08 2.87297e+06 1.34855e+06
12950.1  160940 -4.66722e+06 -1.30865e+07 3.79507e+08 2.5158e+06 1.4981e+06
13000.1  161561 -4.6672e+06 -1.3137e+07 3.79505e+08 2.15047e+06 1.62629e+06
13050.1  162182 -4.66717e+06 -1.31875e+07 3.79503e+08 1.77825e+06 1.73267e+06
13100.1  162803 -4.66715e+06 -1.3238e+07 3.79502e+08 1.40043e+06 1.81688e+06
13150.1  163424 -4.66713e+06 -1.32885e+07 3.795e+08 1.01833e+06 1.87863e+06
13200.1  164045 -4.66711e+06 -1.33391e+07 3.79498e+08 633260 1.91771e+06
13250.1  164666 -4.66709e+06 -1.33896e+07 3.79496e+08 246569 1.93399e+06
13300.1  165287 -4.66707e+06 -1.34401e+07 3.79494e+08 -140406 1.92741e+06
13350.1  165909 -4.66704e+06 -1.34906e+07 3.79493e+08 -526322 1.89799e+06
13400.1  166530 -4.66702e+06 -1.35411e+07 3.79491e+08 -909841 1.84584e+06
13450.1  167151 -4.667e+06 -1.35916e+07 3.79489e+08 -1.28963e+06 1.77114e+06
13500.1  167772 -4.66698e+06 -1.36421e+07 3.79487e+08 -1.66438e+06 1.67413e+06
13550.1  168393 -4.66695e+06 -1.36926e+07 3.79485e+08 -2.03277e+06 1.55515e+06
13600.1  169014 -4.66693e+06 -1.37431e+07 3.79484e+08 -2.39354e+06 1.41461e+06
13650.1  169635 -4.66691e+06 -1.37936e+07 3.79482e+08 -2.74543e+06 1.25299e+06
13700.1  170256 -4.66689e+06 -1.38441e+07 3.7948e+08 -3.08721e+06 1.07085e+06
13750.1  170877 -4.66686e+06 -1.38946e+07 3.79478e+08 -3.41769e+06 868804
13800.1  171498 -4.66684e+06 -1.39451e+07 3.79476e+08 -3.73572e+06 647550
13850.1  172120 -4.66682e+06 -1.39956e+07 3.79474e+08 -4.04018e+06 407848
13900.1  172741 -4.66679e+06 -1.40461e+07 3.79472e+08 -4.33002e+06 150521
13950.1  173362 -4.66677e+06 -1.40966e+07 3.79471e+08 -4.60421e+06 -123544
14000.1  173983 -4.66675e+06 -1.41471e+07 3.79469e+08 -4.86179e+06 -413403
14050.1  174604 -4.66673e+06 -1.41976e+07 3.79467e+08 -5.10185e+06 -718058
14100.1  175225 -4.6667e+06 -1.42481e+07 3.79465e+08 -5.32355e+06 -1.03646e+06
14150.1  175846 -4.66668e+06 -1.42986e+07 3.79463e+08 -5.5261e+06 -1.3675e+06
14200.1  176467 -4.66665e+06 -1.43491e+07 3.79461e+08 -5.70878e+06 -1.71003e+06
14250.1  177088 -4.66663e+06 -1.43996e+07 3.79459e+08 -5.87093e+06 -2.06288e+06
14300.1  177709 -4.66661e+06 -1.44501e+07 3.79457e+08 -6.01198e+06 -2.42481e+06
14350.1  178330 -4.66658e+06 -1.45006e+07 3.79455e+08 -6.13142e+06 -2.79457e+06
14400.1  178951 -4.66656e+06 -1.45511e+07 3.79453e+08 -6.2288e+06 -3.17088e+06
14450.1  179572 -4.66654e+06 -1.46016e+07 3.79451e+08 -6.30378e+06 -3.55241e+06
14500.1  180193 -4.66651e+06 -1.46521e+07 3.79449e+08 -6.35607e+06 -3.93784e+06
14550.1  180814 -4.66649e+06 -1.47026e+07 3.79447e+08 -6.38547e+06 -4.32582e+06
14600.1  181435 -4.66646e+06 -1.47531e+07 3.79446e+08 -6.39186e+06 -4.715e+06
14650.1  182056 -4.66644e+06 -1.48036e+07 3.79444e+08 -6.37519e+06 -5.10401e+06
14700.1  182677 -4.66642e+06 -1.48541e+07 3.79442e+08 -6.3355e+06 -5.49148e+06
14750.1  183299 -4.66639e+06 -1.49046e+07 3.7944e+08 -6.27292e+06 -5.87605e+06
14800.1  183920 -4.66637e+06 -1.49551e+07 3.79438e+08 -6.18764e+06 -6.25637e+06
14850.1  184541 -4.66634e+06 -1.50056e+07 3.79436e+08 -6.07995e+06 -6.63109e+06
14900.1  185162 -4.66632e+06 -1.50561e+07 3.79434e+08 -5.9502e+06 -6.9989e+06
14950.1  185783 -4.66629e+06 -1.51066e+07 3.79432e+08 -5.79884e+06 -7.35849e+06
15000.1  186404 -4.66627e+06 -1.51571e+07 3.7943e+08 -5.62639e+06 -7.70859e+06
15050.1  187025 -4.66624e+06 -1.52076e+07 3.79428e+08 -5.43342e+06 -8.04796e+06
15100.1  187646 -4.66622e+06 -1.52581e+07 3.79425e+08 -5.22062e+06 -8.37539e+06
15150.1  188267 -4.66619e+06 -1.53086e+07 3.79423e+08 -4.98871e+06 -8.68971e+06
15200.1  188888 -4.66617e+06 -1.53591e+07 3.79421e+08 -4.73851e+06 -8.98982e+06
15250.1  189509 -4.66614e+06 -1.54096e+07 3.79419e+08 -4.47088e+06 -9.27464e+06
15300.1  190130 -4.66612e+06 -1.54601e+07 3.79417e+08 -4.18676e+06 -9.54314e+06
15350.1  190751 -4.66609e+06 -1.55106e+07 3.79415e+08 -3.88714e+06 -9.79439e+06
15400.1  191372 -4.66607e+06 -1.55611e+07 3.79413e+08 -3.57308e+06 -1.00275e+07
15450.1  191993 -4.66604e+06 -1.56115e+07 3.79411e+08 -3.24568e+06 -1.02415e+07
15500.1  192614 -4.66601e+06 -1.5662e+07 3.79409e+08 -2.9061e+06 -1.04359e+07
15550.1  193235 -4.66599e+06 -1.57125e+07 3.79407e+08 -2.55552e+06 -1.06097e+07
15600.1  193855 -4.66596e+06 -1.5763e+07 3.79405e+08 -2.1952e+06 -1.07625e+07
15650.1  194476 -4.66594e+06 -1.58135e+07 3.79403e+08 -1.82639e+06 -1.08936e+07
15700.1  195097 -4.66591e+06 -1.5864e+07 3.79401e+08 -1.45042e+06 -1.10026e+07
15750.1  195718 -4.66588e+06 -1.59145e+07 3.79398e+08 -1.0686e+06 -1.10892e+07
15800.1  196339 -4.66586e+06 -1.5965e+07 3.79396e+08 -682289 -1.11529e+07
15850.1  196960 -4.66583e+06 -1.60155e+07 3.79394e+08 -292860 -1.11936e+07
15900.1  197581 -4.66581e+06 -1.6066e+07 3.79392e+08 98308.5 -1.12111e+07
15950.1  198202 -4.66578e+06 -1.61165e+07 3.7939e+08 489830 -1.12053e+07
16000.1  198823 -4.66575e+06 -1.6167e+07 3.79388e+08 880315 -1.11763e+07
16050.1  199444 -4.66573e+06 -1.62175e+07 3.79386e+08 1.26838e+06 -1.11242e+07
16100.1  200065 -4.6657e+06 -1.62679e+07 3.79383e+08 1.65265e+06 -1.10492e+07
16150.1  200686 -4.66567e+06 -1.63184e+07 3.79381e+08 2.03176e+06 -1.09515e+07
16200.1  201307 -4.66565e+06 -1.63689e+07 3.79379e+08 2.40437e+06 -1.08315e+07
16250.1  201928 -4.66562e+06 -1.64194e+07 3.79377e+08 2.76916e+06 -1.06896e+07
16300.1  202549 -4.66559e+06 -1.64699e+07 3.79375e+08 3.12485e+06 -1.05263e+07
16350.1  203170 -4.66557e+06 -1.65204e+07 3.79372e+08 3.47017e+06 -1.03423e+07
16400.1  203791 -4.66554e+06 -1.65709e+07 3.7937e+08 3.8039e+06 -1.01381e+07
16450.1  204411 -4.66551e+06 -1.66214e+07 3.79368e+08 4.12488e+06 -9.9145e+06
16500.1  205032 -4.66548e+06 -1.66719e+07 3.79366e+08 4.43196e+06 -9.67232e+06
16550.1  205653 -4.66546e+06 -1.67223e+07 3.79364e+08 4.72408e+06 -9.41241e+06
16600.1  206274 -4.66543e+06 -1.67728e+07 3.79361e+08 5.0002e+06 -9.1357e+06
16650.1  206895 -4.6654e+06 -1.68233e+07 3.79359e+08 5.25937e+06 -8.84318e+06
16700.1  207516 -4.66537e+06 -1.68738e+07 3.79357e+08 5.50067e+06 -8.53588e+06
16750.1  208137 -4.66535e+06 -1.69243e+07 3.79355e+08 5.72327e+06 -8.21491e+06
16800.1  208758 -4.66532e+06 -1.69748e+07 3.79352e+08 5.9264e+06 -7.88141e+06
16850.1  209379 -4.66529e+06 -1.70253e+07 3.7935e+08 6.10935e+06 -7.53655e+06
16900.1  210000 -4.66526e+06 -1.70757e+07 3.79348e+08 6.27149e+06 -7.18157e+06
16950.1  210620 -4.66523e+06 -1.71262e+07 3.79346e+08 6.41227e+06 -6.81772e+06
17000.1  211241 -4.66521e+06 -1.71767e+07 3.79343e+08 6.53121e+06 -6.44629e+06
17050.1  211862 -4.66518e+06 -1.72272e+07 3.79341e+08 6.62791e+06 -6.06859e+06
17100.1  212483 -4.66515e+06 -1.72777e+07 3.79339e+08 6.70205e+06 -5.68596e+06
17150.1  213104 -4.66512e+06 -1.73282e+07 3.79336e+08 6.75338e+06 -5.29974e+06
17200.1  213725 -4.66509e+06 -1.73787e+07 3.79334e+08 6.78175e+06 -4.91129e+06
17250.1  214346 -4.66506e+06 -1.74291e+07 3.79332e+08 6.78707e+06 -4.52198e+06
17300.1  214966 -4.66504e+06 -1.74796e+07 3.79329e+08 6.76935e+06 -4.13316e+06
17350.1  215587 -4.66501e+06 -1.75301e+07 3.79327e+08 6.72866e+06 -3.74621e+06
17400.1  216208 -4.66498e+06 -1.75806e+07 3.79325e+08 6.66517e+06 -3.36248e+06
17450.1  216829 -4.66495e+06 -1.76311e+07 3.79322e+08 6.57912e+06 -2.98331e+06
17500.1  217450 -4.66492e+06 -1.76816e+07 3.7932e+08 6.47084e+06 -2.61001e+06
17550.1  218071 -4.66489e+06 -1.7732e+07 3.79318e+08 6.3407e+06 -2.24389e+06
17600.1  218691 -4.66486e+06 -1.77825e+07 3.79315e+08 6.1892e+06 -1.88622e+06
17650.1  219312 -4.66483e+06 -1.7833e+07 3.79313e+08 6.01686e+06 -1.53824e+06
17700.1  219933 -4.6648e+06 -1.78835e+07 3.79311e+08 5.82432e+06 -1.20117e+06
17750.1  220554 -4.66477e+06 -1.7934e+07 3.79308e+08 5.61225e+06 -876154
17800.1  221175 -4.66474e+06 -1.79844e+07 3.79306e+08 5.38141e+06 -564333
17850.1  221795 -4.66471e+06 -1.80349e+07 3.79303e+08 5.13262e+06 -266780
17900.1  222416 -4.66469e+06 -1.80854e+07 3.79301e+08 4.86674e+06 15480.2
17950.1  223037 -4.66466e+06 -1.81359e+07 3.79298e+08 4.58473e+06 281474
18000.1  223658 -4.66463e+06 -1.81864e+07 3.79296e+08 4.28756e+06 530286
18050.1  224279 -4.6646e+06 -1.82368e+07 3.79294e+08 3.97629e+06 761060
18100.1  224899 -4.66457e+06 -1.82873e+07 3.79291e+08 3.65199e+06 973004
18150.1  225520 -4.66454e+06 -1.83378e+07 3.79289e+08 3.3158e+06 1.16539e+06
18200.1  226141 -4.66451e+06 -1.83883e+07 3.79286e+08 2.96889e+06 1.33756e+06
18250.1  226762 -4.66448e+06 -1.84387e+07 3.79284e+08 2.61248e+06 1.48892e+06
18300.1  227383 -4.66444e+06 -1.84892e+07 3.79281e+08 2.2478e+06 1.61895e+06
18350.1  228003 -4.66441e+06 -1.85397e+07 3.79279e+08 1.87611e+06 1.72721e+06
18400.1  228624 -4.66438e+06 -1.85902e+07 3.79276e+08 1.49872e+06 1.81334e+06
18450.1  229245 -4.66435e+06 -1.86406e+07 3.79274e+08 1.11693e+06 1.87702e+06
18500.1  229866 -4.66432e+06 -1.86911e+07 3.79271e+08 732062 1.91805e+06
18550.1  230486 -4.66429e+06 -1.87416e+07 3.79269e+08 345457 1.93629e+06
18600.1  231107 -4.66426e+06 -1.87921e+07 3.79266e+08 -41546.2 1.93167e+06
18650.1  231728 -4.66423e+06 -1.88425e+07 3.79264e+08 -427605 1.9042e+06
18700.1  232349 -4.6642e+06 -1.8893e+07 3.79261e+08 -811381 1.854e+06
18750.1  232969 -4.66417e+06 -1.89435e+07 3.79259e+08 -1.19154e+06 1.78121e+06
18800.1  233590 -4.66414e+06 -1.8994e+07 3.79256e+08 -1.56677e+06 1.68611e+06
18850.1  234211 -4.66411e+06 -1.90444e+07 3.79254e+08 -1.93576e+06 1.569e+06
18900.1  234831 -4.66407e+06 -1.90949e+07 3.79251e+08 -2.29723e+06 1.43029e+06
18950.1  235452 -4.66404e+06 -1.91454e+07 3.79249e+08 -2.64992e+06 1.27046e+06
19000.1  236073 -4.66401e+06 -1.91959e+07 3.79246e+08 -2.99261e+06 1.09005e+06
19050.1  236694 -4.66398e+06 -1.92463e+07 3.79244e+08 -3.3241e+06 889684
19100.1  237314 -4.66395e+06 -1.92968e+07 3.79241e+08 -3.64324e+06 670048
19150.1  237935 -4.66392e+06 -1.93473e+07 3.79238e+08 -3.9489e+06 431897
19200.1  238556 -4.66389e+06 -1.93977e+07 3.79236e+08 -4.24002e+06 176049
19250.1  239176 -4.66385e+06 -1.94482e+07 3.79233e+08 -4.51559e+06 -96615.6
19300.1  239797 -4.66382e+06 -1.94987e+07 3.79231e+08 -4.77462e+06 -385157
19350.1  240418 -4.66379e+06 -1.95492e+07 3.79228e+08 -5.01621e+06 -688581
19400.1  241038 -4.66376e+06 -1.95996e+07 3.79225e+08 -5.23951e+06 -1.00584e+06
19450.1  241659 -4.66372e+06 -1.96501e+07 3.79223e+08 -5.44372e+06 -1.33584e+06
19500.1  242280 -4.66369e+06 -1.97006e+07 3.7922e+08 -5.62812e+06 -1.67743e+06
19550.1  242900 -4.66366e+06 -1.9751e+07 3.79218e+08 -5.79205e+06 -2.02944e+06
19600.1  243521 -4.66363e+06 -1.98015e+07 3.79215e+08 -5.93492e+06 -2.39064e+06
19650.1  244142 -4.6636e+06 -1.9852e+07 3.79212e+08 -6.05622e+06 -2.75977e+06
19700.1  244762 -4.66356e+06 -1.99024e+07 3.7921e+08 -6.1555e+06 -3.13556e+06
19750.1  245383 -4.66353e+06 -1.99529e+07 3.79207e+08 -6.2324e+06 -3.51669e+06
19800.1  246004 -4.6635e+06 -2.00034e+07 3.79204e+08 -6.28664e+06 -3.90183e+06
19850.1  246624 -4.66346e+06 -2.00538e+07 3.79202e+08 -6.318e+06 -4.28964e+06
19900.1  247245 -4.66343e+06 -2.01043e+07 3.79199e+08 -6.32635e+06 -4.67876e+06
19950.1  247866 -4.6634e+06 -2.01548e+07 3.79196e+08 -6.31164e+06 -5.06782e+06
20000.1  248486 -4.66337e+06 -2.02052e+07 3.79194e+08 -6.27392e+06 -5.45547e+06
20050.1  249107 -4.66333e+06 -2.02557e+07 3.79191e+08 -6.21328e+06 -5.84033e+06
20100.1  249727 -4.6633e+06 -2.03062e+07 3.79188e+08 -6.12993e+06 -6.22106e+06
20150.1  250348 -4.66327e+06 -2.03566e+07 3.79185e+08 -6.02414e+06 -6.5963e+06
20200.1  250969 -4.66323e+06 -2.04071e+07 3.79183e+08 -5.89626e+06 -6.96474e+06
20250.1  251589 -4.6632e+06 -2.04576e+07 3.7918e+08 -5.74673e+06 -7.32508e+06
20300.1  252210 -4.66316e+06 -2.0508e+07 3.79177e+08 -5.57605e+06 -7.67602e+06
20350.1  252830 -4.66313e+06 -2.05585e+07 3.79175e+08 -5.38481e+06 -8.01635e+06
20400.1  253451 -4.6631e+06 -2.06089e+07 3.79172e+08 -5.17367e+06 -8.34483e+06
20450.1  254072 -4.66306e+06 -2.06594e+07 3.79169e+08 -4.94336e+06 -8.66031e+06
20500.1  254692 -4.66303e+06 -2.07099e+07 3.79166e+08 -4.69469e+06 -8.96166e+06
20550.1  255313 -4.663e+06 -2.07603e+07 3.79164e+08 -4.42851e+06 -9.24781e+06
20600.1  255933 -4.66296e+06 -2.08108e+07 3.79161e+08 -4.14576e+06 -9.51774e+06
20650.1  256554 -4.66293e+06 -2.08612e+07 3.79158e+08 -3.84742e+06 -9.77049e+06
20700.1  257175 -4.66289e+06 -2.09117e+07 3.79155e+08 -3.53455e+06 -1.00051e+07
20750.1  257795 -4.66286e+06 -2.09622e+07 3.79152e+08 -3.20825e+06 -1.02209e+07
20800.1  258416 -4.66282e+06 -2.10126e+07 3.7915e+08 -2.86966e+06 -1.04169e+07
20850.1  259036 -4.66279e+06 -2.10631e+07 3.79147e+08 -2.51997e+06 -1.05925e+07
20900.1  259657 -4.66275e+06 -2.11135e+07 3.79144e+08 -2.16043e+06 -1.07471e+07
20950.1  260277 -4.66272e+06 -2.1164e+07 3.79141e+08 -1.7923e+06 -1.08801e+07
21000.1  260898 -4.66269e+06 -2.12145e+07 3.79138e+08 -1.41688e+06 -1.0991e+07
21050.1  261518 -4.66265e+06 -2.12649e+07 3.79135e+08 -1.03551e+06 -1.10794e+07
21100.1  262139 -4.66262e+06 -2.13154e+07 3.79133e+08 -649530 -1.11451e+07
21150.1  262759 -4.66258e+06 -2.13658e+07 3.7913e+08 -260314 -1.11877e+07
21200.1  263380 -4.66255e+06 -2.14163e+07 3.79127e+08 130760 -1.12072e+07
21250.1  264000 -4.66251e+06 -2.14667e+07 3.79124e+08 522304 -1.12034e+07
21300.1  264621 -4.66247e+06 -2.15172e+07 3.79121e+08 912932 -1.11764e+07
21350.1  265241 -4.66244e+06 -2.15677e+07 3.79118e+08 1.30126e+06 -1.11263e+07
21400.1  265862 -4.6624e+06 -2.16181e+07 3.79115e+08 1.6859e+06 -1.10532e+07
21450.1  266482 -4.66237e+06 -2.16686e+07 3.79113e+08 2.06551e+06 -1.09574e+07
21500.1  267103 -4.66233e+06 -2.1719e+07 3.7911e+08 2.43872e+06 -1.08393e+07
21550.1  267723 -4.6623e+06 -2.17695e+07 3.79107e+08 2.80423e+06 -1.06992e+07
21600.1  268344 -4.66226e+06 -2.18199e+07 3.79104e+08 3.16074e+06 -1.05377e+07
21650.1  268964 -4.66223e+06 -2.18704e+07 3.79101e+08 3.50699e+06 -1.03554e+07
21700.1  269585 -4.66219e+06 -2.19208e+07 3.79098e+08 3.84176e+06 -1.01529e+07
21750.1  270205 -4.66215e+06 -2.19713e+07 3.79095e+08 4.16387e+06 -9.93095e+06
21800.1  270826 -4.66212e+06 -2.20217e+07 3.79092e+08 4.47218e+06 -9.69032e+06
21850.1  271446 -4.66208e+06 -2.20722e+07 3.79089e+08 4.76561e+06 -9.43188e+06
21900.1  272067 -4.66205e+06 -2.21226e+07 3.79086e+08 5.04314e+06 -9.15655e+06
21950.1  272687 -4.66201e+06 -2.21731e+07 3.79083e+08 5.30379e+06 -8.86533e+06
22000.1  273308 -4.66197e+06 -2.22235e+07 3.7908e+08 5.54665e+06 -8.55924e+06
22050.1  273928 -4.66194e+06 -2.2274e+07 3.79077e+08 5.77088e+06 -8.23938e+06
22100.1  274548 -4.6619e+06 -2.23244e+07 3.79074e+08 5.97569e+06 -7.90689e+06
22150.1  275169 -4.66186e+06 -2.23749e+07 3.79071e+08 6.16039e+06 -7.56295e+06
22200.1  275789 -4.66183e+06 -2.24253e+07 3.79068e+08 6.32433e+06 -7.20877e+06
22250.1  276410 -4.66179e+06 -2.24758e+07 3.79065e+08 6.46695e+06 -6.84562e+06
22300.1  277030 -4.66175e+06 -2.25262e+07 3.79062e+08 6.58777e+06 -6.47478e+06
22350.1  277650 -4.66171e+06 -2.25767e+07 3.79059e+08 6.68638e+06 -6.09756e+06
22400.1  278271 -4.66168e+06 -2.26271e+07 3.79056e+08 6.76245e+06 -5.71528e+06
22450.1  278891 -4.66164e+06 -2.26776e+07 3.79053e+08 6.81573e+06 -5.32931e+06
22500.1  279512 -4.6616e+06 -2.2728e+07 3.7905e+08 6.84606e+06 -4.94099e+06
22550.1  280132 -4.66157e+06 -2.27785e+07 3.79047e+08 6.85335e+06 -4.55168e+06
22600.1  280752 -4.66153e+06 -2.28289e+07 3.79044e+08 6.83759e+06 -4.16277e+06
22650.1  281373 -4.66149e+06 -2.28793e+07 3.79041e+08 6.79886e+06 -3.7756e+06
22700.1  281993 -4.66145e+06 -2.29298e+07 3.79038e+08 6.73731e+06 -3.39153e+06
22750.1  282614 -4.66142e+06 -2.29802e+07 3.79035e+08 6.65317e+06 -3.0119e+06
22800.1  283234 -4.66138e+06 -2.30307e+07 3.79032e+08 6.54677e+06 -2.63804e+06
22850.1  283854 -4.66134e+06 -2.30811e+07 3.79029e+08 6.41848e+06 -2.27125e+06
22900.1  284475 -4.6613e+06 -2.31316e+07 3.79026e+08 6.26878e+06 -1.91281e+06
22950.1  285095 -4.66126e+06 -2.3182e+07 3.79023e+08 6.0982e+06 -1.56395e+06
23000.1  285715 -4.66123e+06 -2.32325e+07 3.7902e+08 5.90735e+06 -1.22588e+06
23050.1  286336 -4.66119e+06 -2.32829e+07 3.79017e+08 5.69692e+06 -899790
23100.1  286956 -4.66115e+06 -2.33333e+07 3.79013e+08 5.46765e+06 -586793
23150.1  287576 -4.66111e+06 -2.33838e+07 3.7901e+08 5.22035e+06 -287973
23200.1  288197 -4.66107e+06 -2.34342e+07 3.79007e+08 4.9559e+06 -4360.8
23250.1  288817 -4.66103e+06 -2.34847e+07 3.79004e+08 4.67522e+06 263066
23300.1  289437 -4.661e+06 -2.35351e+07 3.79001e+08 4.37931e+06 513386
23350.1  290058 -4.66096e+06 -2.35855e+07 3.78998e+08 4.06919e+06 745740
23400.1  290678 -4.66092e+06 -2.3636e+07 3.78995e+08 3.74596e+06 959328
23450.1  291298 -4.66088e+06 -2.36864e+07 3.78992e+08 3.41074e+06 1.15342e+06
23500.1  291918 -4.66084e+06 -2.37368e+07 3.78988e+08 3.0647e+06 1.32734e+06
23550.1  292539 -4.6608e+06 -2.37873e+07 3.78985e+08 2.70905e+06 1.48051e+06
23600.1  293159 -4.66076e+06 -2.38377e+07 3.78982e+08 2.34502e+06 1.61239e+06
23650.1  293779 -4.66072e+06 -2.38882e+07 3.78979e+08 1.97389e+06 1.72253e+06
23700.1  294400 -4.66068e+06 -2.39386e+07 3.78976e+08 1.59693e+06 1.81056e+06
23750.1  295020 -4.66064e+06 -2.3989e+07 3.78972e+08 1.21546e+06 1.87618e+06
23800.1  295640 -4.66061e+06 -2.40395e+07 3.78969e+08 830806 1.91916e+06
23850.1  296260 -4.66057e+06 -2.40899e+07 3.78966e+08 444296 1.93935e+06
23900.1  296881 -4.66053e+06 -2.41403e+07 3.78963e+08 57273.9 1.93669e+06
23950.1  297501 -4.66049e+06 -2.41908e+07 3.7896e+08 -328919 1.91118e+06
24000.1  298121 -4.66045e+06 -2.42412e+07 3.78956e+08 -712942 1.86292e+06
24050.1  298741 -4.66041e+06 -2.42916e+07 3.78953e+08 -1.09346e+06 1.79206e+06
24100.1  299362 -4.66037e+06 -2.43421e+07 3.7895e+08 -1.46916e+06 1.69886e+06
24150.1  299982 -4.66033e+06 -2.43925e+07 3.78947e+08 -1.83874e+06 1.58362e+06
24200.1  300602 -4.66029e+06 -2.44429e+07 3.78943e+08 -2.2009e+06 1.44674e+06
24250.1  301222 -4.66025e+06 -2.44934e+07 3.7894e+08 -2.55439e+06 1.2887e+06
24300.1  301842 -4.66021e+06 -2.45438e+07 3.78937e+08 -2.89798e+06 1.11003e+06
24350.1  302463 -4.66017e+06 -2.45942e+07 3.78934e+08 -3.23047e+06 911354
24400.1  303083 -4.66013e+06 -2.46447e+07 3.7893e+08 -3.5507e+06 693342
24450.1  303703 -4.66009e+06 -2.46951e+07 3.78927e+08 -3.85756e+06 456748
24500.1  304323 -4.66004e+06 -2.47455e+07 3.78924e+08 -4.14996e+06 202385
24550.1  304943 -4.66e+06 -2.47959e+07 3.7892e+08 -4.42689e+06 -68872.2
24600.1  305564 -4.65996e+06 -2.48464e+07 3.78917e+08 -4.68737e+06 -356089
24650.1  306184 -4.65992e+06 -2.48968e+07 3.78914e+08 -4.93049e+06 -658275
24700.1  306804 -4.65988e+06 -2.49472e+07 3.7891e+08 -5.15538e+06 -974387
24750.1  307424 -4.65984e+06 -2.49977e+07 3.78907e+08 -5.36125e+06 -1.30333e+06
24800.1  308044 -4.6598e+06 -2.50481e+07 3.78904e+08 -5.54736e+06 -1.64397e+06
24850.1  308664 -4.65976e+06 -2.50985e+07 3.789e+08 -5.71306e+06 -1.99513e+06
24900.1  309284 -4.65972e+06 -2.51489e+07 3.78897e+08 -5.85775e+06 -2.35558e+06
24950.1  309905 -4.65968e+06 -2.51994e+07 3.78894e+08 -5.98091e+06 -2.72408e+06
25000.1  310525 -4.65963e+06 -2.52498e+07 3.7889e+08 -6.08209e+06 -3.09934e+06
25050.1  311145 -4.65959e+06 -2.53002e+07 3.78887e+08 -6.16091e+06 -3.48006e+06
25100.1  311765 -4.65955e+06 -2.53506e+07 3.78884e+08 -6.21709e+06 -3.8649e+06
25150.1  312385 -4.65951e+06 -2.54011e+07 3.7888e+08 -6.2504e+06 -4.25253e+06
25200.1  313005 -4.65947e+06 -2.54515e+07 3.78877e+08 -6.26072e+06 -4.64158e+06
25250.1  313625 -4.65943e+06 -2.55019e+07 3.78873e+08 -6.24799e+06 -5.0307e+06
25300.1  314245 -4.65938e+06 -2.55523e+07 3.7887e+08 -6.21222e+06 -5.41851e+06
25350.1  314865 -4.65934e+06 -2.56027e+07 3.78867e+08 -6.15353e+06 -5.80365e+06
25400.1  315486 -4.6593e+06 -2.56532e+07 3.78863e+08 -6.07211e+06 -6.18477e+06
25450.1  316106 -4.65926e+06 -2.57036e+07 3.7886e+08 -5.96822e+06 -6.56053e+06
25500.1  316726 -4.65922e+06 -2.5754e+07 3.78856e+08 -5.84221e+06 -6.92959e+06
25550.1  317346 -4.65917e+06 -2.58044e+07 3.78853e+08 -5.69451e+06 -7.29066e+06
25600.1  317966 -4.65913e+06 -2.58548e+07 3.78849e+08 -5.52561e+06 -7.64245e+06
25650.1  318586 -4.65909e+06 -2.59053e+07 3.78846e+08 -5.3361e+06 -7.98372e+06
25700.1  319206 -4.65905e+06 -2.59557e+07 3.78842e+08 -5.12663e+06 -8.31325e+06
25750.1  319826 -4.659e+06 -2.60061e+07 3.78839e+08 -4.89793e+06 -8.62987e+06
25800.1  320446 -4.65896e+06 -2.60565e+07 3.78836e+08 -4.65079e+06 -8.93246e+06
25850.1  321066 -4.65892e+06 -2.61069e+07 3.78832e+08 -4.38607e+06 -9.21994e+06
25900.1  321686 -4.65887e+06 -2.61574e+07 3.78829e+08 -4.10469e+06 -9.49129e+06
25950.1  322306 -4.65883e+06 -2.62078e+07 3.78825e+08 -3.80765e+06 -9.74552e+06
26000.1  322926 -4.65879e+06 -2.62582e+07 3.78822e+08 -3.49598e+06 -9.98174e+06
26050.1  323546 -4.65875e+06 -2.63086e+07 3.78818e+08 -3.17077e+06 -1.01991e+07
26100.1  324166 -4.6587e+06 -2.6359e+07 3.78815e+08 -2.83319e+06 -1.03968e+07
26150.1  324786 -4.65866e+06 -2.64094e+07 3.78811e+08 -2.4844e+06 -1.05742e+07
26200.1  325406 -4.65862e+06 -2.64598e+07 3.78807e+08 -2.12565e+06 -1.07306e+07
26250.1  326026 -4.65857e+06 -2.65103e+07 3.78804e+08 -1.7582e+06 -1.08654e+07
26300.1  326646 -4.65853e+06 -2.65607e+07 3.788e+08 -1.38335e+06 -1.09782e+07
26350.1  327266 -4.65849e+06 -2.66111e+07 3.78797e+08 -1.00244e+06 -1.10686e+07
26400.1  327886 -4.65844e+06 -2.66615e+07 3.78793e+08 -616800 -1.11362e+07
26450.1  328506 -4.6584e+06 -2.67119e+07 3.7879e+08 -227807 -1.11808e+07
26500.1  329126 -4.65835e+06 -2.67623e+07 3.78786e+08 163161 -1.12023e+07
26550.1  329746 -4.65831e+06 -2.68127e+07 3.78783e+08 554720 -1.12005e+07
26600.1  330366 -4.65827e+06 -2.68631e+07 3.78779e+08 945479 -1.11754e+07
26650.1  330986 -4.65822e+06 -2.69135e+07 3.78775e+08 1.33405e+06 -1.11272e+07
26700.1  331606 -4.65818e+06 -2.6964e+07 3.78772e+08 1.71907e+06 -1.10561e+07
26750.1  332226 -4.65813e+06 -2.70144e+07 3.78768e+08 2.09915e+06 -1.09622e+07
26800.1  332846 -4.65809e+06 -2.70648e+07 3.78765e+08 2.47296e+06 -1.0846e+07
26850.1  333466 -4.65804e+06 -2.71152e+07 3.78761e+08 2.83918e+06 -1.07078e+07
26900.1  334085 -4.658e+06 -2.71656e+07 3.78757e+08 3.19651e+06 -1.05481e+07
26950.1  334705 -4.65796e+06 -2.7216e+07 3.78754e+08 3.54368e+06 -1.03675e+07
27000.1  335325 -4.65791e+06 -2.72664e+07 3.7875e+08 3.87948e+06 -1.01667e+07
27050.1  335945 -4.65787e+06 -2.73168e+07 3.78746e+08 4.20271e+06 -9.94633e+06
27100.1  336565 -4.65782e+06 -2.73672e+07 3.78743e+08 4.51224e+06 -9.70725e+06
27150.1  337185 -4.65778e+06 -2.74176e+07 3.78739e+08 4.80698e+06 -9.45028e+06
27200.1  337805 -4.65773e+06 -2.7468e+07 3.78736e+08 5.0859e+06 -9.17635e+06
27250.1  338425 -4.65769e+06 -2.75184e+07 3.78732e+08 5.34803e+06 -8.88644e+06
27300.1  339045 -4.65764e+06 -2.75688e+07 3.78728e+08 5.59244e+06 -8.58157e+06
27350.1  339664 -4.6576e+06 -2.76192e+07 3.78724e+08 5.81829e+06 -8.26283e+06
27400.1  340284 -4.65755e+06 -2.76696e+07 3.78721e+08 6.02479e+06 -7.93137e+06
27450.1  340904 -4.6575e+06 -2.772e+07 3.78717e+08 6.21122e+06 -7.58834e+06
27500.1  341524 -4.65746e+06 -2.77704e+07 3.78713e+08 6.37695e+06 -7.23498e+06
27550.1  342144 -4.65741e+06 -2.78208e+07 3.7871e+08 6.52141e+06 -6.87254e+06
27600.1  342764 -4.65737e+06 -2.78712e+07 3.78706e+08 6.64411e+06 -6.50229e+06
27650.1  343383 -4.65732e+06 -2.79216e+07 3.78702e+08 6.74463e+06 -6.12555e+06
27700.1  344003 -4.65728e+06 -2.7972e+07 3.78699e+08 6.82263e+06 -5.74365e+06
27750.1  344623 -4.65723e+06 -2.80224e+07 3.78695e+08 6.87787e+06 -5.35793e+06
27800.1  345243 -4.65718e+06 -2.80728e+07 3.78691e+08 6.91016e+06 -4.96974e+06
27850.1  345863 -4.65714e+06 -2.81232e+07 3.78687e+08 6.91941e+06 -4.58046e+06
27900.1  346482 -4.65709e+06 -2.81736e+07 3.78684e+08 6.90562e+06 -4.19145e+06
27950.1  347102 -4.65705e+06 -2.8224e+07 3.7868e+08 6.86884e+06 -3.80407e+06
28000.1  347722 -4.657e+06 -2.82744e+07 3.78676e+08 6.80923e+06 -3.41968e+06
28050.1  348342 -4.65695e+06 -2.83248e+07 3.78672e+08 6.72701e+06 -3.03961e+06
28100.1  348962 -4.65691e+06 -2.83752e+07 3.78668e+08 6.62248e+06 -2.6652e+06
28150.1  349581 -4.65686e+06 -2.84256e+07 3.78665e+08 6.49605e+06 -2.29775e+06
28200.1  350201 -4.65681e+06 -2.8476e+07 3.78661e+08 6.34815e+06 -1.93853e+06
28250.1  350821 -4.65677e+06 -2.85264e+07 3.78657e+08 6.17933e+06 -1.5888e+06
28300.1  351441 -4.65672e+06 -2.85768e+07 3.78653e+08 5.99018e+06 -1.24976e+06
28350.1  352060 -4.65667e+06 -2.86272e+07 3.78649e+08 5.78139e+06 -922592
28400.1  352680 -4.65662e+06 -2.86776e+07 3.78646e+08 5.5537e+06 -608426
28450.1  353300 -4.65658e+06 -2.8728e+07 3.78642e+08 5.3079e+06 -308346
28500.1  353919 -4.65653e+06 -2.87784e+07 3.78638e+08 5.04488e+06 -23389.4
28550.1  354539 -4.65648e+06 -2.88287e+07 3.78634e+08 4.76555e+06 245463
28600.1  355159 -4.65644e+06 -2.88791e+07 3.7863e+08 4.47089e+06 497286
28650.1  355779 -4.65639e+06 -2.89295e+07 3.78626e+08 4.16195e+06 731213
28700.1  356398 -4.65634e+06 -2.89799e+07 3.78623e+08 3.83979e+06 946440
28750.1  357018 -4.65629e+06 -2.90303e+07 3.78619e+08 3.50555e+06 1.14223e+06
28800.1  357638 -4.65625e+06 -2.90807e+07 3.78615e+08 3.16038e+06 1.31791e+06
28850.1  358257 -4.6562e+06 -2.91311e+07 3.78611e+08 2.8055e+06 1.47287e+06
28900.1  358877 -4.65615e+06 -2.91815e+07 3.78607e+08 2.44214e+06 1.6066e+06
28950.1  359497 -4.6561e+06 -2.92319e+07 3.78603e+08 2.07156e+06 1.71862e+06
29000.1  360116 -4.65605e+06 -2.92822e+07 3.78599e+08 1.69505e+06 1.80856e+06
29050.1  360736 -4.65601e+06 -2.93326e+07 3.78595e+08 1.31391e+06 1.87611e+06
29100.1  361356 -4.65596e+06 -2.9383e+07 3.78591e+08 929477 1.92103e+06
29150.1  361975 -4.65591e+06 -2.94334e+07 3.78587e+08 543072 1.94318e+06
29200.1  362595 -4.65586e+06 -2.94838e+07 3.78584e+08 156041 1.94248e+06
29250.1  363214 -4.65581e+06 -2.95342e+07 3.7858e+08 -230275 1.91893e+06
29300.1  363834 -4.65576e+06 -2.95845e+07 3.78576e+08 -614537 1.87261e+06
29350.1  364454 -4.65572e+06 -2.96349e+07 3.78572e+08 -995409 1.80368e+06
29400.1  365073 -4.65567e+06 -2.96853e+07 3.78568e+08 -1.37157e+06 1.71237e+06
29450.1  365693 -4.65562e+06 -2.97357e+07 3.78564e+08 -1.74172e+06 1.59901e+06
29500.1  366312 -4.65557e+06 -2.97861e+07 3.7856e+08 -2.10456e+06 1.46397e+06
29550.1  366932 -4.65552e+06 -2.98365e+07 3.78556e+08 -2.45884e+06 1.30773e+06
29600.1  367552 -4.65547e+06 -2.98868e+07 3.78552e+08 -2.80332e+06 1.1308e+06
29650.1  368171 -4.65542e+06 -2.99372e+07 3.78548e+08 -3.13681e+06 933813
29700.1  368791 -4.65537e+06 -2.99876e+07 3.78544e+08 -3.45813e+06 717431
29750.1  369410 -4.65532e+06 -3.0038e+07 3.7854e+08 -3.76617e+06 482400
29800.1  370030 -4.65527e+06 -3.00883e+07 3.78536e+08 -4.05985e+06 229528
29850.1  370649 -4.65522e+06 -3.01387e+07 3.78532e+08 -4.33814e+06 -40314.8
29900.1  371269 -4.65518e+06 -3.01891e+07 3.78528e+08 -4.60006e+06 -326199
29950.1  371888 -4.65513e+06 -3.02395e+07 3.78524e+08 -4.84469e+06 -627139
30000.1  372508 -4.65508e+06 -3.02899e+07 3.7852e+08 -5.07117e+06 -942097
30050.1  373128 -4.65503e+06 -3.03402e+07 3.78516e+08 -5.27869e+06 -1.26998e+06
30100.1  373747 -4.65498e+06 -3.03906e+07 3.78512e+08 -5.46652e+06 -1.60966e+06
30150.1  374367 -4.65493e+06 -3.0441e+07 3.78508e+08 -5.63399e+06 -1.95996e+06
30200.1  374986 -4.65488e+06 -3.04913e+07 3.78503e+08 -5.78049e+06 -2.31966e+06
30250.1  375606 -4.65483e+06 -3.05417e+07 3.78499e+08 -5.9055e+06 -2.68751e+06
30300.1  376225 -4.65478e+06 -3.05921e+07 3.78495e+08 -6.00857e+06 -3.06224e+06
30350.1  376844 -4.65473e+06 -3.06425e+07 3.78491e+08 -6.08931e+06 -3.44253e+06
30400.1  377464 -4.65468e+06 -3.06928e+07 3.78487e+08 -6.14743e+06 -3.82707e+06
30450.1  378083 -4.65463e+06 -3.07432e+07 3.78483e+08 -6.18271e+06 -4.2145e+06
30500.1  378703 -4.65457e+06 -3.07936e+07 3.78479e+08 -6.19499e+06 -4.60348e+06
30550.1  379322 -4.65452e+06 -3.08439e+07 3.78475e+08 -6.18422e+06 -4.99263e+06
30600.1  379942 -4.65447e+06 -3.08943e+07 3.78471e+08 -6.15042e+06 -5.3806e+06
30650.1  380561 -4.65442e+06 -3.09447e+07 3.78467e+08 -6.09368e+06 -5.76601e+06
30700.1  381181 -4.65437e+06 -3.09951e+07 3.78462e+08 -6.01419e+06 -6.14752e+06
30750.1  381800 -4.65432e+06 -3.10454e+07 3.78458e+08 -5.9122e+06 -6.52378e+06
30800.1  382419 -4.65427e+06 -3.10958e+07 3.78454e+08 -5.78807e+06 -6.89346e+06
30850.1  383039 -4.65422e+06 -3.11462e+07 3.7845e+08 -5.64219e+06 -7.25525e+06
30900.1  383658 -4.65417e+06 -3.11965e+07 3.78446e+08 -5.47508e+06 -7.60787e+06
30950.1  384278 -4.65412e+06 -3.12469e+07 3.78442e+08 -5.28731e+06 -7.95007e+06
31000.1  384897 -4.65407e+06 -3.12972e+07 3.78438e+08 -5.07952e+06 -8.28064e+06
31050.1  385516 -4.65401e+06 -3.13476e+07 3.78433e+08 -4.85243e+06 -8.5984e+06
31100.1  386136 -4.65396e+06 -3.1398e+07 3.78429e+08 -4.60683e+06 -8.90223e+06
31150.1  386755 -4.65391e+06 -3.14483e+07 3.78425e+08 -4.34357e+06 -9.19103e+06
31200.1  387375 -4.65386e+06 -3.14987e+07 3.78421e+08 -4.06358e+06 -9.46377e+06
31250.1  387994 -4.65381e+06 -3.15491e+07 3.78417e+08 -3.76783e+06 -9.7195e+06
31300.1  388613 -4.65376e+06 -3.15994e+07 3.78412e+08 -3.45737e+06 -9.95728e+06
31350.1  389233 -4.6537e+06 -3.16498e+07 3.78408e+08 -3.13328e+06 -1.01763e+07
31400.1  389852 -4.65365e+06 -3.17001e+07 3.78404e+08 -2.7967e+06 -1.03757e+07
31450.1  390471 -4.6536e+06 -3.17505e+07 3.784e+08 -2.44882e+06 -1.05548e+07
31500.1  391091 -4.65355e+06 -3.18009e+07 3.78395e+08 -2.09087e+06 -1.0713e+07
31550.1  391710 -4.65349e+06 -3.18512e+07 3.78391e+08 -1.72412e+06 -1.08497e+07
31600.1  392329 -4.65344e+06 -3.19016e+07 3.78387e+08 -1.34985e+06 -1.09644e+07
31650.1  392949 -4.65339e+06 -3.19519e+07 3.78383e+08 -969399 -1.10567e+07
31700.1  393568 -4.65334e+06 -3.20023e+07 3.78378e+08 -584111 -1.11262e+07
31750.1  394187 -4.65329e+06 -3.20527e+07 3.78374e+08 -195351 -1.11728e+07
31800.1  394806 -4.65323e+06 -3.2103e+07 3.7837e+08 195502 -1.11962e+07
31850.1  395426 -4.65318e+06 -3.21534e+07 3.78366e+08 587063 -1.11964e+07
31900.1  396045 -4.65313e+06 -3.22037e+07 3.78361e+08 977944 -1.11733e+07
31950.1  396664 -4.65307e+06 -3.22541e+07 3.78357e+08 1.36676e+06 -1.11271e+07
32000.1  397283 -4.65302e+06 -3.23044e+07 3.78353e+08 1.75213e+06 -1.10579e+07
32050.1  397903 -4.65297e+06 -3.23548e+07 3.78348e+08 2.13269e+06 -1.09659e+07
32100.1  398522 -4.65291e+06 -3.24051e+07 3.78344e+08 2.50709e+06 -1.08516e+07
32150.1  399141 -4.65286e+06 -3.24555e+07 3.7834e+08 2.874e+06 -1.07152e+07
32200.1  399760 -4.65281e+06 -3.25058e+07 3.78335e+08 3.23213e+06 -1.05573e+07
32250.1  400380 -4.65275e+06 -3.25562e+07 3.78331e+08 3.58022e+06 -1.03785e+07
32300.1  400999 -4.6527e+06 -3.26065e+07 3.78327e+08 3.91703e+06 -1.01794e+07
32350.1  401618 -4.65265e+06 -3.26569e+07 3.78322e+08 4.24138e+06 -9.96065e+06
32400.1  402237 -4.65259e+06 -3.27072e+07 3.78318e+08 4.55212e+06 -9.72312e+06
32450.1  402856 -4.65254e+06 -3.27576e+07 3.78314e+08 4.84817e+06 -9.46764e+06
32500.1  403476 -4.65249e+06 -3.28079e+07 3.78309e+08 5.12848e+06 -9.19511e+06
32550.1  404095 -4.65243e+06 -3.28583e+07 3.78305e+08 5.39207e+06 -8.90651e+06
32600.1  404714 -4.65238e+06 -3.29086e+07 3.783e+08 5.63803e+06 -8.60287e+06
32650.1  405333 -4.65232e+06 -3.2959e+07 3.78296e+08 5.86549e+06 -8.28526e+06
32700.1  405952 -4.65227e+06 -3.30093e+07 3.78292e+08 6.07366e+06 -7.95482e+06
32750.1  406571 -4.65222e+06 -3.30597e+07 3.78287e+08 6.26184e+06 -7.61273e+06
32800.1  407190 -4.65216e+06 -3.311e+07 3.78283e+08 6.42936e+06 -7.2602e+06
32850.1  407810 -4.65211e+06 -3.31603e+07 3.78278e+08 6.57565e+06 -6.89847e+06
32900.1  408429 -4.65205e+06 -3.32107e+07 3.78274e+08 6.70022e+06 -6.52883e+06
32950.1  409048 -4.652e+06 -3.3261e+07 3.7827e+08 6.80264e+06 -6.15258e+06
33000.1  409667 -4.65194e+06 -3.33114e+07 3.78265e+08 6.88258e+06 -5.77106e+06
33050.1  410286 -4.65189e+06 -3.33617e+07 3.78261e+08 6.93976e+06 -5.3856e+06
33100.1  410905 -4.65183e+06 -3.34121e+07 3.78256e+08 6.97402e+06 -4.99757e+06
33150.1  411524 -4.65178e+06 -3.34624e+07 3.78252e+08 6.98524e+06 -4.60832e+06
33200.1  412143 -4.65172e+06 -3.35127e+07 3.78247e+08 6.97341e+06 -4.21922e+06
33250.1  412762 -4.65167e+06 -3.35631e+07 3.78243e+08 6.93858e+06 -3.83164e+06
33300.1  413381 -4.65161e+06 -3.36134e+07 3.78238e+08 6.88091e+06 -3.44693e+06
33350.1  414000 -4.65156e+06 -3.36637e+07 3.78234e+08 6.80061e+06 -3.06643e+06
33400.1  414620 -4.6515e+06 -3.37141e+07 3.78229e+08 6.69797e+06 -2.69148e+06
33450.1  415239 -4.65145e+06 -3.37644e+07 3.78225e+08 6.57339e+06 -2.32337e+06
33500.1  415858 -4.65139e+06 -3.38148e+07 3.7822e+08 6.4273e+06 -1.9634e+06
33550.1  416477 -4.65134e+06 -3.38651e+07 3.78216e+08 6.26024e+06 -1.6128e+06
33600.1  417096 -4.65128e+06 -3.39154e+07 3.78211e+08 6.0728e+06 -1.27279e+06
33650.1  417715 -4.65123e+06 -3.39658e+07 3.78207e+08 5.86566e+06 -944558
33700.1  418334 -4.65117e+06 -3.40161e+07 3.78202e+08 5.63954e+06 -629231
33750.1  418953 -4.65111e+06 -3.40664e+07 3.78198e+08 5.39526e+06 -327901
33800.1  419572 -4.65106e+06 -3.41168e+07 3.78193e+08 5.13367e+06 -41605.7
33850.1  420191 -4.651e+06 -3.41671e+07 3.78189e+08 4.85569e+06 228666
33900.1  420810 -4.65095e+06 -3.42174e+07 3.78184e+08 4.5623e+06 481985
33950.1  421429 -4.65089e+06 -3.42677e+07 3.78179e+08 4.25454e+06 717480
34000.1  422048 -4.65083e+06 -3.43181e+07 3.78175e+08 3.93346e+06 934340
34050.1  422667 -4.65078e+06 -3.43684e+07 3.7817e+08 3.6002e+06 1.13182e+06
34100.1  423285 -4.65072e+06 -3.44187e+07 3.78166e+08 3.25592e+06 1.30925e+06
34150.1  423904 -4.65066e+06 -3.44691e+07 3.78161e+08 2.90182e+06 1.46601e+06
34200.1  424523 -4.65061e+06 -3.45194e+07 3.78156e+08 2.53914e+06 1.60158e+06
34250.1  425142 -4.65055e+06 -3.45697e+07 3.78152e+08 2.16912e+06 1.71548e+06
34300.1  425761 -4.65049e+06 -3.462e+07 3.78147e+08 1.79306e+06 1.80732e+06
34350.1  426380 -4.65044e+06 -3.46704e+07 3.78143e+08 1.41227e+06 1.8768e+06
34400.1  426999 -4.65038e+06 -3.47207e+07 3.78138e+08 1.02806e+06 1.92367e+06
34450.1  427618 -4.65032e+06 -3.4771e+07 3.78133e+08 641772 1.94777e+06
34500.1  428237 -4.65027e+06 -3.48213e+07 3.78129e+08 254741 1.94903e+06
34550.1  428856 -4.65021e+06 -3.48717e+07 3.78124e+08 -131690 1.92743e+06
34600.1  429474 -4.65015e+06 -3.4922e+07 3.78119e+08 -516179 1.88306e+06
34650.1  430093 -4.65009e+06 -3.49723e+07 3.78115e+08 -897393 1.81606e+06
34700.1  430712 -4.65004e+06 -3.50226e+07 3.7811e+08 -1.27401e+06 1.72666e+06
34750.1  431331 -4.64998e+06 -3.50729e+07 3.78105e+08 -1.64472e+06 1.61517e+06
34800.1  431950 -4.64992e+06 -3.51233e+07 3.78101e+08 -2.00824e+06 1.48198e+06
34850.1  432569 -4.64986e+06 -3.51736e+07 3.78096e+08 -2.3633e+06 1.32753e+06
34900.1  433188 -4.64981e+06 -3.52239e+07 3.78091e+08 -2.70866e+06 1.15236e+06
34950.1  433806 -4.64975e+06 -3.52742e+07 3.78087e+08 -3.04313e+06 957061
35000.1  434425 -4.64969e+06 -3.53245e+07 3.78082e+08 -3.36554e+06 742313
35050.1  435044 -4.64963e+06 -3.53749e+07 3.78077e+08 -3.67475e+06 508851
35100.1  435663 -4.64957e+06 -3.54252e+07 3.78072e+08 -3.9697e+06 257477
35150.1  436282 -4.64952e+06 -3.54755e+07 3.78068e+08 -4.24934e+06 -10945.1
35200.1  436900 -4.64946e+06 -3.55258e+07 3.78063e+08 -4.5127e+06 -295490
35250.1  437519 -4.6494e+06 -3.55761e+07 3.78058e+08 -4.75884e+06 -595177
35300.1  438138 -4.64934e+06 -3.56264e+07 3.78053e+08 -4.9869e+06 -908972
35350.1  438757 -4.64928e+06 -3.56767e+07 3.78049e+08 -5.19607e+06 -1.23579e+06
35400.1  439375 -4.64922e+06 -3.57271e+07 3.78044e+08 -5.3856e+06 -1.5745e+06
35450.1  439994 -4.64917e+06 -3.57774e+07 3.78039e+08 -5.55483e+06 -1.92393e+06
35500.1  440613 -4.64911e+06 -3.58277e+07 3.78034e+08 -5.70314e+06 -2.28287e+06
35550.1  441232 -4.64905e+06 -3.5878e+07 3.7803e+08 -5.83001e+06 -2.65007e+06
35600.1  441850 -4.64899e+06 -3.59283e+07 3.78025e+08 -5.93497e+06 -3.02425e+06
35650.1  442469 -4.64893e+06 -3.59786e+07 3.7802e+08 -6.01763e+06 -3.40411e+06
35700.1  443088 -4.64887e+06 -3.60289e+07 3.78015e+08 -6.07769e+06 -3.78833e+06
35750.1  443706 -4.64881e+06 -3.60792e+07 3.7801e+08 -6.11492e+06 -4.17556e+06
35800.1  444325 -4.64875e+06 -3.61295e+07 3.78006e+08 -6.12917e+06 -4.56444e+06
35850.1  444944 -4.64869e+06 -3.61798e+07 3.78001e+08 -6.12037e+06 -4.95363e+06
35900.1  445562 -4.64863e+06 -3.62301e+07 3.77996e+08 -6.08853e+06 -5.34174e+06
35950.1  446181 -4.64857e+06 -3.62805e+07 3.77991e+08 -6.03374e+06 -5.72742e+06
36000.1  446800 -4.64851e+06 -3.63308e+07 3.77986e+08 -5.95618e+06 -6.1093e+06
36050.1  447418 -4.64845e+06 -3.63811e+07 3.77981e+08 -5.8561e+06 -6.48605e+06
36100.1  448037 -4.6484e+06 -3.64314e+07 3.77977e+08 -5.73384e+06 -6.85633e+06
36150.1  448656 -4.64834e+06 -3.64817e+07 3.77972e+08 -5.5898e+06 -7.21884e+06
36200.1  449274 -4.64828e+06 -3.6532e+07 3.77967e+08 -5.42448e+06 -7.57228e+06
36250.1  449893 -4.64822e+06 -3.65823e+07 3.77962e+08 -5.23845e+06 -7.91541e+06
36300.1  450511 -4.64816e+06 -3.66326e+07 3.77957e+08 -5.03234e+06 -8.24701e+06
36350.1  451130 -4.64809e+06 -3.66829e+07 3.77952e+08 -4.80686e+06 -8.5659e+06
36400.1  451749 -4.64803e+06 -3.67332e+07 3.77947e+08 -4.56281e+06 -8.87095e+06
36450.1  452367 -4.64797e+06 -3.67835e+07 3.77942e+08 -4.30103e+06 -9.16106e+06
36500.1  452986 -4.64791e+06 -3.68338e+07 3.77937e+08 -4.02243e+06 -9.43521e+06
36550.1  453604 -4.64785e+06 -3.68841e+07 3.77933e+08 -3.72799e+06 -9.69241e+06
36600.1  454223 -4.64779e+06 -3.69344e+07 3.77928e+08 -3.41873e+06 -9.93175e+06
36650.1  454841 -4.64773e+06 -3.69847e+07 3.77923e+08 -3.09576e+06 -1.01524e+07
36700.1  455460 -4.64767e+06 -3.7035e+07 3.77918e+08 -2.76021e+06 -1.03535e+07
36750.1  456078 -4.64761e+06 -3.70852e+07 3.77913e+08 -2.41325e+06 -1.05343e+07
36800.1  456697 -4.64755e+06 -3.71355e+07 3.77908e+08 -2.05611e+06 -1.06943e+07
36850.1  457316 -4.64749e+06 -3.71858e+07 3.77903e+08 -1.69005e+06 -1.08329e+07
36900.1  457934 -4.64743e+06 -3.72361e+07 3.77898e+08 -1.31638e+06 -1.09494e+07
36950.1  458553 -4.64737e+06 -3.72864e+07 3.77893e+08 -936403 -1.10437e+07
37000.1  459171 -4.64731e+06 -3.73367e+07 3.77888e+08 -551476 -1.11152e+07
37050.1  459790 -4.64724e+06 -3.7387e+07 3.77883e+08 -162959 -1.11637e+07
37100.1  460408 -4.64718e+06 -3.74373e+07 3.77878e+08 227769 -1.11891e+07
37150.1  461026 -4.64712e+06 -3.74876e+07 3.77873e+08 619323 -1.11912e+07
37200.1  461645 -4.64706e+06 -3.75379e+07 3.77868e+08 1.01032e+06 -1.11701e+07
37250.1  462263 -4.647e+06 -3.75882e+07 3.77863e+08 1.39936e+06 -1.11259e+07
37300.1  462882 -4.64694e+06 -3.76384e+07 3.77858e+08 1.78507e+06 -1.10586e+07
37350.1  463500 -4.64687e+06 -3.76887e+07 3.77853e+08 2.1661e+06 -1.09686e+07
37400.1  464119 -4.64681e+06 -3.7739e+07 3.77848e+08 2.54107e+06 -1.08561e+07
37450.1  464737 -4.64675e+06 -3.77893e+07 3.77843e+08 2.90868e+06 -1.07216e+07
37500.1  465355 -4.64669e+06 -3.78396e+07 3.77838e+08 3.26761e+06 -1.05655e+07
37550.1  465974 -4.64663e+06 -3.78899e+07 3.77833e+08 3.6166e+06 -1.03884e+07
37600.1  466592 -4.64656e+06 -3.79402e+07 3.77828e+08 3.95442e+06 -1.0191e+07
37650.1  467211 -4.6465e+06 -3.79904e+07 3.77823e+08 4.27987e+06 -9.9739e+06
37700.1  467829 -4.64644e+06 -3.80407e+07 3.77818e+08 4.59182e+06 -9.73794e+06
37750.1  468447 -4.64638e+06 -3.8091e+07 3.77812e+08 4.88916e+06 -9.48394e+06
37800.1  469066 -4.64631e+06 -3.81413e+07 3.77807e+08 5.17085e+06 -9.21282e+06
37850.1  469684 -4.64625e+06 -3.81916e+07 3.77802e+08 5.4359e+06 -8.92554e+06
37900.1  470302 -4.64619e+06 -3.82418e+07 3.77797e+08 5.6834e+06 -8.62313e+06
37950.1  470921 -4.64613e+06 -3.82921e+07 3.77792e+08 5.91247e+06 -8.30667e+06
38000.1  471539 -4.64606e+06 -3.83424e+07 3.77787e+08 6.12232e+06 -7.97727e+06
38050.1  472157 -4.646e+06 -3.83927e+07 3.77782e+08 6.31222e+06 -7.63612e+06
38100.1  472776 -4.64594e+06 -3.8443e+07 3.77777e+08 6.48153e+06 -7.28442e+06
38150.1  473394 -4.64587e+06 -3.84932e+07 3.77772e+08 6.62965e+06 -6.92341e+06
38200.1  474012 -4.64581e+06 -3.85435e+07 3.77766e+08 6.75609e+06 -6.55439e+06
38250.1  474631 -4.64575e+06 -3.85938e+07 3.77761e+08 6.86042e+06 -6.17865e+06
38300.1  475249 -4.64568e+06 -3.86441e+07 3.77756e+08 6.94228e+06 -5.79751e+06
38350.1  475867 -4.64562e+06 -3.86943e+07 3.77751e+08 7.00141e+06 -5.41233e+06
38400.1  476485 -4.64556e+06 -3.87446e+07 3.77746e+08 7.03763e+06 -5.02445e+06
38450.1  477104 -4.64549e+06 -3.87949e+07 3.77741e+08 7.05081e+06 -4.63524e+06
38500.1  477722 -4.64543e+06 -3.88451e+07 3.77735e+08 7.04095e+06 -4.24607e+06
38550.1  478340 -4.64537e+06 -3.88954e+07 3.7773e+08 7.00808e+06 -3.8583e+06
38600.1  478958 -4.6453e+06 -3.89457e+07 3.77725e+08 6.95235e+06 -3.47328e+06
38650.1  479577 -4.64524e+06 -3.8996e+07 3.7772e+08 6.87396e+06 -3.09237e+06
38700.1  480195 -4.64517e+06 -3.90462e+07 3.77715e+08 6.77322e+06 -2.71688e+06
38750.1  480813 -4.64511e+06 -3.90965e+07 3.77709e+08 6.65049e+06 -2.34813e+06
38800.1  481431 -4.64505e+06 -3.91468e+07 3.77704e+08 6.50621e+06 -1.9874e+06
38850.1  482049 -4.64498e+06 -3.9197e+07 3.77699e+08 6.34092e+06 -1.63595e+06
38900.1  482668 -4.64492e+06 -3.92473e+07 3.77694e+08 6.15519e+06 -1.29498e+06
38950.1  483286 -4.64485e+06 -3.92976e+07 3.77689e+08 5.9497e+06 -965690
39000.1  483904 -4.64479e+06 -3.93478e+07 3.77683e+08 5.72518e+06 -649211
39050.1  484522 -4.64472e+06 -3.93981e+07 3.77678e+08 5.48241e+06 -346636
39100.1  485140 -4.64466e+06 -3.94483e+07 3.77673e+08 5.22226e+06 -59010.4
39150.1  485758 -4.64459e+06 -3.94986e+07 3.77667e+08 4.94564e+06 212674
39200.1  486376 -4.64453e+06 -3.95489e+07 3.77662e+08 4.65353e+06 467483
39250.1  486994 -4.64446e+06 -3.95991e+07 3.77657e+08 4.34694e+06 704539
39300.1  487613 -4.6444e+06 -3.96494e+07 3.77652e+08 4.02696e+06 923028
39350.1  488231 -4.64433e+06 -3.96996e+07 3.77646e+08 3.69469e+06 1.1222e+06
39400.1  488849 -4.64427e+06 -3.97499e+07 3.77641e+08 3.35131e+06 1.30137e+06
39450.1  489467 -4.6442e+06 -3.98002e+07 3.77636e+08 2.998e+06 1.45993e+06
39500.1  490085 -4.64414e+06 -3.98504e+07 3.7763e+08 2.63599e+06 1.59733e+06
39550.1  490703 -4.64407e+06 -3.99007e+07 3.77625e+08 2.26655e+06 1.7131e+06
39600.1  491321 -4.64401e+06 -3.99509e+07 3.7762e+08 1.89096e+06 1.80685e+06
39650.1  491939 -4.64394e+06 -4.00012e+07 3.77614e+08 1.51052e+06 1.87825e+06
39700.1  492557 -4.64388e+06 -4.00514e+07 3.77609e+08 1.12655e+06 1.92706e+06
39750.1  493175 -4.64381e+06 -4.01017e+07 3.77604e+08 740380 1.95312e+06
39800.1  493793 -4.64374e+06 -4.0152e+07 3.77598e+08 353359 1.95634e+06
39850.1  494411 -4.64368e+06 -4.02022e+07 3.77593e+08 -33175.6 1.9367e+06
39900.1  495029 -4.64361e+06 -4.02525e+07 3.77588e+08 -417883 1.89427e+06
39950.1  495647 -4.64355e+06 -4.03027e+07 3.77582e+08 -799430 1.8292e+06
40000.1  496265 -4.64348e+06 -4.0353e+07 3.77577e+08 -1.17649e+06 1.74172e+06
40050.1  496883 -4.64341e+06 -4.04032e+07 3.77572e+08 -1.54776e+06 1.63211e+06
40100.1  497501 -4.64335e+06 -4.04535e+07 3.77566e+08 -1.91194e+06 1.50076e+06
40150.1  498119 -4.64328e+06 -4.05037e+07 3.77561e+08 -2.26777e+06 1.34811e+06
40200.1  498737 -4.64321e+06 -4.0554e+07 3.77555e+08 -2.61401e+06 1.17469e+06
40250.1  499355 -4.64315e+06 -4.06042e+07 3.7755e+08 -2.94945e+06 981095
40300.1  499973 -4.64308e+06 -4.06544e+07 3.77544e+08 -3.27293e+06 767988
40350.1  500591 -4.64301e+06 -4.07047e+07 3.77539e+08 -3.58332e+06 536100
40400.1  501209 -4.64295e+06 -4.07549e+07 3.77534e+08 -3.87953e+06 286230
40450.1  501827 -4.64288e+06 -4.08052e+07 3.77528e+08 -4.16051e+06 19235.3
40500.1  502444 -4.64281e+06 -4.08554e+07 3.77523e+08 -4.42529e+06 -263963
40550.1  503062 -4.64275e+06 -4.09057e+07 3.77517e+08 -4.67294e+06 -562389
40600.1  503680 -4.64268e+06 -4.09559e+07 3.77512e+08 -4.90257e+06 -875013
40650.1  504298 -4.64261e+06 -4.10061e+07 3.77506e+08 -5.11338e+06 -1.20076e+06
40700.1  504916 -4.64254e+06 -4.10564e+07 3.77501e+08 -5.30462e+06 -1.53849e+06
40750.1  505534 -4.64248e+06 -4.11066e+07 3.77495e+08 -5.47561e+06 -1.88704e+06
40800.1  506152 -4.64241e+06 -4.11569e+07 3.7749e+08 -5.62573e+06 -2.24521e+06
40850.1  506769 -4.64234e+06 -4.12071e+07 3.77484e+08 -5.75445e+06 -2.61174e+06
40900.1  507387 -4.64227e+06 -4.12573e+07 3.77479e+08 -5.86129e+06 -2.98537e+06
40950.1  508005 -4.64221e+06 -4.13076e+07 3.77473e+08 -5.94587e+06 -3.36479e+06
41000.1  508623 -4.64214e+06 -4.13578e+07 3.77468e+08 -6.00787e+06 -3.74868e+06
41050.1  509241 -4.64207e+06 -4.1408e+07 3.77462e+08 -6.04705e+06 -4.13569e+06
41100.1  509858 -4.642e+06 -4.14583e+07 3.77457e+08 -6.06326e+06 -4.52448e+06
41150.1  510476 -4.64193e+06 -4.15085e+07 3.77451e+08 -6.05643e+06 -4.91369e+06
41200.1  511094 -4.64187e+06 -4.15587e+07 3.77446e+08 -6.02655e+06 -5.30193e+06
41250.1  511712 -4.6418e+06 -4.1609e+07 3.7744e+08 -5.97372e+06 -5.68787e+06
41300.1  512330 -4.64173e+06 -4.16592e+07 3.77435e+08 -5.8981e+06 -6.07012e+06
41350.1  512947 -4.64166e+06 -4.17094e+07 3.77429e+08 -5.79993e+06 -6.44735e+06
41400.1  513565 -4.64159e+06 -4.17597e+07 3.77423e+08 -5.67954e+06 -6.81822e+06
41450.1  514183 -4.64152e+06 -4.18099e+07 3.77418e+08 -5.53735e+06 -7.18143e+06
41500.1  514800 -4.64146e+06 -4.18601e+07 3.77412e+08 -5.37382e+06 -7.53569e+06
41550.1  515418 -4.64139e+06 -4.19104e+07 3.77407e+08 -5.18953e+06 -7.87974e+06
41600.1  516036 -4.64132e+06 -4.19606e+07 3.77401e+08 -4.98511e+06 -8.21236e+06
41650.1  516654 -4.64125e+06 -4.20108e+07 3.77396e+08 -4.76126e+06 -8.53237e+06
41700.1  517271 -4.64118e+06 -4.2061e+07 3.7739e+08 -4.51876e+06 -8.83863e+06
41750.1  517889 -4.64111e+06 -4.21113e+07 3.77384e+08 -4.25845e+06 -9.13006e+06
41800.1  518507 -4.64104e+06 -4.21615e+07 3.77379e+08 -3.98125e+06 -9.4056e+06
41850.1  519124 -4.64097e+06 -4.22117e+07 3.77373e+08 -3.68812e+06 -9.66427e+06
41900.1  519742 -4.6409e+06 -4.22619e+07 3.77367e+08 -3.38009e+06 -9.90516e+06
41950.1  520359 -4.64083e+06 -4.23121e+07 3.77362e+08 -3.05825e+06 -1.01274e+07
42000.1  520977 -4.64076e+06 -4.23624e+07 3.77356e+08 -2.72372e+06 -1.03302e+07
42050.1  521595 -4.64069e+06 -4.24126e+07 3.7735e+08 -2.37769e+06 -1.05128e+07
42100.1  522212 -4.64062e+06 -4.24628e+07 3.77345e+08 -2.02137e+06 -1.06746e+07
42150.1  522830 -4.64055e+06 -4.2513e+07 3.77339e+08 -1.65603e+06 -1.0815e+07
42200.1  523447 -4.64049e+06 -4.25632e+07 3.77333e+08 -1.28295e+06 -1.09334e+07
42250.1  524065 -4.64042e+06 -4.26135e+07 3.77328e+08 -903462 -1.10295e+07
42300.1  524683 -4.64035e+06 -4.26637e+07 3.77322e+08 -518905 -1.1103e+07
42350.1  525300 -4.64028e+06 -4.27139e+07 3.77316e+08 -130643 -1.11535e+07
42400.1  525918 -4.6402e+06 -4.27641e+07 3.77311e+08 259950 -1.11808e+07
42450.1  526535 -4.64013e+06 -4.28143e+07 3.77305e+08 651487 -1.11849e+07
42500.1  527153 -4.64006e+06 -4.28645e+07 3.77299e+08 1.04258e+06 -1.11658e+07
42550.1  527770 -4.63999e+06 -4.29147e+07 3.77294e+08 1.43184e+06 -1.11235e+07
42600.1  528388 -4.63992e+06 -4.2965e+07 3.77288e+08 1.81789e+06 -1.10582e+07
42650.1  529005 -4.63985e+06 -4.30152e+07 3.77282e+08 2.19937e+06 -1.09701e+07
42700.1  529623 -4.63978e+06 -4.30654e+07 3.77276e+08 2.57491e+06 -1.08595e+07
42750.1  530240 -4.63971e+06 -4.31156e+07 3.77271e+08 2.94319e+06 -1.07268e+07
42800.1  530858 -4.63964e+06 -4.31658e+07 3.77265e+08 3.30292e+06 -1.05726e+07
42850.1  531475 -4.63957e+06 -4.3216e+07 3.77259e+08 3.6528e+06 -1.03973e+07
42900.1  532093 -4.6395e+06 -4.32662e+07 3.77253e+08 3.99162e+06 -1.02015e+07
42950.1  532710 -4.63943e+06 -4.33164e+07 3.77248e+08 4.31817e+06 -9.98609e+06
43000.1  533328 -4.63936e+06 -4.33666e+07 3.77242e+08 4.63132e+06 -9.75169e+06
43050.1  533945 -4.63929e+06 -4.34168e+07 3.77236e+08 4.92994e+06 -9.49919e+06
43100.1  534562 -4.63921e+06 -4.3467e+07 3.7723e+08 5.213e+06 -9.22949e+06
43150.1  535180 -4.63914e+06 -4.35172e+07 3.77224e+08 5.47951e+06 -8.94354e+06
43200.1  535797 -4.63907e+06 -4.35674e+07 3.77219e+08 5.72854e+06 -8.64237e+06
43250.1  536415 -4.639e+06 -4.36176e+07 3.77213e+08 5.95921e+06 -8.32705e+06
43300.1  537032 -4.63893e+06 -4.36678e+07 3.77207e+08 6.17073e+06 -7.9987e+06
43350.1  537649 -4.63886e+06 -4.3718e+07 3.77201e+08 6.36236e+06 -7.6585e+06
43400.1  538267 -4.63878e+06 -4.37682e+07 3.77195e+08 6.53345e+06 -7.30764e+06
43450.1  538884 -4.63871e+06 -4.38184e+07 3.77189e+08 6.6834e+06 -6.94737e+06
43500.1  539501 -4.63864e+06 -4.38686e+07 3.77184e+08 6.8117e+06 -6.57897e+06
43550.1  540119 -4.63857e+06 -4.39188e+07 3.77178e+08 6.91793e+06 -6.20374e+06
43600.1  540736 -4.6385e+06 -4.3969e+07 3.77172e+08 7.00172e+06 -5.82301e+06
43650.1  541353 -4.63842e+06 -4.40192e+07 3.77166e+08 7.0628e+06 -5.43811e+06
43700.1  541971 -4.63835e+06 -4.40694e+07 3.7716e+08 7.10097e+06 -5.0504e+06
43750.1  542588 -4.63828e+06 -4.41196e+07 3.77154e+08 7.11613e+06 -4.66124e+06
43800.1  543205 -4.63821e+06 -4.41698e+07 3.77148e+08 7.10822e+06 -4.272e+06
43850.1  543822 -4.63813e+06 -4.422e+07 3.77142e+08 7.07731e+06 -3.88405e+06
43900.1  544440 -4.63806e+06 -4.42702e+07 3.77136e+08 7.02352e+06 -3.49874e+06
43950.1  545057 -4.63799e+06 -4.43204e+07 3.77131e+08 6.94706e+06 -3.11741e+06
44000.1  545674 -4.63792e+06 -4.43706e+07 3.77125e+08 6.84821e+06 -2.7414e+06
44050.1  546291 -4.63784e+06 -4.44208e+07 3.77119e+08 6.72733e+06 -2.37202e+06
44100.1  546909 -4.63777e+06 -4.4471e+07 3.77113e+08 6.58488e+06 -2.01055e+06
44150.1  547526 -4.6377e+06 -4.45211e+07 3.77107e+08 6.42135e+06 -1.65824e+06
44200.1  548143 -4.63762e+06 -4.45713e+07 3.77101e+08 6.23734e+06 -1.31633e+06
44250.1  548760 -4.63755e+06 -4.46215e+07 3.77095e+08 6.03351e+06 -985989
44300.1  549377 -4.63748e+06 -4.46717e+07 3.77089e+08 5.81058e+06 -668364
44350.1  549995 -4.6374e+06 -4.47219e+07 3.77083e+08 5.56933e+06 -364553
44400.1  550612 -4.63733e+06 -4.47721e+07 3.77077e+08 5.31063e+06 -75604.1
44450.1  551229 -4.63726e+06 -4.48222e+07 3.77071e+08 5.03538e+06 197486
44500.1  551846 -4.63718e+06 -4.48724e+07 3.77065e+08 4.74455e+06 453778
44550.1  552463 -4.63711e+06 -4.49226e+07 3.77059e+08 4.43915e+06 692390
44600.1  553080 -4.63704e+06 -4.49728e+07 3.77053e+08 4.12027e+06 912502
44650.1  553697 -4.63696e+06 -4.5023e+07 3.77047e+08 3.78901e+06 1.11336e+06
44700.1  554315 -4.63689e+06 -4.50731e+07 3.77041e+08 3.44652e+06 1.29427e+06
44750.1  554932 -4.63681e+06 -4.51233e+07 3.77035e+08 3.09401e+06 1.45462e+06
44800.1  555549 -4.63674e+06 -4.51735e+07 3.77029e+08 2.7327e+06 1.59385e+06
44850.1  556166 -4.63667e+06 -4.52237e+07 3.77023e+08 2.36384e+06 1.71149e+06
44900.1  556783 -4.63659e+06 -4.52739e+07 3.77017e+08 1.98872e+06 1.80714e+06
44950.1  557400 -4.63652e+06 -4.5324e+07 3.77011e+08 1.60864e+06 1.88047e+06
45000.1  558017 -4.63644e+06 -4.53742e+07 3.77005e+08 1.22492e+06 1.93122e+06
45050.1  558634 -4.63637e+06 -4.54244e+07 3.76999e+08 838884 1.95924e+06
45100.1  559251 -4.63629e+06 -4.54746e+07 3.76993e+08 451883 1.96441e+06
45150.1  559868 -4.63622e+06 -4.55247e+07 3.76987e+08 65253.2 1.94673e+06
45200.1  560485 -4.63614e+06 -4.55749e+07 3.76981e+08 -319664 1.90625e+06
45250.1  561102 -4.63607e+06 -4.56251e+07 3.76975e+08 -701532 1.84311e+06
45300.1  561719 -4.63599e+06 -4.56752e+07 3.76968e+08 -1.07903e+06 1.75754e+06
45350.1  562336 -4.63592e+06 -4.57254e+07 3.76962e+08 -1.45084e+06 1.64981e+06
45400.1  562953 -4.63584e+06 -4.57756e+07 3.76956e+08 -1.81568e+06 1.5203e+06
45450.1  563570 -4.63577e+06 -4.58257e+07 3.7695e+08 -2.17227e+06 1.36946e+06
45500.1  564187 -4.63569e+06 -4.58759e+07 3.76944e+08 -2.51938e+06 1.1978e+06
45550.1  564804 -4.63562e+06 -4.59261e+07 3.76938e+08 -2.85579e+06 1.00591e+06
45600.1  565421 -4.63554e+06 -4.59762e+07 3.76932e+08 -3.18034e+06 794452
45650.1  566038 -4.63547e+06 -4.60264e+07 3.76926e+08 -3.49188e+06 564145
45700.1  566655 -4.63539e+06 -4.60766e+07 3.76919e+08 -3.78934e+06 315784
45750.1  567271 -4.63532e+06 -4.61267e+07 3.76913e+08 -4.07167e+06 50224.4
45800.1  567888 -4.63524e+06 -4.61769e+07 3.76907e+08 -4.33787e+06 -231620
45850.1  568505 -4.63517e+06 -4.6227e+07 3.76901e+08 -4.58701e+06 -528778
45900.1  569122 -4.63509e+06 -4.62772e+07 3.76895e+08 -4.81821e+06 -840224
45950.1  569739 -4.63501e+06 -4.63274e+07 3.76889e+08 -5.03066e+06 -1.16488e+06
46000.1  570356 -4.63494e+06 -4.63775e+07 3.76882e+08 -5.2236e+06 -1.50163e+06
46050.1  570973 -4.63486e+06 -4.64277e+07 3.76876e+08 -5.39634e+06 -1.8493e+06
46100.1  571589 -4.63478e+06 -4.64778e+07 3.7687e+08 -5.54826e+06 -2.20668e+06
46150.1  572206 -4.63471e+06 -4.6528e+07 3.76864e+08 -5.67882e+06 -2.57254e+06
46200.1  572823 -4.63463e+06 -4.65781e+07 3.76858e+08 -5.78755e+06 -2.94561e+06
46250.1  573440 -4.63456e+06 -4.66283e+07 3.76851e+08 -5.87404e+06 -3.32458e+06
46300.1  574057 -4.63448e+06 -4.66784e+07 3.76845e+08 -5.93798e+06 -3.70813e+06
46350.1  574673 -4.6344e+06 -4.67286e+07 3.76839e+08 -5.97912e+06 -4.09492e+06
46400.1  575290 -4.63433e+06 -4.67787e+07 3.76833e+08 -5.9973e+06 -4.4836e+06
46450.1  575907 -4.63425e+06 -4.68289e+07 3.76826e+08 -5.99243e+06 -4.87281e+06
46500.1  576524 -4.63417e+06 -4.6879e+07 3.7682e+08 -5.96452e+06 -5.26119e+06
46550.1  577140 -4.63409e+06 -4.69292e+07 3.76814e+08 -5.91364e+06 -5.64736e+06
46600.1  577757 -4.63402e+06 -4.69793e+07 3.76808e+08 -5.83995e+06 -6.02997e+06
46650.1  578374 -4.63394e+06 -4.70295e+07 3.76801e+08 -5.74369e+06 -6.40767e+06
46700.1  578991 -4.63386e+06 -4.70796e+07 3.76795e+08 -5.62519e+06 -6.77913e+06
46750.1  579607 -4.63379e+06 -4.71298e+07 3.76789e+08 -5.48484e+06 -7.14304e+06
46800.1  580224 -4.63371e+06 -4.71799e+07 3.76783e+08 -5.32311e+06 -7.4981e+06
46850.1  580841 -4.63363e+06 -4.72301e+07 3.76776e+08 -5.14057e+06 -7.84306e+06
46900.1  581457 -4.63355e+06 -4.72802e+07 3.7677e+08 -4.93784e+06 -8.1767e+06
46950.1  582074 -4.63348e+06 -4.73304e+07 3.76764e+08 -4.71562e+06 -8.49782e+06
47000.1  582691 -4.6334e+06 -4.73805e+07 3.76757e+08 -4.47468e+06 -8.80529e+06
47050.1  583307 -4.63332e+06 -4.74306e+07 3.76751e+08 -4.21586e+06 -9.09801e+06
47100.1  583924 -4.63324e+06 -4.74808e+07 3.76745e+08 -3.94006e+06 -9.37493e+06
47150.1  584540 -4.63316e+06 -4.75309e+07 3.76738e+08 -3.64825e+06 -9.63507e+06
47200.1  585157 -4.63309e+06 -4.75811e+07 3.76732e+08 -3.34146e+06 -9.8775e+06
47250.1  585774 -4.63301e+06 -4.76312e+07 3.76726e+08 -3.02075e+06 -1.01014e+07
47300.1  586390 -4.63293e+06 -4.76813e+07 3.76719e+08 -2.68726e+06 -1.03058e+07
47350.1  587007 -4.63285e+06 -4.77315e+07 3.76713e+08 -2.34216e+06 -1.04902e+07
47400.1  587623 -4.63277e+06 -4.77816e+07 3.76707e+08 -1.98667e+06 -1.06538e+07
47450.1  588240 -4.63269e+06 -4.78317e+07 3.767e+08 -1.62205e+06 -1.0796e+07
47500.1  588856 -4.63262e+06 -4.78819e+07 3.76694e+08 -1.24958e+06 -1.09163e+07
47550.1  589473 -4.63254e+06 -4.7932e+07 3.76687e+08 -870590 -1.10143e+07
47600.1  590089 -4.63246e+06 -4.79821e+07 3.76681e+08 -486413 -1.10897e+07
47650.1  590706 -4.63238e+06 -4.80323e+07 3.76675e+08 -98413.8 -1.11422e+07
47700.1  591322 -4.6323e+06 -4.80824e+07 3.76668e+08 292033 -1.11715e+07
47750.1  591939 -4.63222e+06 -4.81325e+07 3.76662e+08 683542 -1.11776e+07
47800.1  592555 -4.63214e+06 -4.81826e+07 3.76655e+08 1.07473e+06 -1.11604e+07
47850.1  593172 -4.63206e+06 -4.82328e+07 3.76649e+08 1.4642e+06 -1.11201e+07
47900.1  593788 -4.63198e+06 -4.82829e+07 3.76642e+08 1.85058e+06 -1.10567e+07
47950.1  594405 -4.63191e+06 -4.8333e+07 3.76636e+08 2.23249e+06 -1.09705e+07
48000.1  595021 -4.63183e+06 -4.83831e+07 3.7663e+08 2.60859e+06 -1.08618e+07
48050.1  595638 -4.63175e+06 -4.84333e+07 3.76623e+08 2.97755e+06 -1.0731e+07
48100.1  596254 -4.63167e+06 -4.84834e+07 3.76617e+08 3.33805e+06 -1.05786e+07
48150.1  596870 -4.63159e+06 -4.85335e+07 3.7661e+08 3.68882e+06 -1.0405e+07
48200.1  597487 -4.63151e+06 -4.85836e+07 3.76604e+08 4.02863e+06 -1.0211e+07
48250.1  598103 -4.63143e+06 -4.86338e+07 3.76597e+08 4.35627e+06 -9.99721e+06
48300.1  598720 -4.63135e+06 -4.86839e+07 3.76591e+08 4.6706e+06 -9.76439e+06
48350.1  599336 -4.63127e+06 -4.8734e+07 3.76584e+08 4.9705e+06 -9.51339e+06
48400.1  599952 -4.63119e+06 -4.87841e+07 3.76578e+08 5.25493e+06 -9.24511e+06
48450.1  600569 -4.63111e+06 -4.88342e+07 3.76571e+08 5.52289e+06 -8.9605e+06
48500.1  601185 -4.63103e+06 -4.88843e+07 3.76565e+08 5.77344e+06 -8.66058e+06
48550.1  601801 -4.63095e+06 -4.89345e+07 3.76558e+08 6.00571e+06 -8.34641e+06
48600.1  602418 -4.63087e+06 -4.89846e+07 3.76552e+08 6.21889e+06 -8.01912e+06
48650.1  603034 -4.63079e+06 -4.90347e+07 3.76545e+08 6.41225e+06 -7.67988e+06
48700.1  603650 -4.63071e+06 -4.90848e+07 3.76538e+08 6.58511e+06 -7.32987e+06
48750.1  604266 -4.63063e+06 -4.91349e+07 3.76532e+08 6.73688e+06 -6.97035e+06
48800.1  604883 -4.63054e+06 -4.9185e+07 3.76525e+08 6.86705e+06 -6.60258e+06
48850.1  605499 -4.63046e+06 -4.92351e+07 3.76519e+08 6.97517e+06 -6.22787e+06
48900.1  606115 -4.63038e+06 -4.92852e+07 3.76512e+08 7.06089e+06 -5.84755e+06
48950.1  606731 -4.6303e+06 -4.93353e+07 3.76506e+08 7.12391e+06 -5.46294e+06
49000.1  607348 -4.63022e+06 -4.93854e+07 3.76499e+08 7.16404e+06 -5.07541e+06
49050.1  607964 -4.63014e+06 -4.94356e+07 3.76492e+08 7.18116e+06 -4.68631e+06
49100.1  608580 -4.63006e+06 -4.94857e+07 3.76486e+08 7.17522e+06 -4.29702e+06
49150.1  609196 -4.62998e+06 -4.95358e+07 3.76479e+08 7.14627e+06 -3.9089e+06
49200.1  609812 -4.6299e+06 -4.95859e+07 3.76473e+08 7.09442e+06 -3.5233e+06
49250.1  610428 -4.62981e+06 -4.9636e+07 3.76466e+08 7.01988e+06 -3.14157e+06
49300.1  611045 -4.62973e+06 -4.96861e+07 3.76459e+08 6.92293e+06 -2.76505e+06
49350.1  611661 -4.62965e+06 -4.97362e+07 3.76453e+08 6.80391e+06 -2.39504e+06
49400.1  612277 -4.62957e+06 -4.97863e+07 3.76446e+08 6.66328e+06 -2.03284e+06
49450.1  612893 -4.62949e+06 -4.98364e+07 3.76439e+08 6.50153e+06 -1.67969e+06
49500.1  613509 -4.62941e+06 -4.98865e+07 3.76433e+08 6.31924e+06 -1.33684e+06
49550.1  614125 -4.62932e+06 -4.99366e+07 3.76426e+08 6.11707e+06 -1.00545e+06
49600.1  614741 -4.62924e+06 -4.99867e+07 3.76419e+08 5.89574e+06 -686692
49650.1  615357 -4.62916e+06 -5.00368e+07 3.76413e+08 5.65602e+06 -381652
49700.1  615973 -4.62908e+06 -5.00868e+07 3.76406e+08 5.39877e+06 -91387.6
49750.1  616590 -4.629e+06 -5.01369e+07 3.76399e+08 5.12489e+06 183102
49800.1  617206 -4.62891e+06 -5.0187e+07 3.76393e+08 4.83535e+06 440871
49850.1  617822 -4.62883e+06 -5.02371e+07 3.76386e+08 4.53116e+06 681032
49900.1  618438 -4.62875e+06 -5.02872e+07 3.76379e+08 4.21338e+06 902761
49950.1  619054 -4.62867e+06 -5.03373e+07 3.76373e+08 3.88313e+06 1.1053e+06
50000.1  619670 -4.62858e+06 -5.03874e+07 3.76366e+08 3.54155e+06 1.28794e+06
50050.1  620286 -4.6285e+06 -5.04375e+07 3.76359e+08 3.18985e+06 1.45007e+06
50100.1  620902 -4.62842e+06 -5.04876e+07 3.76352e+08 2.82923e+06 1.59114e+06
50150.1  621518 -4.62834e+06 -5.05377e+07 3.76346e+08 2.46097e+06 1.71065e+06
50200.1  622134 -4.62825e+06 -5.05877e+07 3.76339e+08 2.08633e+06 1.80819e+06
50250.1  622749 -4.62817e+06 -5.06378e+07 3.76332e+08 1.70662e+06 1.88344e+06
50300.1  623365 -4.62809e+06 -5.06879e+07 3.76325e+08 1.32316e+06 1.93614e+06
50350.1  623981 -4.628e+06 -5.0738e+07 3.76319e+08 937270 1.96611e+06
50400.1  624597 -4.62792e+06 -5.07881e+07 3.76312e+08 550298 1.97324e+06
50450.1  625213 -4.62784e+06 -5.08382e+07 3.76305e+08 163583 1.95752e+06
50500.1  625829 -4.62775e+06 -5.08882e+07 3.76298e+08 -221534 1.91899e+06
50550.1  626445 -4.62767e+06 -5.09383e+07 3.76292e+08 -603715 1.85779e+06
50600.1  627061 -4.62759e+06 -5.09884e+07 3.76285e+08 -981636 1.77412e+06
50650.1  627677 -4.6275e+06 -5.10385e+07 3.76278e+08 -1.35398e+06 1.66828e+06
50700.1  628292 -4.62742e+06 -5.10885e+07 3.76271e+08 -1.71947e+06 1.54062e+06
50750.1  628908 -4.62733e+06 -5.11386e+07 3.76264e+08 -2.07681e+06 1.39159e+06
50800.1  629524 -4.62725e+06 -5.11887e+07 3.76257e+08 -2.42478e+06 1.2217e+06
50850.1  630140 -4.62717e+06 -5.12388e+07 3.76251e+08 -2.76215e+06 1.03151e+06
50900.1  630756 -4.62708e+06 -5.12888e+07 3.76244e+08 -3.08776e+06 821704
50950.1  631372 -4.627e+06 -5.13389e+07 3.76237e+08 -3.40046e+06 592983
51000.1  631987 -4.62691e+06 -5.1389e+07 3.7623e+08 -3.69916e+06 346139
51050.1  632603 -4.62683e+06 -5.14391e+07 3.76223e+08 -3.98281e+06 82020.3
51100.1  633219 -4.62674e+06 -5.14891e+07 3.76216e+08 -4.25043e+06 -198464
51150.1  633835 -4.62666e+06 -5.15392e+07 3.76209e+08 -4.50106e+06 -494346
51200.1  634450 -4.62657e+06 -5.15893e+07 3.76203e+08 -4.73383e+06 -804606
51250.1  635066 -4.62649e+06 -5.16393e+07 3.76196e+08 -4.94791e+06 -1.12817e+06
51300.1  635682 -4.62641e+06 -5.16894e+07 3.76189e+08 -5.14254e+06 -1.46392e+06
51350.1  636297 -4.62632e+06 -5.17395e+07 3.76182e+08 -5.31703e+06 -1.8107e+06
51400.1  636913 -4.62624e+06 -5.17895e+07 3.76175e+08 -5.47075e+06 -2.16729e+06
51450.1  637529 -4.62615e+06 -5.18396e+07 3.76168e+08 -5.60316e+06 -2.53247e+06
51500.1  638144 -4.62607e+06 -5.18896e+07 3.76161e+08 -5.71376e+06 -2.90496e+06
51550.1  638760 -4.62598e+06 -5.19397e+07 3.76154e+08 -5.80217e+06 -3.28347e+06
51600.1  639376 -4.62589e+06 -5.19898e+07 3.76147e+08 -5.86804e+06 -3.66667e+06
51650.1  639991 -4.62581e+06 -5.20398e+07 3.7614e+08 -5.91113e+06 -4.05323e+06
51700.1  640607 -4.62572e+06 -5.20899e+07 3.76133e+08 -5.93127e+06 -4.4418e+06
51750.1  641223 -4.62564e+06 -5.21399e+07 3.76126e+08 -5.92838e+06 -4.83101e+06
51800.1  641838 -4.62555e+06 -5.219e+07 3.76119e+08 -5.90243e+06 -5.2195e+06
51850.1  642454 -4.62547e+06 -5.22401e+07 3.76113e+08 -5.8535e+06 -5.60591e+06
51900.1  643069 -4.62538e+06 -5.22901e+07 3.76106e+08 -5.78176e+06 -5.98886e+06
51950.1  643685 -4.6253e+06 -5.23402e+07 3.76099e+08 -5.68741e+06 -6.36703e+06
52000.1  644301 -4.62521e+06 -5.23902e+07 3.76092e+08 -5.5708e+06 -6.73906e+06
52050.1  644916 -4.62512e+06 -5.24403e+07 3.76085e+08 -5.43229e+06 -7.10366e+06
52100.1  645532 -4.62504e+06 -5.24903e+07 3.76078e+08 -5.27237e+06 -7.45951e+06
52150.1  646147 -4.62495e+06 -5.25404e+07 3.76071e+08 -5.09158e+06 -7.80537e+06
52200.1  646763 -4.62486e+06 -5.25904e+07 3.76064e+08 -4.89055e+06 -8.14001e+06
52250.1  647378 -4.62478e+06 -5.26405e+07 3.76057e+08 -4.66996e+06 -8.46224e+06
52300.1  647994 -4.62469e+06 -5.26905e+07 3.76049e+08 -4.43059e+06 -8.77091e+06
52350.1  648609 -4.62461e+06 -5.27406e+07 3.76042e+08 -4.17326e+06 -9.06492e+06
52400.1  649225 -4.62452e+06 -5.27906e+07 3.76035e+08 -3.89887e+06 -9.34322e+06
52450.1  649840 -4.62443e+06 -5.28406e+07 3.76028e+08 -3.60839e+06 -9.60482e+06
52500.1  650455 -4.62435e+06 -5.28907e+07 3.76021e+08 -3.30283e+06 -9.84879e+06
52550.1  651071 -4.62426e+06 -5.29407e+07 3.76014e+08 -2.98327e+06 -1.00742e+07
