t  x  y  z  vx  vy  vz  range
0  0  0  0  34.6252  0  29.054  0
0  0.345505  0  0.289423  34.4759  0  28.8309  0.345505
0.01  0.689521  0  0.576622  34.3276  0  28.6091  0.689521
0.02  1.03206  0  0.86161  34.1804  0  28.3887  1.03206
0.03  1.37313  0  1.1444  34.0343  0  28.1695  1.37313
0.04  1.71275  0  1.425  33.8891  0  27.9516  1.71275
0.05  2.05092  0  1.70344  33.745  0  27.7349  2.05092
0.06  2.38765  0  1.97971  33.602  0  27.5195  2.38765
0.07  2.72296  0  2.25383  33.4599  0  27.3054  2.72296
0.08  3.05685  0  2.52582  33.3188  0  27.0925  3.05685
0.09  3.38934  0  2.79568  33.1787  0  26.8808  3.38934
0.1  3.72043  0  3.06344  33.0396  0  26.6702  3.72043
0.11  4.05014  0  3.32909  32.9014  0  26.4609  4.05014
0.12  4.37846  0  3.59266  32.7642  0  26.2528  4.37846
0.13  4.70542  0  3.85415  32.6279  0  26.0458  4.70542
0.14  5.03102  0  4.11358  32.4926  0  25.8399  5.03102
0.15  5.35528  0  4.37095  32.3581  0  25.6352  5.35528
0.16  5.67819  0  4.62629  32.2246  0  25.4316  5.67819
0.17  5.99977  0  4.87959  32.092  0  25.2292  5.99977
0.18  6.32003  0  5.13087  31.9603  0  25.0278  6.32003
0.19  6.63898  0  5.38015  31.8294  0  24.8276  6.63898
0.2  6.95662  0  5.62743  31.6994  0  24.6284  6.95662
0.21  7.27297  0  5.87272  31.5703  0  24.4303  7.27297
0.22  7.58803  0  6.11604  31.4421  0  24.2332  7.58803
0.23  7.90181  0  6.35739  31.3146  0  24.0372  7.90181
0.24  8.21433  0  6.59679  31.1881  0  23.8422  8.21433
0.25  8.52558  0  6.83424  31.0623  0  23.6483  8.52558
0.26  8.83558  0  7.06976  30.9374  0  23.4554  8.83558
0.27  9.14433  0  7.30335  30.8133  0  23.2635  9.14433
0.28  9.45184  0  7.53503  30.69  0  23.0726  9.45184
0.29  9.75813  0  7.7648  30.5674  0  22.8827  9.75813
0.3  10.0632  0  7.99269  30.4457  0  22.6937  10.0632
0.31  10.367  0  8.21868  30.3247  0  22.5058  10.367
0.32  10.6697  0  8.4428  30.2045  0  22.3188  10.6697
0.33  10.9711  0  8.66506  30.0851  0  22.1327  10.9711
0.34  11.2714  0  8.88546  29.9665  0  21.9476  11.2714
0.35  11.5705  0  9.10402  29.8485  0  21.7634  11.5705
0.36  11.8684  0  9.32073  29.7313  0  21.5802  11.8684
0.37  12.1651  0  9.53562  29.6149  0  21.3978  12.1651
0.38  12.4607  0  9.74869  29.4992  0  21.2164  12.4607
0.39  12.7551  0  9.95995  29.3841  0  21.0359  12.7551
0.4  13.0484  0  10.1694  29.2698  0  20.8562  13.0484
0.41  13.3405  0  10.3771  29.1562  0  20.6775  13.3405
0.42  13.6315  0  10.583  29.0433  0  20.4996  13.6315
0.43  13.9214  0  10.7871  28.9311  0  20.3226  13.9214
0.44  14.2101  0  10.9894  28.8196  0  20.1464  14.2101
0.45  14.4977  0  11.19  28.7087  0  19.9711  14.4977
0.46  14.7843  0  11.3888  28.5985  0  19.7967  14.7843
0.47  15.0697  0  11.5859  28.489  0  19.623  15.0697
0.48  15.3541  0  11.7813  28.3801  0  19.4502  15.3541
0.49  15.6373  0  11.975  28.2719  0  19.2783  15.6373
0.5  15.9195  0  12.1669  28.1643  0  19.1071  15.9195
0.51  16.2006  0  12.3571  28.0574  0  18.9367  16.2006
0.52  16.4807  0  12.5456  27.9511  0  18.7672  16.4807
0.53  16.7596  0  12.7324  27.8454  0  18.5984  16.7596
0.54  17.0376  0  12.9176  27.7403  0  18.4304  17.0376
0.55  17.3144  0  13.1011  27.6359  0  18.2632  17.3144
0.56  17.5903  0  13.2829  27.532  0  18.0967  17.5903
0.57  17.8651  0  13.463  27.4288  0  17.931  17.8651
0.58  18.1389  0  13.6415  27.3261  0  17.7661  18.1389
0.59  18.4116  0  13.8183  27.2241  0  17.602  18.4116
0.6  18.6834  0  13.9935  27.1226  0  17.4385  18.6834
0.61  18.9541  0  14.1671  27.0217  0  17.2758  18.9541
0.62  19.2238  0  14.339  26.9214  0  17.1139  19.2238
0.63  19.4925  0  14.5094  26.8216  0  16.9526  19.4925
0.64  19.7602  0  14.6781  26.7224  0  16.7921  19.7602
0.65  20.027  0  14.8452  26.6238  0  16.6323  20.027
0.66  20.2927  0  15.0107  26.5257  0  16.4732  20.2927
0.67  20.5575  0  15.1747  26.4281  0  16.3148  20.5575
0.68  20.8213  0  15.337  26.3311  0  16.1571  20.8213
0.69  21.0841  0  15.4978  26.2347  0  16.0001  21.0841
0.7  21.346  0  15.657  26.1387  0  15.8438  21.346
0.71  21.6069  0  15.8147  26.0433  0  15.6881  21.6069
0.72  21.8668  0  15.9708  25.9484  0  15.5331  21.8668
0.73  22.1258  0  16.1254  25.854  0  15.3788  22.1258
0.74  22.3839  0  16.2784  25.7602  0  15.2252  22.3839
0.75  22.641  0  16.4299  25.6668  0  15.0722  22.641
0.76  22.8972  0  16.5798  25.574  0  14.9198  22.8972
0.77  23.1525  0  16.7283  25.4816  0  14.7681  23.1525
0.78  23.4069  0  16.8752  25.3898  0  14.617  23.4069
0.79  23.6603  0  17.0206  25.2984  0  14.4666  23.6603
0.8  23.9128  0  17.1645  25.2075  0  14.3168  23.9128
0.81  24.1645  0  17.307  25.1171  0  14.1676  24.1645
0.82  24.4152  0  17.4479  25.0271  0  14.0191  24.4152
0.83  24.665  0  17.5873  24.9377  0  13.8711  24.665
0.84  24.9139  0  17.7253  24.8487  0  13.7238  24.9139
0.85  25.162  0  17.8618  24.7601  0  13.5771  25.162
0.86  25.4092  0  17.9969  24.672  0  13.431  25.4092
0.87  25.6554  0  18.1304  24.5844  0  13.2854  25.6554
0.88  25.9008  0  18.2626  24.4972  0  13.1405  25.9008
0.89  26.1454  0  18.3932  24.4105  0  12.9962  26.1454
0.9  26.3891  0  18.5225  24.3242  0  12.8524  26.3891
0.91  26.6319  0  18.6503  24.2384  0  12.7092  26.6319
0.92  26.8738  0  18.7767  24.153  0  12.5666  26.8738
0.93  27.1149  0  18.9016  24.068  0  12.4245  27.1149
0.94  27.3552  0  19.0252  23.9834  0  12.2831  27.3552
0.95  27.5946  0  19.1473  23.8993  0  12.1421  27.5946
0.96  27.8332  0  19.268  23.8155  0  12.0018  27.8332
0.97  28.0709  0  19.3873  23.7322  0  11.862  28.0709
0.98  28.3078  0  19.5053  23.6493  0  11.7227  28.3078
0.99  28.5439  0  19.6218  23.5669  0  11.584  28.5439
1  28.7792  0  19.7369  23.4848  0  11.4458  28.7792
1.01  29.0136  0  19.8507  23.4031  0  11.3082  29.0136
1.02  29.2472  0  19.9631  23.3218  0  11.1711  29.2472
1.03  29.48  0  20.0741  23.2409  0  11.0345  29.48
1.04  29.712  0  20.1838  23.1604  0  10.8984  29.712
1.05  29.9432  0  20.2921  23.0803  0  10.7629  29.9432
1.06  30.1736  0  20.399  23.0005  0  10.6279  30.1736
1.07  30.4033  0  20.5047  22.9212  0  10.4934  30.4033
1.08  30.6321  0  20.6089  22.8422  0  10.3594  30.6321
1.09  30.8601  0  20.7118  22.7636  0  10.2259  30.8601
1.1  31.0873  0  20.8134  22.6854  0  10.0929  31.0873
1.11  31.3138  0  20.9137  22.6075  0  9.96046  31.3138
1.12  31.5395  0  21.0126  22.53  0  9.82848  31.5395
1.13  31.7644  0  21.1103  22.4529  0  9.697  31.7644
1.14  31.9885  0  21.2066  22.3761  0  9.566  31.9885
1.15  32.2119  0  21.3016  22.2996  0  9.43549  32.2119
1.16  32.4345  0  21.3953  22.2235  0  9.30547  32.4345
1.17  32.6564  0  21.4877  22.1478  0  9.17592  32.6564
1.18  32.8775  0  21.5788  22.0724  0  9.04685  32.8775
1.19  33.0978  0  21.6686  21.9974  0  8.91826  33.0978
1.2  33.3174  0  21.7572  21.9227  0  8.79014  33.3174
1.21  33.5363  0  21.8445  21.8483  0  8.66249  33.5363
1.22  33.7544  0  21.9304  21.7743  0  8.5353  33.7544
1.23  33.9718  0  22.0152  21.7006  0  8.40857  33.9718
1.24  34.1884  0  22.0986  21.6272  0  8.2823  34.1884
1.25  34.4043  0  22.1808  21.5541  0  8.15649  34.4043
1.26  34.6195  0  22.2617  21.4814  0  8.03114  34.6195
1.27  34.834  0  22.3414  21.409  0  7.90623  34.834
1.28  35.0477  0  22.4199  21.3369  0  7.78177  35.0477
1.29  35.2607  0  22.4971  21.2651  0  7.65776  35.2607
1.3  35.473  0  22.573  21.1936  0  7.53419  35.473
1.31  35.6846  0  22.6478  21.1225  0  7.41105  35.6846
1.32  35.8954  0  22.7212  21.0516  0  7.28836  35.8954
1.33  36.1056  0  22.7935  20.9811  0  7.1661  36.1056
1.34  36.3151  0  22.8646  20.9108  0  7.04427  36.3151
1.35  36.5238  0  22.9344  20.8409  0  6.92287  36.5238
1.36  36.7319  0  23.003  20.7712  0  6.8019  36.7319
1.37  36.9393  0  23.0704  20.7019  0  6.68135  36.9393
1.38  37.1459  0  23.1367  20.6328  0  6.56123  37.1459
1.39  37.3519  0  23.2017  20.5641  0  6.44152  37.3519
1.4  37.5572  0  23.2655  20.4956  0  6.32223  37.5572
1.41  37.7618  0  23.3281  20.4274  0  6.20336  37.7618
1.42  37.9658  0  23.3896  20.3595  0  6.0849  37.9658
1.43  38.169  0  23.4498  20.2918  0  5.96684  38.169
1.44  38.3716  0  23.5089  20.2245  0  5.8492  38.3716
1.45  38.5735  0  23.5668  20.1574  0  5.73196  38.5735
1.46  38.7747  0  23.6235  20.0906  0  5.61513  38.7747
1.47  38.9753  0  23.6791  20.024  0  5.49869  38.9753
1.48  39.1752  0  23.7335  19.9578  0  5.38266  39.1752
1.49  39.3745  0  23.7868  19.8918  0  5.26702  39.3745
1.5  39.5731  0  23.8389  19.826  0  5.15177  39.5731
1.51  39.771  0  23.8898  19.7606  0  5.03692  39.771
1.52  39.9683  0  23.9396  19.6953  0  4.92246  39.9683
1.53  40.1649  0  23.9883  19.6304  0  4.80839  40.1649
1.54  40.3609  0  24.0358  19.5657  0  4.69471  40.3609
1.55  40.5562  0  24.0821  19.5013  0  4.5814  40.5562
1.56  40.7509  0  24.1274  19.4371  0  4.46849  40.7509
1.57  40.945  0  24.1715  19.3731  0  4.35595  40.945
1.58  41.1384  0  24.2145  19.3094  0  4.24379  41.1384
1.59  41.3311  0  24.2564  19.246  0  4.13201  41.3311
1.6  41.5233  0  24.2972  19.1828  0  4.0206  41.5233
1.61  41.7148  0  24.3368  19.1199  0  3.90957  41.7148
1.62  41.9057  0  24.3753  19.0572  0  3.79891  41.9057
1.63  42.0959  0  24.4128  18.9947  0  3.68862  42.0959
1.64  42.2856  0  24.4491  18.9325  0  3.5787  42.2856
1.65  42.4746  0  24.4844  18.8705  0  3.46914  42.4746
1.66  42.663  0  24.5185  18.8087  0  3.35995  42.663
1.67  42.8508  0  24.5516  18.7472  0  3.25112  42.8508
1.68  43.0379  0  24.5835  18.6859  0  3.14265  43.0379
1.69  43.2245  0  24.6144  18.6248  0  3.03454  43.2245
1.7  43.4104  0  24.6442  18.564  0  2.92679  43.4104
1.71  43.5958  0  24.673  18.5034  0  2.81939  43.5958
1.72  43.7805  0  24.7006  18.443  0  2.71235  43.7805
1.73  43.9646  0  24.7272  18.3829  0  2.60566  43.9646
1.74  44.1482  0  24.7527  18.3229  0  2.49933  44.1482
1.75  44.3311  0  24.7772  18.2632  0  2.39334  44.3311
1.76  44.5134  0  24.8006  18.2037  0  2.28771  44.5134
1.77  44.6952  0  24.8229  18.1444  0  2.18242  44.6952
1.78  44.8763  0  24.8442  18.0854  0  2.07747  44.8763
1.79  45.0569  0  24.8645  18.0265  0  1.97287  45.0569
1.8  45.2369  0  24.8837  17.9679  0  1.86861  45.2369
1.81  45.4162  0  24.9019  17.9095  0  1.7647  45.4162
1.82  45.595  0  24.919  17.8513  0  1.66112  45.595
1.83  45.7733  0  24.9351  17.7933  0  1.55788  45.7733
1.84  45.9509  0  24.9502  17.7355  0  1.45498  45.9509
1.85  46.128  0  24.9642  17.6779  0  1.35241  46.128
1.86  46.3045  0  24.9772  17.6205  0  1.25018  46.3045
1.87  46.4804  0  24.9892  17.5633  0  1.14828  46.4804
1.88  46.6557  0  25.0002  17.5063  0  1.04672  46.6557
1.89  46.8305  0  25.0101  17.4495  0  0.945482  46.8305
1.9  47.0047  0  25.0191  17.3929  0  0.844575  47.0047
1.91  47.1784  0  25.027  17.3366  0  0.743996  47.1784
1.92  47.3515  0  25.034  17.2804  0  0.643744  47.3515
1.93  47.524  0  25.0399  17.2244  0  0.543817  47.524
1.94  47.6959  0  25.0448  17.1686  0  0.444214  47.6959
1.95  47.8674  0  25.0488  17.113  0  0.344934  47.8674
1.96  48.0382  0  25.0517  17.0576  0  0.245976  48.0382
1.97  48.2085  0  25.0537  17.0024  0  0.147338  48.2085
1.98  48.3783  0  25.0547  16.9473  0  0.0490202  48.3783
1.99  48.5474  0  25.0547  16.8925  0  -0.0489798  48.5474
2  48.7161  0  25.0537  16.8378  0  -0.146663  48.7161
2.01  48.8842  0  25.0518  16.7834  0  -0.24403  48.8842
2.02  49.0518  0  25.0488  16.7291  0  -0.341082  49.0518
2.03  49.2188  0  25.0449  16.675  0  -0.43782  49.2188
2.04  49.3853  0  25.0401  16.6211  0  -0.534246  49.3853
2.05  49.5512  0  25.0343  16.5674  0  -0.630361  49.5512
2.06  49.7166  0  25.0275  16.5138  0  -0.726165  49.7166
2.07  49.8815  0  25.0197  16.4604  0  -0.82166  49.8815
2.08  50.0458  0  25.011  16.4073  0  -0.916847  50.0458
2.09  50.2096  0  25.0014  16.3542  0  -1.01173  50.2096
2.1  50.3729  0  24.9908  16.3014  0  -1.1063  50.3729
2.11  50.5357  0  24.9793  16.2488  0  -1.20057  50.5357
2.12  50.6979  0  24.9668  16.1963  0  -1.29453  50.6979
2.13  50.8596  0  24.9534  16.144  0  -1.38819  50.8596
2.14  51.0208  0  24.939  16.0919  0  -1.48155  51.0208
2.15  51.1814  0  24.9237  16.0399  0  -1.57461  51.1814
2.16  51.3416  0  24.9075  15.9881  0  -1.66737  51.3416
2.17  51.5012  0  24.8904  15.9365  0  -1.75983  51.5012
2.18  51.6603  0  24.8723  15.8851  0  -1.85199  51.6603
2.19  51.8189  0  24.8534  15.8338  0  -1.94386  51.8189
2.2  51.977  0  24.8335  15.7827  0  -2.03542  51.977
2.21  52.1345  0  24.8127  15.7318  0  -2.1267  52.1345
2.22  52.2916  0  24.7909  15.681  0  -2.21768  52.2916
2.23  52.4482  0  24.7683  15.6304  0  -2.30836  52.4482
2.24  52.6042  0  24.7448  15.58  0  -2.39876  52.6042
2.25  52.7598  0  24.7203  15.5297  0  -2.48886  52.7598
2.26  52.9148  0  24.695  15.4796  0  -2.57867  52.9148
2.27  53.0694  0  24.6688  15.4297  0  -2.6682  53.0694
2.28  53.2234  0  24.6416  15.3799  0  -2.75743  53.2234
2.29  53.377  0  24.6136  15.3303  0  -2.84638  53.377
2.3  53.53  0  24.5847  15.2809  0  -2.93504  53.53
2.31  53.6826  0  24.5549  15.2316  0  -3.02341  53.6826
2.32  53.8346  0  24.5242  15.1824  0  -3.1115  53.8346
2.33  53.9862  0  24.4927  15.1335  0  -3.19931  53.9862
2.34  54.1373  0  24.4602  15.0847  0  -3.28683  54.1373
2.35  54.2879  0  24.4269  15.036  0  -3.37408  54.2879
2.36  54.438  0  24.3928  14.9875  0  -3.46104  54.438
2.37  54.5877  0  24.3577  14.9392  0  -3.54772  54.5877
2.38  54.7368  0  24.3218  14.891  0  -3.63412  54.7368
2.39  54.8855  0  24.285  14.843  0  -3.72024  54.8855
2.4  55.0337  0  24.2474  14.7951  0  -3.80608  55.0337
2.41  55.1814  0  24.2089  14.7474  0  -3.89165  55.1814
2.42  55.3286  0  24.1696  14.6999  0  -3.97694  55.3286
2.43  55.4754  0  24.1294  14.6525  0  -4.06196  55.4754
2.44  55.6217  0  24.0883  14.6052  0  -4.14671  55.6217
2.45  55.7675  0  24.0465  14.5581  0  -4.23118  55.7675
2.46  55.9128  0  24.0037  14.5112  0  -4.31537  55.9128
2.47  56.0577  0  23.9601  14.4644  0  -4.3993  56.0577
2.48  56.2021  0  23.9157  14.4177  0  -4.48295  56.2021
2.49  56.3461  0  23.8705  14.3712  0  -4.56634  56.3461
2.5  56.4896  0  23.8244  14.3249  0  -4.64946  56.4896
2.51  56.6326  0  23.7775  14.2787  0  -4.73231  56.6326
2.52  56.7751  0  23.7298  14.2326  0  -4.81489  56.7751
2.53  56.9172  0  23.6812  14.1868  0  -4.8972  56.9172
2.54  57.0589  0  23.6318  14.141  0  -4.97925  57.0589
2.55  57.2  0  23.5816  14.0954  0  -5.06104  57.2
2.56  57.3408  0  23.5306  14.0499  0  -5.14256  57.3408
2.57  57.481  0  23.4788  14.0046  0  -5.22382  57.481
2.58  57.6209  0  23.4261  13.9595  0  -5.30481  57.6209
2.59  57.7602  0  23.3727  13.9145  0  -5.38555  57.7602
2.6  57.8992  0  23.3184  13.8696  0  -5.46602  57.8992
2.61  58.0376  0  23.2634  13.8249  0  -5.54623  58.0376
2.62  58.1757  0  23.2075  13.7803  0  -5.62619  58.1757
2.63  58.3132  0  23.1508  13.7358  0  -5.70589  58.3132
2.64  58.4504  0  23.0934  13.6915  0  -5.78533  58.4504
2.65  58.5871  0  23.0351  13.6474  0  -5.86451  58.5871
2.66  58.7233  0  22.9761  13.6034  0  -5.94344  58.7233
2.67  58.8591  0  22.9163  13.5595  0  -6.02211  58.8591
2.68  58.9945  0  22.8556  13.5158  0  -6.10053  58.9945
2.69  59.1295  0  22.7942  13.4722  0  -6.1787  59.1295
2.7  59.264  0  22.7321  13.4287  0  -6.25661  59.264
2.71  59.398  0  22.6691  13.3854  0  -6.33428  59.398
2.72  59.5317  0  22.6054  13.3422  0  -6.41169  59.5317
2.73  59.6649  0  22.5409  13.2992  0  -6.48885  59.6649
2.74  59.7976  0  22.4756  13.2563  0  -6.56576  59.7976
2.75  59.93  0  22.4096  13.2135  0  -6.64243  59.93
2.76  60.0619  0  22.3428  13.1709  0  -6.71885  60.0619
2.77  60.1934  0  22.2752  13.1284  0  -6.79502  60.1934
2.78  60.3245  0  22.2069  13.0861  0  -6.87094  60.3245
2.79  60.4551  0  22.1378  13.0439  0  -6.94662  60.4551
2.8  60.5854  0  22.0679  13.0018  0  -7.02205  60.5854
2.81  60.7152  0  21.9973  12.9599  0  -7.09725  60.7152
2.82  60.8446  0  21.926  12.9181  0  -7.1722  60.8446
2.83  60.9735  0  21.8539  12.8764  0  -7.2469  60.9735
2.84  61.1021  0  21.781  12.8349  0  -7.32137  61.1021
2.85  61.2302  0  21.7075  12.7935  0  -7.39559  61.2302
2.86  61.358  0  21.6331  12.7522  0  -7.46958  61.358
2.87  61.4853  0  21.5581  12.7111  0  -7.54333  61.4853
2.88  61.6122  0  21.4823  12.6701  0  -7.61684  61.6122
2.89  61.7387  0  21.4057  12.6292  0  -7.69011  61.7387
2.9  61.8648  0  21.3285  12.5885  0  -7.76314  61.8648
2.91  61.9905  0  21.2505  12.5478  0  -7.83594  61.9905
2.92  62.1157  0  21.1718  12.5074  0  -7.90851  62.1157
2.93  62.2406  0  21.0923  12.467  0  -7.98084  62.2406
2.94  62.3651  0  21.0121  12.4268  0  -8.05293  62.3651
2.95  62.4891  0  20.9312  12.3867  0  -8.1248  62.4891
2.96  62.6128  0  20.8496  12.3468  0  -8.19643  62.6128
2.97  62.7361  0  20.7673  12.3069  0  -8.26783  62.7361
2.98  62.8589  0  20.6843  12.2672  0  -8.339  62.8589
2.99  62.9814  0  20.6005  12.2276  0  -8.40994  62.9814
3  63.1035  0  20.5161  12.1882  0  -8.48065  63.1035
3.01  63.2252  0  20.4309  12.1489  0  -8.55113  63.2252
3.02  63.3465  0  20.3451  12.1097  0  -8.62139  63.3465
3.03  63.4674  0  20.2585  12.0706  0  -8.69141  63.4674
3.04  63.5879  0  20.1712  12.0317  0  -8.76122  63.5879
3.05  63.708  0  20.0833  11.9929  0  -8.83079  63.708
3.06  63.8277  0  19.9946  11.9542  0  -8.90014  63.8277
3.07  63.9471  0  19.9053  11.9156  0  -8.96927  63.9471
3.08  64.0661  0  19.8152  11.8772  0  -9.03818  64.0661
3.09  64.1846  0  19.7245  11.8388  0  -9.10686  64.1846
3.1  64.3028  0  19.6331  11.8006  0  -9.17532  64.3028
3.11  64.4206  0  19.541  11.7626  0  -9.24356  64.4206
3.12  64.5381  0  19.4482  11.7246  0  -9.31158  64.5381
3.13  64.6551  0  19.3548  11.6868  0  -9.37938  64.6551
3.14  64.7718  0  19.2606  11.6491  0  -9.44695  64.7718
3.15  64.8881  0  19.1658  11.6115  0  -9.51432  64.8881
3.16  65.0041  0  19.0704  11.574  0  -9.58146  65.0041
3.17  65.1196  0  18.9742  11.5367  0  -9.64839  65.1196
3.18  65.2348  0  18.8774  11.4995  0  -9.7151  65.2348
3.19  65.3496  0  18.7799  11.4624  0  -9.78159  65.3496
3.2  65.464  0  18.6818  11.4254  0  -9.84787  65.464
3.21  65.5781  0  18.583  11.3885  0  -9.91394  65.5781
3.22  65.6918  0  18.4835  11.3518  0  -9.97979  65.6918
3.23  65.8051  0  18.3834  11.3151  0  -10.0454  65.8051
3.24  65.9181  0  18.2826  11.2786  0  -10.1109  65.9181
3.25  66.0307  0  18.1811  11.2422  0  -10.1761  66.0307
3.26  66.143  0  18.0791  11.2059  0  -10.2411  66.143
3.27  66.2548  0  17.9763  11.1698  0  -10.3059  66.2548
3.28  66.3663  0  17.8729  11.1337  0  -10.3704  66.3663
3.29  66.4775  0  17.7689  11.0978  0  -10.4348  66.4775
3.3  66.5883  0  17.6642  11.062  0  -10.499  66.5883
3.31  66.6987  0  17.5589  11.0263  0  -10.5629  66.6987
3.32  66.8088  0  17.453  10.9907  0  -10.6267  66.8088
3.33  66.9186  0  17.3464  10.9552  0  -10.6902  66.9186
3.34  67.0279  0  17.2392  10.9199  0  -10.7536  67.0279
3.35  67.137  0  17.1313  10.8846  0  -10.8167  67.137
3.36  67.2456  0  17.0228  10.8495  0  -10.8796  67.2456
3.37  67.3539  0  16.9137  10.8145  0  -10.9424  67.3539
3.38  67.4619  0  16.804  10.7796  0  -11.0049  67.4619
3.39  67.5695  0  16.6936  10.7448  0  -11.0672  67.5695
3.4  67.6768  0  16.5827  10.7101  0  -11.1293  67.6768
3.41  67.7837  0  16.4711  10.6755  0  -11.1912  67.7837
3.42  67.8903  0  16.3588  10.641  0  -11.2529  67.8903
3.43  67.9966  0  16.246  10.6067  0  -11.3145  67.9966
3.44  68.1025  0  16.1325  10.5724  0  -11.3758  68.1025
3.45  68.208  0  16.0185  10.5383  0  -11.4369  68.208
3.46  68.3132  0  15.9038  10.5043  0  -11.4978  68.3132
3.47  68.4181  0  15.7885  10.4704  0  -11.5585  68.4181
3.48  68.5226  0  15.6726  10.4366  0  -11.619  68.5226
3.49  68.6268  0  15.5561  10.4028  0  -11.6793  68.6268
3.5  68.7307  0  15.4391  10.3693  0  -11.7395  68.7307
3.51  68.8342  0  15.3214  10.3358  0  -11.7994  68.8342
3.52  68.9374  0  15.2031  10.3024  0  -11.8591  68.9374
3.53  69.0403  0  15.0842  10.2691  0  -11.9187  69.0403
3.54  69.1428  0  14.9647  10.2359  0  -11.978  69.1428
3.55  69.245  0  14.8446  10.2029  0  -12.0372  69.245
3.56  69.3468  0  14.7239  10.1699  0  -12.0961  69.3468
3.57  69.4484  0  14.6027  10.1371  0  -12.1549  69.4484
3.58  69.5496  0  14.4809  10.1043  0  -12.2135  69.5496
3.59  69.6505  0  14.3584  10.0717  0  -12.2718  69.6505
3.6  69.751  0  14.2354  10.0391  0  -12.33  69.751
3.61  69.8512  0  14.1118  10.0067  0  -12.388  69.8512
3.62  69.9512  0  13.9877  9.97435  0  -12.4458  69.9512
3.63  70.0507  0  13.8629  9.94212  0  -12.5035  70.0507
3.64  70.15  0  13.7376  9.90999  0  -12.5609  70.15
3.65  70.2489  0  13.6117  9.87796  0  -12.6181  70.2489
3.66  70.3476  0  13.4852  9.84603  0  -12.6752  70.3476
3.67  70.4459  0  13.3582  9.8142  0  -12.7321  70.4459
3.68  70.5438  0  13.2306  9.78247  0  -12.7887  70.5438
3.69  70.6415  0  13.1024  9.75085  0  -12.8452  70.6415
3.7  70.7389  0  12.9737  9.71932  0  -12.9016  70.7389
3.71  70.8359  0  12.8444  9.68789  0  -12.9577  70.8359
3.72  70.9326  0  12.7145  9.65657  0  -13.0136  70.9326
3.73  71.029  0  12.5841  9.62534  0  -13.0694  71.029
3.74  71.1251  0  12.4531  9.59421  0  -13.1249  71.1251
3.75  71.2209  0  12.3216  9.56317  0  -13.1803  71.2209
3.76  71.3164  0  12.1895  9.53224  0  -13.2355  71.3164
3.77  71.4116  0  12.0569  9.5014  0  -13.2906  71.4116
3.78  71.5064  0  11.9237  9.47066  0  -13.3454  71.5064
3.79  71.601  0  11.79  9.44002  0  -13.4001  71.601
3.8  71.6952  0  11.6557  9.40947  0  -13.4546  71.6952
3.81  71.7892  0  11.5209  9.37902  0  -13.5089  71.7892
3.82  71.8828  0  11.3855  9.34867  0  -13.563  71.8828
3.83  71.9761  0  11.2496  9.31841  0  -13.6169  71.9761
3.84  72.0692  0  11.1132  9.28825  0  -13.6707  72.0692
3.85  72.1619  0  10.9762  9.25818  0  -13.7243  72.1619
3.86  72.2543  0  10.8387  9.2282  0  -13.7777  72.2543
3.87  72.3465  0  10.7007  9.19832  0  -13.8309  72.3465
3.88  72.4383  0  10.5621  9.16853  0  -13.8839  72.4383
3.89  72.5298  0  10.423  9.13884  0  -13.9368  72.5298
3.9  72.6211  0  10.2834  9.10924  0  -13.9895  72.6211
3.91  72.712  0  10.1432  9.07973  0  -14.042  72.712
3.92  72.8027  0  10.0025  9.05031  0  -14.0944  72.8027
3.93  72.893  0  9.86132  9.02099  0  -14.1466  72.893
3.94  72.9831  0  9.7196  8.99176  0  -14.1986  72.9831
3.95  73.0729  0  9.57735  8.96262  0  -14.2504  73.0729
3.96  73.1623  0  9.43459  8.93357  0  -14.302  73.1623
3.97  73.2515  0  9.29131  8.90461  0  -14.3535  73.2515
3.98  73.3404  0  9.14752  8.87574  0  -14.4048  73.3404
3.99  73.429  0  9.00322  8.84696  0  -14.456  73.429
4  73.5174  0  8.8584  8.81828  0  -14.5069  73.5174
4.01  73.6054  0  8.71308  8.78968  0  -14.5577  73.6054
4.02  73.6932  0  8.56725  8.76117  0  -14.6084  73.6932
4.03  73.7806  0  8.42091  8.73275  0  -14.6588  73.7806
4.04  73.8678  0  8.27407  8.70442  0  -14.7091  73.8678
4.05  73.9547  0  8.12673  8.67617  0  -14.7592  73.9547
4.06  74.0413  0  7.97889  8.64802  0  -14.8092  74.0413
4.07  74.1277  0  7.83055  8.61995  0  -14.8589  74.1277
4.08  74.2137  0  7.68171  8.59197  0  -14.9085  74.2137
4.09  74.2995  0  7.53238  8.56408  0  -14.958  74.2995
4.1  74.385  0  7.38255  8.53627  0  -15.0073  74.385
4.11  74.4703  0  7.23223  8.50855  0  -15.0564  74.4703
4.12  74.5552  0  7.08143  8.48092  0  -15.1053  74.5552
4.13  74.6399  0  6.93013  8.45337  0  -15.1541  74.6399
4.14  74.7243  0  6.77834  8.42591  0  -15.2027  74.7243
4.15  74.8084  0  6.62607  8.39853  0  -15.2511  74.8084
4.16  74.8922  0  6.47332  8.37124  0  -15.2994  74.8922
4.17  74.9758  0  6.32009  8.34403  0  -15.3475  74.9758
4.18  75.0591  0  6.16637  8.31691  0  -15.3955  75.0591
4.19  75.1422  0  6.01218  8.28987  0  -15.4433  75.1422
4.2  75.2249  0  5.85751  8.26292  0  -15.4909  75.2249
4.21  75.3074  0  5.70236  8.23605  0  -15.5384  75.3074
4.22  75.3896  0  5.54674  8.20926  0  -15.5857  75.3896
4.23  75.4716  0  5.39065  8.18256  0  -15.6328  75.4716
4.24  75.5533  0  5.23408  8.15594  0  -15.6798  75.5533
4.25  75.6347  0  5.07705  8.1294  0  -15.7266  75.6347
4.26  75.7159  0  4.91955  8.10294  0  -15.7733  75.7159
4.27  75.7968  0  4.76159  8.07657  0  -15.8198  75.7968
4.28  75.8774  0  4.60316  8.05027  0  -15.8661  75.8774
4.29  75.9578  0  4.44427  8.02406  0  -15.9123  75.9578
4.3  76.0379  0  4.28491  7.99793  0  -15.9583  76.0379
4.31  76.1177  0  4.1251  7.97188  0  -16.0042  76.1177
4.32  76.1973  0  3.96483  7.94591  0  -16.0499  76.1973
4.33  76.2767  0  3.8041  7.92002  0  -16.0954  76.2767
4.34  76.3557  0  3.64292  7.89422  0  -16.1408  76.3557
4.35  76.4345  0  3.48129  7.86849  0  -16.1861  76.4345
4.36  76.5131  0  3.3192  7.84284  0  -16.2311  76.5131
4.37  76.5914  0  3.15666  7.81727  0  -16.2761  76.5914
4.38  76.6694  0  2.99368  7.79178  0  -16.3208  76.6694
4.39  76.7472  0  2.83025  7.76637  0  -16.3654  76.7472
4.4  76.8248  0  2.66637  7.74103  0  -16.4099  76.8248
4.41  76.9021  0  2.50205  7.71578  0  -16.4542  76.9021
4.42  76.9791  0  2.33729  7.6906  0  -16.4983  76.9791
4.43  77.0559  0  2.17208  7.6655  0  -16.5423  77.0559
4.44  77.1324  0  2.00644  7.64048  0  -16.5862  77.1324
4.45  77.2087  0  1.84036  7.61553  0  -16.6299  77.2087
4.46  77.2847  0  1.67384  7.59067  0  -16.6734  77.2847
4.47  77.3605  0  1.50689  7.56588  0  -16.7168  77.3605
4.48  77.436  0  1.33951  7.54116  0  -16.76  77.436
4.49  77.5113  0  1.17169  7.51652  0  -16.8031  77.5113
4.5  77.5864  0  1.00345  7.49196  0  -16.846  77.5864
4.51  77.6612  0  0.834773  7.46747  0  -16.8888  77.6612
4.52  77.7357  0  0.665671  7.44306  0  -16.9315  77.7357
4.53  77.81  0  0.496144  7.41873  0  -16.9739  77.81
4.54  77.8841  0  0.326193  7.39447  0  -17.0163  77.8841
4.55  77.9579  0  0.155819  7.37028  0  -17.0585  77.9579
4.56  78.0315  0  -0.0149757  7.34617  0  -17.1005  78.0315
