t  x  y  z  vx  vy  vz  range
0  0  0  0  25.9257  0  37.0257  0
0  0.259257  0  0.369767  25.9257  0  36.9277  0.259257
0.01  0.518513  0  0.738553  25.9257  0  36.8297  0.518513
0.02  0.77777  0  1.10636  25.9257  0  36.7317  0.77777
0.03  1.03703  0  1.47319  25.9257  0  36.6337  1.03703
0.04  1.29628  0  1.83903  25.9257  0  36.5357  1.29628
0.05  1.55554  0  2.2039  25.9257  0  36.4377  1.55554
0.06  1.8148  0  2.56779  25.9257  0  36.3397  1.8148
0.07  2.07405  0  2.93069  25.9257  0  36.2417  2.07405
0.08  2.33331  0  3.29262  25.9257  0  36.1437  2.33331
0.09  2.59257  0  3.65357  25.9257  0  36.0457  2.59257
0.1  2.85182  0  4.01353  25.9257  0  35.9477  2.85182
0.11  3.11108  0  4.37252  25.9257  0  35.8497  3.11108
0.12  3.37034  0  4.73053  25.9257  0  35.7517  3.37034
0.13  3.62959  0  5.08755  25.9257  0  35.6537  3.62959
0.14  3.88885  0  5.4436  25.9257  0  35.5557  3.88885
0.15  4.1481  0  5.79867  25.9257  0  35.4577  4.1481
0.16  4.40736  0  6.15275  25.9257  0  35.3597  4.40736
0.17  4.66662  0  6.50586  25.9257  0  35.2617  4.66662
0.18  4.92587  0  6.85799  25.9257  0  35.1637  4.92587
0.19  5.18513  0  7.20913  25.9257  0  35.0657  5.18513
0.2  5.44439  0  7.5593  25.9257  0  34.9677  5.44439
0.21  5.70364  0  7.90849  25.9257  0  34.8697  5.70364
0.22  5.9629  0  8.25669  25.9257  0  34.7717  5.9629
0.23  6.22216  0  8.60392  25.9257  0  34.6737  6.22216
0.24  6.48141  0  8.95017  25.9257  0  34.5757  6.48141
0.25  6.74067  0  9.29543  25.9257  0  34.4777  6.74067
0.26  6.99993  0  9.63972  25.9257  0  34.3797  6.99993
0.27  7.25918  0  9.98303  25.9257  0  34.2817  7.25918
0.28  7.51844  0  10.3254  25.9257  0  34.1837  7.51844
0.29  7.7777  0  10.6667  25.9257  0  34.0857  7.7777
0.3  8.03695  0  11.0071  25.9257  0  33.9877  8.03695
0.31  8.29621  0  11.3465  25.9257  0  33.8897  8.29621
0.32  8.55547  0  11.6849  25.9257  0  33.7917  8.55547
0.33  8.81472  0  12.0223  25.9257  0  33.6937  8.81472
0.34  9.07398  0  12.3587  25.9257  0  33.5957  9.07398
0.35  9.33324  0  12.6942  25.9257  0  33.4977  9.33324
0.36  9.59249  0  13.0287  25.9257  0  33.3997  9.59249
0.37  9.85175  0  13.3622  25.9257  0  33.3017  9.85175
0.38  10.111  0  13.6947  25.9257  0  33.2037  10.111
0.39  10.3703  0  14.0263  25.9257  0  33.1057  10.3703
0.4  10.6295  0  14.3568  25.9257  0  33.0077  10.6295
0.41  10.8888  0  14.6864  25.9257  0  32.9097  10.8888
0.42  11.148  0  15.015  25.9257  0  32.8117  11.148
0.43  11.4073  0  15.3427  25.9257  0  32.7137  11.4073
0.44  11.6665  0  15.6693  25.9257  0  32.6157  11.6665
0.45  11.9258  0  15.995  25.9257  0  32.5177  11.9258
0.46  12.1851  0  16.3197  25.9257  0  32.4197  12.1851
0.47  12.4443  0  16.6434  25.9257  0  32.3217  12.4443
0.48  12.7036  0  16.9661  25.9257  0  32.2237  12.7036
0.49  12.9628  0  17.2878  25.9257  0  32.1257  12.9628
0.5  13.2221  0  17.6086  25.9257  0  32.0277  13.2221
0.51  13.4813  0  17.9284  25.9257  0  31.9297  13.4813
0.52  13.7406  0  18.2472  25.9257  0  31.8317  13.7406
0.53  13.9999  0  18.565  25.9257  0  31.7337  13.9999
0.54  14.2591  0  18.8819  25.9257  0  31.6357  14.2591
0.55  14.5184  0  19.1977  25.9257  0  31.5377  14.5184
0.56  14.7776  0  19.5126  25.9257  0  31.4397  14.7776
0.57  15.0369  0  19.8265  25.9257  0  31.3417  15.0369
0.58  15.2961  0  20.1395  25.9257  0  31.2437  15.2961
0.59  15.5554  0  20.4514  25.9257  0  31.1457  15.5554
0.6  15.8146  0  20.7624  25.9257  0  31.0477  15.8146
0.61  16.0739  0  21.0724  25.9257  0  30.9497  16.0739
0.62  16.3332  0  21.3814  25.9257  0  30.8517  16.3332
0.63  16.5924  0  21.6894  25.9257  0  30.7537  16.5924
0.64  16.8517  0  21.9964  25.9257  0  30.6557  16.8517
0.65  17.1109  0  22.3025  25.9257  0  30.5577  17.1109
0.66  17.3702  0  22.6076  25.9257  0  30.4597  17.3702
0.67  17.6294  0  22.9117  25.9257  0  30.3617  17.6294
0.68  17.8887  0  23.2148  25.9257  0  30.2637  17.8887
0.69  18.148  0  23.517  25.9257  0  30.1657  18.148
0.7  18.4072  0  23.8181  25.9257  0  30.0677  18.4072
0.71  18.6665  0  24.1183  25.9257  0  29.9697  18.6665
0.72  18.9257  0  24.4175  25.9257  0  29.8717  18.9257
0.73  19.185  0  24.7158  25.9257  0  29.7737  19.185
0.74  19.4442  0  25.013  25.9257  0  29.6757  19.4442
0.75  19.7035  0  25.3093  25.9257  0  29.5777  19.7035
0.76  19.9628  0  25.6046  25.9257  0  29.4797  19.9628
0.77  20.222  0  25.8989  25.9257  0  29.3817  20.222
0.78  20.4813  0  26.1922  25.9257  0  29.2837  20.4813
0.79  20.7405  0  26.4845  25.9257  0  29.1857  20.7405
0.8  20.9998  0  26.7759  25.9257  0  29.0877  20.9998
0.81  21.259  0  27.0663  25.9257  0  28.9897  21.259
0.82  21.5183  0  27.3557  25.9257  0  28.8917  21.5183
0.83  21.7776  0  27.6441  25.9257  0  28.7937  21.7776
0.84  22.0368  0  27.9316  25.9257  0  28.6957  22.0368
0.85  22.2961  0  28.218  25.9257  0  28.5977  22.2961
0.86  22.5553  0  28.5035  25.9257  0  28.4997  22.5553
0.87  22.8146  0  28.788  25.9257  0  28.4017  22.8146
0.88  23.0738  0  29.0716  25.9257  0  28.3037  23.0738
0.89  23.3331  0  29.3541  25.9257  0  28.2057  23.3331
0.9  23.5923  0  29.6357  25.9257  0  28.1077  23.5923
0.91  23.8516  0  29.9163  25.9257  0  28.0097  23.8516
0.92  24.1109  0  30.1959  25.9257  0  27.9117  24.1109
0.93  24.3701  0  30.4745  25.9257  0  27.8137  24.3701
0.94  24.6294  0  30.7521  25.9257  0  27.7157  24.6294
0.95  24.8886  0  31.0288  25.9257  0  27.6177  24.8886
0.96  25.1479  0  31.3045  25.9257  0  27.5197  25.1479
0.97  25.4071  0  31.5792  25.9257  0  27.4217  25.4071
0.98  25.6664  0  31.8529  25.9257  0  27.3237  25.6664
0.99  25.9257  0  32.1257  25.9257  0  27.2257  25.9257
1  26.1849  0  32.3974  25.9257  0  27.1277  26.1849
1.01  26.4442  0  32.6682  25.9257  0  27.0297  26.4442
1.02  26.7034  0  32.938  25.9257  0  26.9317  26.7034
1.03  26.9627  0  33.2069  25.9257  0  26.8337  26.9627
1.04  27.2219  0  33.4747  25.9257  0  26.7357  27.2219
1.05  27.4812  0  33.7416  25.9257  0  26.6377  27.4812
1.06  27.7405  0  34.0075  25.9257  0  26.5397  27.7405
1.07  27.9997  0  34.2724  25.9257  0  26.4417  27.9997
1.08  28.259  0  34.5363  25.9257  0  26.3437  28.259
1.09  28.5182  0  34.7992  25.9257  0  26.2457  28.5182
1.1  28.7775  0  35.0612  25.9257  0  26.1477  28.7775
1.11  29.0367  0  35.3222  25.9257  0  26.0497  29.0367
1.12  29.296  0  35.5822  25.9257  0  25.9517  29.296
1.13  29.5552  0  35.8412  25.9257  0  25.8537  29.5552
1.14  29.8145  0  36.0993  25.9257  0  25.7557  29.8145
1.15  30.0738  0  36.3563  25.9257  0  25.6577  30.0738
1.16  30.333  0  36.6124  25.9257  0  25.5597  30.333
1.17  30.5923  0  36.8675  25.9257  0  25.4617  30.5923
1.18  30.8515  0  37.1217  25.9257  0  25.3637  30.8515
1.19  31.1108  0  37.3748  25.9257  0  25.2657  31.1108
1.2  31.37  0  37.627  25.9257  0  25.1677  31.37
1.21  31.6293  0  37.8782  25.9257  0  25.0697  31.6293
1.22  31.8886  0  38.1284  25.9257  0  24.9717  31.8886
1.23  32.1478  0  38.3776  25.9257  0  24.8737  32.1478
1.24  32.4071  0  38.6258  25.9257  0  24.7757  32.4071
1.25  32.6663  0  38.8731  25.9257  0  24.6777  32.6663
1.26  32.9256  0  39.1194  25.9257  0  24.5797  32.9256
1.27  33.1848  0  39.3647  25.9257  0  24.4817  33.1848
1.28  33.4441  0  39.609  25.9257  0  24.3837  33.4441
1.29  33.7034  0  39.8524  25.9257  0  24.2857  33.7034
1.3  33.9626  0  40.0947  25.9257  0  24.1877  33.9626
1.31  34.2219  0  40.3361  25.9257  0  24.0897  34.2219
1.32  34.4811  0  40.5765  25.9257  0  23.9917  34.4811
1.33  34.7404  0  40.816  25.9257  0  23.8937  34.7404
1.34  34.9996  0  41.0544  25.9257  0  23.7957  34.9996
1.35  35.2589  0  41.2919  25.9257  0  23.6977  35.2589
1.36  35.5181  0  41.5284  25.9257  0  23.5997  35.5181
1.37  35.7774  0  41.7639  25.9257  0  23.5017  35.7774
1.38  36.0367  0  41.9984  25.9257  0  23.4037  36.0367
1.39  36.2959  0  42.2319  25.9257  0  23.3057  36.2959
1.4  36.5552  0  42.4645  25.9257  0  23.2077  36.5552
1.41  36.8144  0  42.6961  25.9257  0  23.1097  36.8144
1.42  37.0737  0  42.9267  25.9257  0  23.0117  37.0737
1.43  37.3329  0  43.1563  25.9257  0  22.9137  37.3329
1.44  37.5922  0  43.385  25.9257  0  22.8157  37.5922
1.45  37.8515  0  43.6126  25.9257  0  22.7177  37.8515
1.46  38.1107  0  43.8393  25.9257  0  22.6197  38.1107
1.47  38.37  0  44.065  25.9257  0  22.5217  38.37
1.48  38.6292  0  44.2898  25.9257  0  22.4237  38.6292
1.49  38.8885  0  44.5135  25.9257  0  22.3257  38.8885
1.5  39.1477  0  44.7363  25.9257  0  22.2277  39.1477
1.51  39.407  0  44.9581  25.9257  0  22.1297  39.407
1.52  39.6663  0  45.1789  25.9257  0  22.0317  39.6663
1.53  39.9255  0  45.3987  25.9257  0  21.9337  39.9255
1.54  40.1848  0  45.6175  25.9257  0  21.8357  40.1848
1.55  40.444  0  45.8354  25.9257  0  21.7377  40.444
1.56  40.7033  0  46.0523  25.9257  0  21.6397  40.7033
1.57  40.9625  0  46.2682  25.9257  0  21.5417  40.9625
1.58  41.2218  0  46.4831  25.9257  0  21.4437  41.2218
1.59  41.481  0  46.6971  25.9257  0  21.3457  41.481
1.6  41.7403  0  46.91  25.9257  0  21.2477  41.7403
1.61  41.9996  0  47.122  25.9257  0  21.1497  41.9996
1.62  42.2588  0  47.333  25.9257  0  21.0517  42.2588
1.63  42.5181  0  47.5431  25.9257  0  20.9537  42.5181
1.64  42.7773  0  47.7521  25.9257  0  20.8557  42.7773
1.65  43.0366  0  47.9602  25.9257  0  20.7577  43.0366
1.66  43.2958  0  48.1673  25.9257  0  20.6597  43.2958
1.67  43.5551  0  48.3734  25.9257  0  20.5617  43.5551
1.68  43.8144  0  48.5785  25.9257  0  20.4637  43.8144
1.69  44.0736  0  48.7826  25.9257  0  20.3657  44.0736
1.7  44.3329  0  48.9858  25.9257  0  20.2677  44.3329
1.71  44.5921  0  49.188  25.9257  0  20.1697  44.5921
1.72  44.8514  0  49.3892  25.9257  0  20.0717  44.8514
1.73  45.1106  0  49.5894  25.9257  0  19.9737  45.1106
1.74  45.3699  0  49.7887  25.9257  0  19.8757  45.3699
1.75  45.6292  0  49.9869  25.9257  0  19.7777  45.6292
1.76  45.8884  0  50.1842  25.9257  0  19.6797  45.8884
1.77  46.1477  0  50.3805  25.9257  0  19.5817  46.1477
1.78  46.4069  0  50.5759  25.9257  0  19.4837  46.4069
1.79  46.6662  0  50.7702  25.9257  0  19.3857  46.6662
1.8  46.9254  0  50.9636  25.9257  0  19.2877  46.9254
1.81  47.1847  0  51.156  25.9257  0  19.1897  47.1847
1.82  47.4439  0  51.3474  25.9257  0  19.0917  47.4439
1.83  47.7032  0  51.5378  25.9257  0  18.9937  47.7032
1.84  47.9625  0  51.7272  25.9257  0  18.8957  47.9625
1.85  48.2217  0  51.9157  25.9257  0  18.7977  48.2217
1.86  48.481  0  52.1032  25.9257  0  18.6997  48.481
1.87  48.7402  0  52.2897  25.9257  0  18.6017  48.7402
1.88  48.9995  0  52.4752  25.9257  0  18.5037  48.9995
1.89  49.2587  0  52.6598  25.9257  0  18.4057  49.2587
1.9  49.518  0  52.8433  25.9257  0  18.3077  49.518
1.91  49.7773  0  53.0259  25.9257  0  18.2097  49.7773
1.92  50.0365  0  53.2075  25.9257  0  18.1117  50.0365
1.93  50.2958  0  53.3882  25.9257  0  18.0137  50.2958
1.94  50.555  0  53.5678  25.9257  0  17.9157  50.555
1.95  50.8143  0  53.7465  25.9257  0  17.8177  50.8143
1.96  51.0735  0  53.9242  25.9257  0  17.7197  51.0735
1.97  51.3328  0  54.1009  25.9257  0  17.6217  51.3328
1.98  51.5921  0  54.2766  25.9257  0  17.5237  51.5921
1.99  51.8513  0  54.4513  25.9257  0  17.4257  51.8513
2  52.1106  0  54.6251  25.9257  0  17.3277  52.1106
2.01  52.3698  0  54.7979  25.9257  0  17.2297  52.3698
2.02  52.6291  0  54.9697  25.9257  0  17.1317  52.6291
2.03  52.8883  0  55.1405  25.9257  0  17.0337  52.8883
2.04  53.1476  0  55.3104  25.9257  0  16.9357  53.1476
2.05  53.4068  0  55.4792  25.9257  0  16.8377  53.4068
2.06  53.6661  0  55.6471  25.9257  0  16.7397  53.6661
2.07  53.9254  0  55.814  25.9257  0  16.6417  53.9254
2.08  54.1846  0  55.98  25.9257  0  16.5437  54.1846
2.09  54.4439  0  56.1449  25.9257  0  16.4457  54.4439
2.1  54.7031  0  56.3089  25.9257  0  16.3477  54.7031
2.11  54.9624  0  56.4719  25.9257  0  16.2497  54.9624
2.12  55.2216  0  56.6339  25.9257  0  16.1517  55.2216
2.13  55.4809  0  56.7949  25.9257  0  16.0537  55.4809
2.14  55.7402  0  56.9549  25.9257  0  15.9557  55.7402
2.15  55.9994  0  57.114  25.9257  0  15.8577  55.9994
2.16  56.2587  0  57.2721  25.9257  0  15.7597  56.2587
2.17  56.5179  0  57.4292  25.9257  0  15.6617  56.5179
2.18  56.7772  0  57.5853  25.9257  0  15.5637  56.7772
2.19  57.0364  0  57.7405  25.9257  0  15.4657  57.0364
2.2  57.2957  0  57.8946  25.9257  0  15.3677  57.2957
2.21  57.555  0  58.0478  25.9257  0  15.2697  57.555
2.22  57.8142  0  58.2  25.9257  0  15.1717  57.8142
2.23  58.0735  0  58.3513  25.9257  0  15.0737  58.0735
2.24  58.3327  0  58.5015  25.9257  0  14.9757  58.3327
2.25  58.592  0  58.6508  25.9257  0  14.8777  58.592
2.26  58.8512  0  58.7991  25.9257  0  14.7797  58.8512
2.27  59.1105  0  58.9464  25.9257  0  14.6817  59.1105
2.28  59.3697  0  59.0927  25.9257  0  14.5837  59.3697
2.29  59.629  0  59.238  25.9257  0  14.4857  59.629
2.3  59.8883  0  59.3824  25.9257  0  14.3877  59.8883
2.31  60.1475  0  59.5258  25.9257  0  14.2897  60.1475
2.32  60.4068  0  59.6682  25.9257  0  14.1917  60.4068
2.33  60.666  0  59.8096  25.9257  0  14.0937  60.666
2.34  60.9253  0  59.9501  25.9257  0  13.9957  60.9253
2.35  61.1845  0  60.0895  25.9257  0  13.8977  61.1845
2.36  61.4438  0  60.228  25.9257  0  13.7997  61.4438
2.37  61.7031  0  60.3655  25.9257  0  13.7017  61.7031
2.38  61.9623  0  60.5021  25.9257  0  13.6037  61.9623
2.39  62.2216  0  60.6376  25.9257  0  13.5057  62.2216
2.4  62.4808  0  60.7722  25.9257  0  13.4077  62.4808
2.41  62.7401  0  60.9058  25.9257  0  13.3097  62.7401
2.42  62.9993  0  61.0384  25.9257  0  13.2117  62.9993
2.43  63.2586  0  61.17  25.9257  0  13.1137  63.2586
2.44  63.5179  0  61.3006  25.9257  0  13.0157  63.5179
2.45  63.7771  0  61.4303  25.9257  0  12.9177  63.7771
2.46  64.0364  0  61.559  25.9257  0  12.8197  64.0364
2.47  64.2956  0  61.6867  25.9257  0  12.7217  64.2956
2.48  64.5549  0  61.8134  25.9257  0  12.6237  64.5549
2.49  64.8141  0  61.9392  25.9257  0  12.5257  64.8141
2.5  65.0734  0  62.0639  25.9257  0  12.4277  65.0734
2.51  65.3327  0  62.1877  25.9257  0  12.3297  65.3327
2.52  65.5919  0  62.3105  25.9257  0  12.2317  65.5919
2.53  65.8512  0  62.4324  25.9257  0  12.1337  65.8512
2.54  66.1104  0  62.5532  25.9257  0  12.0357  66.1104
2.55  66.3697  0  62.6731  25.9257  0  11.9377  66.3697
2.56  66.6289  0  62.792  25.9257  0  11.8397  66.6289
2.57  66.8882  0  62.9099  25.9257  0  11.7417  66.8882
2.58  67.1474  0  63.0268  25.9257  0  11.6437  67.1474
2.59  67.4067  0  63.1427  25.9257  0  11.5457  67.4067
2.6  67.666  0  63.2577  25.9257  0  11.4477  67.666
2.61  67.9252  0  63.3717  25.9257  0  11.3497  67.9252
2.62  68.1845  0  63.4847  25.9257  0  11.2517  68.1845
2.63  68.4437  0  63.5967  25.9257  0  11.1537  68.4437
2.64  68.703  0  63.7078  25.9257  0  11.0557  68.703
2.65  68.9622  0  63.8178  25.9257  0  10.9577  68.9622
2.66  69.2215  0  63.9269  25.9257  0  10.8597  69.2215
2.67  69.4808  0  64.035  25.9257  0  10.7617  69.4808
2.68  69.74  0  64.1422  25.9257  0  10.6637  69.74
2.69  69.9993  0  64.2483  25.9257  0  10.5657  69.9993
2.7  70.2585  0  64.3535  25.9257  0  10.4677  70.2585
2.71  70.5178  0  64.4577  25.9257  0  10.3697  70.5178
2.72  70.777  0  64.5609  25.9257  0  10.2717  70.777
2.73  71.0363  0  64.6631  25.9257  0  10.1737  71.0363
2.74  71.2956  0  64.7643  25.9257  0  10.0757  71.2956
2.75  71.5548  0  64.8646  25.9257  0  9.97767  71.5548
2.76  71.8141  0  64.9639  25.9257  0  9.87967  71.8141
2.77  72.0733  0  65.0622  25.9257  0  9.78167  72.0733
2.78  72.3326  0  65.1595  25.9257  0  9.68367  72.3326
2.79  72.5918  0  65.2559  25.9257  0  9.58567  72.5918
2.8  72.8511  0  65.3512  25.9257  0  9.48767  72.8511
2.81  73.1103  0  65.4456  25.9257  0  9.38967  73.1103
2.82  73.3696  0  65.539  25.9257  0  9.29167  73.3696
2.83  73.6289  0  65.6315  25.9257  0  9.19367  73.6289
2.84  73.8881  0  65.7229  25.9257  0  9.09567  73.8881
2.85  74.1474  0  65.8134  25.9257  0  8.99767  74.1474
2.86  74.4066  0  65.9029  25.9257  0  8.89967  74.4066
2.87  74.6659  0  65.9914  25.9257  0  8.80167  74.6659
2.88  74.9251  0  66.0789  25.9257  0  8.70367  74.9251
2.89  75.1844  0  66.1654  25.9257  0  8.60567  75.1844
2.9  75.4437  0  66.251  25.9257  0  8.50767  75.4437
2.91  75.7029  0  66.3356  25.9257  0  8.40967  75.7029
2.92  75.9622  0  66.4192  25.9257  0  8.31167  75.9622
2.93  76.2214  0  66.5018  25.9257  0  8.21367  76.2214
2.94  76.4807  0  66.5835  25.9257  0  8.11567  76.4807
2.95  76.7399  0  66.6642  25.9257  0  8.01767  76.7399
2.96  76.9992  0  66.7438  25.9257  0  7.91967  76.9992
2.97  77.2585  0  66.8225  25.9257  0  7.82167  77.2585
2.98  77.5177  0  66.9003  25.9257  0  7.72367  77.5177
2.99  77.777  0  66.977  25.9257  0  7.62567  77.777
3  78.0362  0  67.0528  25.9257  0  7.52767  78.0362
3.01  78.2955  0  67.1276  25.9257  0  7.42967  78.2955
3.02  78.5547  0  67.2014  25.9257  0  7.33167  78.5547
3.03  78.814  0  67.2742  25.9257  0  7.23367  78.814
3.04  79.0732  0  67.3461  25.9257  0  7.13567  79.0732
3.05  79.3325  0  67.4169  25.9257  0  7.03767  79.3325
3.06  79.5918  0  67.4868  25.9257  0  6.93967  79.5918
3.07  79.851  0  67.5557  25.9257  0  6.84167  79.851
3.08  80.1103  0  67.6236  25.9257  0  6.74367  80.1103
3.09  80.3695  0  67.6906  25.9257  0  6.64567  80.3695
3.1  80.6288  0  67.7566  25.9257  0  6.54767  80.6288
3.11  80.888  0  67.8215  25.9257  0  6.44967  80.888
3.12  81.1473  0  67.8855  25.9257  0  6.35167  81.1473
3.13  81.4066  0  67.9486  25.9257  0  6.25367  81.4066
3.14  81.6658  0  68.0106  25.9257  0  6.15567  81.6658
3.15  81.9251  0  68.0717  25.9257  0  6.05767  81.9251
3.16  82.1843  0  68.1318  25.9257  0  5.95967  82.1843
3.17  82.4436  0  68.1909  25.9257  0  5.86167  82.4436
3.18  82.7028  0  68.249  25.9257  0  5.76367  82.7028
3.19  82.9621  0  68.3062  25.9257  0  5.66567  82.9621
3.2  83.2214  0  68.3623  25.9257  0  5.56767  83.2214
3.21  83.4806  0  68.4175  25.9257  0  5.46967  83.4806
3.22  83.7399  0  68.4717  25.9257  0  5.37167  83.7399
3.23  83.9991  0  68.5249  25.9257  0  5.27367  83.9991
3.24  84.2584  0  68.5772  25.9257  0  5.17567  84.2584
3.25  84.5176  0  68.6285  25.9257  0  5.07767  84.5176
3.26  84.7769  0  68.6787  25.9257  0  4.97967  84.7769
3.27  85.0361  0  68.728  25.9257  0  4.88167  85.0361
3.28  85.2954  0  68.7764  25.9257  0  4.78367  85.2954
3.29  85.5547  0  68.8237  25.9257  0  4.68567  85.5547
3.3  85.8139  0  68.8701  25.9257  0  4.58767  85.8139
3.31  86.0732  0  68.9155  25.9257  0  4.48967  86.0732
3.32  86.3324  0  68.9599  25.9257  0  4.39167  86.3324
3.33  86.5917  0  69.0033  25.9257  0  4.29367  86.5917
3.34  86.8509  0  69.0458  25.9257  0  4.19567  86.8509
3.35  87.1102  0  69.0872  25.9257  0  4.09767  87.1102
3.36  87.3695  0  69.1277  25.9257  0  3.99967  87.3695
3.37  87.6287  0  69.1672  25.9257  0  3.90167  87.6287
3.38  87.888  0  69.2057  25.9257  0  3.80367  87.888
3.39  88.1472  0  69.2433  25.9257  0  3.70567  88.1472
3.4  88.4065  0  69.2799  25.9257  0  3.60767  88.4065
3.41  88.6657  0  69.3154  25.9257  0  3.50967  88.6657
3.42  88.925  0  69.35  25.9257  0  3.41167  88.925
3.43  89.1843  0  69.3837  25.9257  0  3.31367  89.1843
3.44  89.4435  0  69.4163  25.9257  0  3.21567  89.4435
3.45  89.7028  0  69.448  25.9257  0  3.11767  89.7028
3.46  89.962  0  69.4787  25.9257  0  3.01967  89.962
3.47  90.2213  0  69.5084  25.9257  0  2.92167  90.2213
3.48  90.4805  0  69.5371  25.9257  0  2.82367  90.4805
3.49  90.7398  0  69.5649  25.9257  0  2.72567  90.7398
3.5  90.999  0  69.5916  25.9257  0  2.62767  90.999
3.51  91.2583  0  69.6174  25.9257  0  2.52967  91.2583
3.52  91.5176  0  69.6422  25.9257  0  2.43167  91.5176
3.53  91.7768  0  69.666  25.9257  0  2.33367  91.7768
3.54  92.0361  0  69.6889  25.9257  0  2.23567  92.0361
3.55  92.2953  0  69.7108  25.9257  0  2.13767  92.2953
3.56  92.5546  0  69.7316  25.9257  0  2.03967  92.5546
3.57  92.8138  0  69.7515  25.9257  0  1.94167  92.8138
3.58  93.0731  0  69.7705  25.9257  0  1.84367  93.0731
3.59  93.3324  0  69.7884  25.9257  0  1.74567  93.3324
3.6  93.5916  0  69.8054  25.9257  0  1.64767  93.5916
3.61  93.8509  0  69.8214  25.9257  0  1.54967  93.8509
3.62  94.1101  0  69.8364  25.9257  0  1.45167  94.1101
3.63  94.3694  0  69.8504  25.9257  0  1.35367  94.3694
3.64  94.6286  0  69.8635  25.9257  0  1.25567  94.6286
3.65  94.8879  0  69.8755  25.9257  0  1.15767  94.8879
3.66  95.1472  0  69.8866  25.9257  0  1.05967  95.1472
3.67  95.4064  0  69.8967  25.9257  0  0.961672  95.4064
3.68  95.6657  0  69.9058  25.9257  0  0.863672  95.6657
3.69  95.9249  0  69.914  25.9257  0  0.765672  95.9249
3.7  96.1842  0  69.9212  25.9257  0  0.667672  96.1842
3.71  96.4434  0  69.9273  25.9257  0  0.569672  96.4434
3.72  96.7027  0  69.9325  25.9257  0  0.471672  96.7027
3.73  96.9619  0  69.9368  25.9257  0  0.373672  96.9619
3.74  97.2212  0  69.94  25.9257  0  0.275672  97.2212
3.75  97.4805  0  69.9423  25.9257  0  0.177672  97.4805
3.76  97.7397  0  69.9436  25.9257  0  0.0796724  97.7397
3.77  97.999  0  69.9439  25.9257  0  -0.0183276  97.999
3.78  98.2582  0  69.9432  25.9257  0  -0.116328  98.2582
3.79  98.5175  0  69.9416  25.9257  0  -0.214328  98.5175
3.8  98.7767  0  69.9389  25.9257  0  -0.312328  98.7767
3.81  99.036  0  69.9353  25.9257  0  -0.410328  99.036
3.82  99.2953  0  69.9307  25.9257  0  -0.508328  99.2953
3.83  99.5545  0  69.9251  25.9257  0  -0.606328  99.5545
3.84  99.8138  0  69.9186  25.9257  0  -0.704328  99.8138
3.85  100.073  0  69.9111  25.9257  0  -0.802328  100.073
3.86  100.332  0  69.9025  25.9257  0  -0.900328  100.332
3.87  100.592  0  69.893  25.9257  0  -0.998328  100.592
3.88  100.851  0  69.8826  25.9257  0  -1.09633  100.851
3.89  101.11  0  69.8711  25.9257  0  -1.19433  101.11
3.9  101.369  0  69.8587  25.9257  0  -1.29233  101.369
3.91  101.629  0  69.8453  25.9257  0  -1.39033  101.629
3.92  101.888  0  69.8309  25.9257  0  -1.48833  101.888
3.93  102.147  0  69.8155  25.9257  0  -1.58633  102.147
3.94  102.406  0  69.7992  25.9257  0  -1.68433  102.406
3.95  102.666  0  69.7818  25.9257  0  -1.78233  102.666
3.96  102.925  0  69.7635  25.9257  0  -1.88033  102.925
3.97  103.184  0  69.7442  25.9257  0  -1.97833  103.184
3.98  103.443  0  69.7239  25.9257  0  -2.07633  103.443
3.99  103.703  0  69.7027  25.9257  0  -2.17433  103.703
4  103.962  0  69.6805  25.9257  0  -2.27233  103.962
4.01  104.221  0  69.6572  25.9257  0  -2.37033  104.221
4.02  104.48  0  69.633  25.9257  0  -2.46833  104.48
4.03  104.74  0  69.6079  25.9257  0  -2.56633  104.74
4.04  104.999  0  69.5817  25.9257  0  -2.66433  104.999
4.05  105.258  0  69.5546  25.9257  0  -2.76233  105.258
4.06  105.517  0  69.5265  25.9257  0  -2.86033  105.517
4.07  105.777  0  69.4974  25.9257  0  -2.95833  105.777
4.08  106.036  0  69.4673  25.9257  0  -3.05633  106.036
4.09  106.295  0  69.4363  25.9257  0  -3.15433  106.295
4.1  106.554  0  69.4042  25.9257  0  -3.25233  106.554
4.11  106.814  0  69.3712  25.9257  0  -3.35033  106.814
4.12  107.073  0  69.3372  25.9257  0  -3.44833  107.073
4.13  107.332  0  69.3022  25.9257  0  -3.54633  107.332
4.14  107.591  0  69.2663  25.9257  0  -3.64433  107.591
4.15  107.851  0  69.2294  25.9257  0  -3.74233  107.851
4.16  108.11  0  69.1914  25.9257  0  -3.84033  108.11
4.17  108.369  0  69.1526  25.9257  0  -3.93833  108.369
4.18  108.628  0  69.1127  25.9257  0  -4.03633  108.628
4.19  108.888  0  69.0718  25.9257  0  -4.13433  108.888
4.2  109.147  0  69.03  25.9257  0  -4.23233  109.147
4.21  109.406  0  68.9872  25.9257  0  -4.33033  109.406
4.22  109.666  0  68.9434  25.9257  0  -4.42833  109.666
4.23  109.925  0  68.8986  25.9257  0  -4.52633  109.925
4.24  110.184  0  68.8529  25.9257  0  -4.62433  110.184
4.25  110.443  0  68.8061  25.9257  0  -4.72233  110.443
4.26  110.703  0  68.7584  25.9257  0  -4.82033  110.703
4.27  110.962  0  68.7097  25.9257  0  -4.91833  110.962
4.28  111.221  0  68.66  25.9257  0  -5.01633  111.221
4.29  111.48  0  68.6094  25.9257  0  -5.11433  111.48
4.3  111.74  0  68.5578  25.9257  0  -5.21233  111.74
4.31  111.999  0  68.5051  25.9257  0  -5.31033  111.999
4.32  112.258  0  68.4516  25.9257  0  -5.40833  112.258
4.33  112.517  0  68.397  25.9257  0  -5.50633  112.517
4.34  112.777  0  68.3414  25.9257  0  -5.60433  112.777
4.35  113.036  0  68.2849  25.9257  0  -5.70233  113.036
4.36  113.295  0  68.2274  25.9257  0  -5.80033  113.295
4.37  113.554  0  68.1689  25.9257  0  -5.89833  113.554
4.38  113.814  0  68.1094  25.9257  0  -5.99633  113.814
4.39  114.073  0  68.049  25.9257  0  -6.09433  114.073
4.4  114.332  0  67.9875  25.9257  0  -6.19233  114.332
4.41  114.591  0  67.9251  25.9257  0  -6.29033  114.591
4.42  114.851  0  67.8617  25.9257  0  -6.38833  114.851
4.43  115.11  0  67.7973  25.9257  0  -6.48633  115.11
4.44  115.369  0  67.732  25.9257  0  -6.58433  115.369
4.45  115.628  0  67.6657  25.9257  0  -6.68233  115.628
4.46  115.888  0  67.5983  25.9257  0  -6.78033  115.888
4.47  116.147  0  67.5301  25.9257  0  -6.87833  116.147
4.48  116.406  0  67.4608  25.9257  0  -6.97633  116.406
4.49  116.665  0  67.3905  25.9257  0  -7.07433  116.665
4.5  116.925  0  67.3193  25.9257  0  -7.17233  116.925
4.51  117.184  0  67.2471  25.9257  0  -7.27033  117.184
4.52  117.443  0  67.1739  25.9257  0  -7.36833  117.443
4.53  117.702  0  67.0997  25.9257  0  -7.46633  117.702
4.54  117.962  0  67.0246  25.9257  0  -7.56433  117.962
4.55  118.221  0  66.9484  25.9257  0  -7.66233  118.221
4.56  118.48  0  66.8713  25.9257  0  -7.76033  118.48
4.57  118.739  0  66.7932  25.9257  0  -7.85833  118.739
4.58  118.999  0  66.7141  25.9257  0  -7.95633  118.999
4.59  119.258  0  66.6341  25.9257  0  -8.05433  119.258
4.6  119.517  0  66.5531  25.9257  0  -8.15233  119.517
4.61  119.777  0  66.471  25.9257  0  -8.25033  119.777
4.62  120.036  0  66.3881  25.9257  0  -8.34833  120.036
4.63  120.295  0  66.3041  25.9257  0  -8.44633  120.295
4.64  120.554  0  66.2191  25.9257  0  -8.54433  120.554
4.65  120.814  0  66.1332  25.9257  0  -8.64233  120.814
4.66  121.073  0  66.0463  25.9257  0  -8.74033  121.073
4.67  121.332  0  65.9584  25.9257  0  -8.83833  121.332
4.68  121.591  0  65.8695  25.9257  0  -8.93633  121.591
4.69  121.851  0  65.7797  25.9257  0  -9.03433  121.851
4.7  122.11  0  65.6888  25.9257  0  -9.13233  122.11
4.71  122.369  0  65.597  25.9257  0  -9.23033  122.369
4.72  122.628  0  65.5042  25.9257  0  -9.32833  122.628
4.73  122.888  0  65.4104  25.9257  0  -9.42633  122.888
4.74  123.147  0  65.3157  25.9257  0  -9.52433  123.147
4.75  123.406  0  65.22  25.9257  0  -9.62233  123.406
4.76  123.665  0  65.1232  25.9257  0  -9.72033  123.665
4.77  123.925  0  65.0256  25.9257  0  -9.81833  123.925
4.78  124.184  0  64.9269  25.9257  0  -9.91633  124.184
4.79  124.443  0  64.8272  25.9257  0  -10.0143  124.443
4.8  124.702  0  64.7266  25.9257  0  -10.1123  124.702
4.81  124.962  0  64.625  25.9257  0  -10.2103  124.962
4.82  125.221  0  64.5224  25.9257  0  -10.3083  125.221
4.83  125.48  0  64.4188  25.9257  0  -10.4063  125.48
4.84  125.739  0  64.3143  25.9257  0  -10.5043  125.739
4.85  125.999  0  64.2087  25.9257  0  -10.6023  125.999
4.86  126.258  0  64.1022  25.9257  0  -10.7003  126.258
4.87  126.517  0  63.9947  25.9257  0  -10.7983  126.517
4.88  126.776  0  63.8862  25.9257  0  -10.8963  126.776
4.89  127.036  0  63.7768  25.9257  0  -10.9943  127.036
4.9  127.295  0  63.6664  25.9257  0  -11.0923  127.295
4.91  127.554  0  63.5549  25.9257  0  -11.1903  127.554
4.92  127.813  0  63.4426  25.9257  0  -11.2883  127.813
4.93  128.073  0  63.3292  25.9257  0  -11.3863  128.073
4.94  128.332  0  63.2148  25.9257  0  -11.4843  128.332
4.95  128.591  0  63.0995  25.9257  0  -11.5823  128.591
4.96  128.851  0  62.9832  25.9257  0  -11.6803  128.851
4.97  129.11  0  62.8659  25.9257  0  -11.7783  129.11
4.98  129.369  0  62.7476  25.9257  0  -11.8763  129.369
4.99  129.628  0  62.6284  25.9257  0  -11.9743  129.628
5  129.888  0  62.5081  25.9257  0  -12.0723  129.888
5.01  130.147  0  62.3869  25.9257  0  -12.1703  130.147
5.02  130.406  0  62.2647  25.9257  0  -12.2683  130.406
5.03  130.665  0  62.1415  25.9257  0  -12.3663  130.665
5.04  130.925  0  62.0174  25.9257  0  -12.4643  130.925
5.05  131.184  0  61.8923  25.9257  0  -12.5623  131.184
5.06  131.443  0  61.7661  25.9257  0  -12.6603  131.443
5.07  131.702  0  61.6391  25.9257  0  -12.7583  131.702
5.08  131.962  0  61.511  25.9257  0  -12.8563  131.962
5.09  132.221  0  61.3819  25.9257  0  -12.9543  132.221
5.1  132.48  0  61.2519  25.9257  0  -13.0523  132.48
5.11  132.739  0  61.1209  25.9257  0  -13.1503  132.739
5.12  132.999  0  60.9889  25.9257  0  -13.2483  132.999
5.13  133.258  0  60.8559  25.9257  0  -13.3463  133.258
5.14  133.517  0  60.722  25.9257  0  -13.4443  133.517
5.15  133.776  0  60.587  25.9257  0  -13.5423  133.776
5.16  134.036  0  60.4511  25.9257  0  -13.6403  134.036
5.17  134.295  0  60.3142  25.9257  0  -13.7383  134.295
5.18  134.554  0  60.1763  25.9257  0  -13.8363  134.554
5.19  134.813  0  60.0375  25.9257  0  -13.9343  134.813
5.2  135.073  0  59.8977  25.9257  0  -14.0323  135.073
5.21  135.332  0  59.7568  25.9257  0  -14.1303  135.332
5.22  135.591  0  59.6151  25.9257  0  -14.2283  135.591
5.23  135.85  0  59.4723  25.9257  0  -14.3263  135.85
5.24  136.11  0  59.3285  25.9257  0  -14.4243  136.11
5.25  136.369  0  59.1838  25.9257  0  -14.5223  136.369
5.26  136.628  0  59.0381  25.9257  0  -14.6203  136.628
5.27  136.887  0  58.8914  25.9257  0  -14.7183  136.887
5.28  137.147  0  58.7437  25.9257  0  -14.8163  137.147
5.29  137.406  0  58.5951  25.9257  0  -14.9143  137.406
5.3  137.665  0  58.4454  25.9257  0  -15.0123  137.665
5.31  137.924  0  58.2948  25.9257  0  -15.1103  137.924
5.32  138.184  0  58.1432  25.9257  0  -15.2083  138.184
5.33  138.443  0  57.9907  25.9257  0  -15.3063  138.443
5.34  138.702  0  57.8371  25.9257  0  -15.4043  138.702
5.35  138.962  0  57.6826  25.9257  0  -15.5023  138.962
5.36  139.221  0  57.5271  25.9257  0  -15.6003  139.221
5.37  139.48  0  57.3706  25.9257  0  -15.6983  139.48
5.38  139.739  0  57.2131  25.9257  0  -15.7963  139.739
5.39  139.999  0  57.0546  25.9257  0  -15.8943  139.999
5.4  140.258  0  56.8952  25.9257  0  -15.9923  140.258
5.41  140.517  0  56.7348  25.9257  0  -16.0903  140.517
5.42  140.776  0  56.5734  25.9257  0  -16.1883  140.776
5.43  141.036  0  56.411  25.9257  0  -16.2863  141.036
5.44  141.295  0  56.2477  25.9257  0  -16.3843  141.295
5.45  141.554  0  56.0833  25.9257  0  -16.4823  141.554
5.46  141.813  0  55.918  25.9257  0  -16.5803  141.813
5.47  142.073  0  55.7517  25.9257  0  -16.6783  142.073
5.48  142.332  0  55.5845  25.9257  0  -16.7763  142.332
5.49  142.591  0  55.4162  25.9257  0  -16.8743  142.591
5.5  142.85  0  55.247  25.9257  0  -16.9723  142.85
5.51  143.11  0  55.0768  25.9257  0  -17.0703  143.11
5.52  143.369  0  54.9056  25.9257  0  -17.1683  143.369
5.53  143.628  0  54.7334  25.9257  0  -17.2663  143.628
5.54  143.887  0  54.5602  25.9257  0  -17.3643  143.887
5.55  144.147  0  54.3861  25.9257  0  -17.4623  144.147
5.56  144.406  0  54.211  25.9257  0  -17.5603  144.406
5.57  144.665  0  54.0349  25.9257  0  -17.6583  144.665
5.58  144.924  0  53.8578  25.9257  0  -17.7563  144.924
5.59  145.184  0  53.6798  25.9257  0  -17.8543  145.184
5.6  145.443  0  53.5007  25.9257  0  -17.9523  145.443
5.61  145.702  0  53.3207  25.9257  0  -18.0503  145.702
5.62  145.961  0  53.1397  25.9257  0  -18.1483  145.961
5.63  146.221  0  52.9578  25.9257  0  -18.2463  146.221
5.64  146.48  0  52.7748  25.9257  0  -18.3443  146.48
5.65  146.739  0  52.5909  25.9257  0  -18.4423  146.739
5.66  146.998  0  52.406  25.9257  0  -18.5403  146.998
5.67  147.258  0  52.2201  25.9257  0  -18.6383  147.258
5.68  147.517  0  52.0332  25.9257  0  -18.7363  147.517
5.69  147.776  0  51.8453  25.9257  0  -18.8343  147.776
5.7  148.035  0  51.6565  25.9257  0  -18.9323  148.035
5.71  148.295  0  51.4667  25.9257  0  -19.0303  148.295
5.72  148.554  0  51.2759  25.9257  0  -19.1283  148.554
5.73  148.813  0  51.0841  25.9257  0  -19.2263  148.813
5.74  149.073  0  50.8914  25.9257  0  -19.3243  149.073
5.75  149.332  0  50.6976  25.9257  0  -19.4223  149.332
5.76  149.591  0  50.5029  25.9257  0  -19.5203  149.591
5.77  149.85  0  50.3072  25.9257  0  -19.6183  149.85
5.78  150.11  0  50.1106  25.9257  0  -19.7163  150.11
5.79  150.369  0  49.9129  25.9257  0  -19.8143  150.369
5.8  150.628  0  49.7143  25.9257  0  -19.9123  150.628
5.81  150.887  0  49.5147  25.9257  0  -20.0103  150.887
5.82  151.147  0  49.3141  25.9257  0  -20.1083  151.147
5.83  151.406  0  49.1125  25.9257  0  -20.2063  151.406
5.84  151.665  0  48.9099  25.9257  0  -20.3043  151.665
5.85  151.924  0  48.7064  25.9257  0  -20.4023  151.924
5.86  152.184  0  48.5019  25.9257  0  -20.5003  152.184
5.87  152.443  0  48.2964  25.9257  0  -20.5983  152.443
5.88  152.702  0  48.0899  25.9257  0  -20.6963  152.702
5.89  152.961  0  47.8825  25.9257  0  -20.7943  152.961
5.9  153.221  0  47.674  25.9257  0  -20.8923  153.221
5.91  153.48  0  47.4646  25.9257  0  -20.9903  153.48
5.92  153.739  0  47.2542  25.9257  0  -21.0883  153.739
5.93  153.998  0  47.0429  25.9257  0  -21.1863  153.998
5.94  154.258  0  46.8305  25.9257  0  -21.2843  154.258
5.95  154.517  0  46.6172  25.9257  0  -21.3823  154.517
5.96  154.776  0  46.4029  25.9257  0  -21.4803  154.776
5.97  155.035  0  46.1876  25.9257  0  -21.5783  155.035
5.98  155.295  0  45.9713  25.9257  0  -21.6763  155.295
5.99  155.554  0  45.754  25.9257  0  -21.7743  155.554
6  155.813  0  45.5358  25.9257  0  -21.8723  155.813
6.01  156.072  0  45.3166  25.9257  0  -21.9703  156.072
6.02  156.332  0  45.0964  25.9257  0  -22.0683  156.332
6.03  156.591  0  44.8752  25.9257  0  -22.1663  156.591
6.04  156.85  0  44.6531  25.9257  0  -22.2643  156.85
6.05  157.109  0  44.4299  25.9257  0  -22.3623  157.109
6.06  157.369  0  44.2058  25.9257  0  -22.4603  157.369
6.07  157.628  0  43.9807  25.9257  0  -22.5583  157.628
6.08  157.887  0  43.7547  25.9257  0  -22.6563  157.887
6.09  158.146  0  43.5276  25.9257  0  -22.7543  158.146
6.1  158.406  0  43.2996  25.9257  0  -22.8523  158.406
6.11  158.665  0  43.0706  25.9257  0  -22.9503  158.665
6.12  158.924  0  42.8406  25.9257  0  -23.0483  158.924
6.13  159.184  0  42.6096  25.9257  0  -23.1463  159.184
6.14  159.443  0  42.3776  25.9257  0  -23.2443  159.443
6.15  159.702  0  42.1447  25.9257  0  -23.3423  159.702
6.16  159.961  0  41.9108  25.9257  0  -23.4403  159.961
6.17  160.221  0  41.6759  25.9257  0  -23.5383  160.221
6.18  160.48  0  41.44  25.9257  0  -23.6363  160.48
6.19  160.739  0  41.2032  25.9257  0  -23.7343  160.739
6.2  160.998  0  40.9653  25.9257  0  -23.8323  160.998
6.21  161.258  0  40.7265  25.9257  0  -23.9303  161.258
6.22  161.517  0  40.4867  25.9257  0  -24.0283  161.517
6.23  161.776  0  40.246  25.9257  0  -24.1263  161.776
6.24  162.035  0  40.0042  25.9257  0  -24.2243  162.035
6.25  162.295  0  39.7615  25.9257  0  -24.3223  162.295
6.26  162.554  0  39.5178  25.9257  0  -24.4203  162.554
6.27  162.813  0  39.2731  25.9257  0  -24.5183  162.813
6.28  163.072  0  39.0274  25.9257  0  -24.6163  163.072
6.29  163.332  0  38.7807  25.9257  0  -24.7143  163.332
6.3  163.591  0  38.5331  25.9257  0  -24.8123  163.591
6.31  163.85  0  38.2845  25.9257  0  -24.9103  163.85
6.32  164.109  0  38.0349  25.9257  0  -25.0083  164.109
6.33  164.369  0  37.7843  25.9257  0  -25.1063  164.369
6.34  164.628  0  37.5328  25.9257  0  -25.2043  164.628
6.35  164.887  0  37.2802  25.9257  0  -25.3023  164.887
6.36  165.146  0  37.0267  25.9257  0  -25.4003  165.146
6.37  165.406  0  36.7722  25.9257  0  -25.4983  165.406
6.38  165.665  0  36.5168  25.9257  0  -25.5963  165.665
6.39  165.924  0  36.2603  25.9257  0  -25.6943  165.924
6.4  166.183  0  36.0029  25.9257  0  -25.7923  166.183
6.41  166.443  0  35.7445  25.9257  0  -25.8903  166.443
6.42  166.702  0  35.4851  25.9257  0  -25.9883  166.702
6.43  166.961  0  35.2247  25.9257  0  -26.0863  166.961
6.44  167.22  0  34.9633  25.9257  0  -26.1843  167.22
6.45  167.48  0  34.701  25.9257  0  -26.2823  167.48
6.46  167.739  0  34.4377  25.9257  0  -26.3803  167.739
6.47  167.998  0  34.1734  25.9257  0  -26.4783  167.998
6.48  168.258  0  33.9081  25.9257  0  -26.5763  168.258
6.49  168.517  0  33.6419  25.9257  0  -26.6743  168.517
6.5  168.776  0  33.3746  25.9257  0  -26.7723  168.776
6.51  169.035  0  33.1064  25.9257  0  -26.8703  169.035
6.52  169.295  0  32.8372  25.9257  0  -26.9683  169.295
6.53  169.554  0  32.5671  25.9257  0  -27.0663  169.554
6.54  169.813  0  32.2959  25.9257  0  -27.1643  169.813
6.55  170.072  0  32.0238  25.9257  0  -27.2623  170.072
6.56  170.332  0  31.7507  25.9257  0  -27.3603  170.332
6.57  170.591  0  31.4766  25.9257  0  -27.4583  170.591
6.58  170.85  0  31.2015  25.9257  0  -27.5563  170.85
6.59  171.109  0  30.9254  25.9257  0  -27.6543  171.109
6.6  171.369  0  30.6484  25.9257  0  -27.7523  171.369
6.61  171.628  0  30.3704  25.9257  0  -27.8503  171.628
6.62  171.887  0  30.0914  25.9257  0  -27.9483  171.887
6.63  172.146  0  29.8114  25.9257  0  -28.0463  172.146
6.64  172.406  0  29.5305  25.9257  0  -28.1443  172.406
6.65  172.665  0  29.2485  25.9257  0  -28.2423  172.665
6.66  172.924  0  28.9656  25.9257  0  -28.3403  172.924
6.67  173.183  0  28.6817  25.9257  0  -28.4383  173.183
6.68  173.443  0  28.3969  25.9257  0  -28.5363  173.443
6.69  173.702  0  28.111  25.9257  0  -28.6343  173.702
6.7  173.961  0  27.8242  25.9257  0  -28.7323  173.961
6.71  174.22  0  27.5364  25.9257  0  -28.8303  174.22
6.72  174.48  0  27.2476  25.9257  0  -28.9283  174.48
6.73  174.739  0  26.9578  25.9257  0  -29.0263  174.739
6.74  174.998  0  26.667  25.9257  0  -29.1243  174.998
6.75  175.257  0  26.3753  25.9257  0  -29.2223  175.257
6.76  175.517  0  26.0826  25.9257  0  -29.3203  175.517
6.77  175.776  0  25.7889  25.9257  0  -29.4183  175.776
6.78  176.035  0  25.4942  25.9257  0  -29.5163  176.035
6.79  176.294  0  25.1986  25.9257  0  -29.6143  176.294
6.8  176.554  0  24.9019  25.9257  0  -29.7123  176.554
6.81  176.813  0  24.6043  25.9257  0  -29.8103  176.813
6.82  177.072  0  24.3057  25.9257  0  -29.9083  177.072
6.83  177.331  0  24.0062  25.9257  0  -30.0063  177.331
6.84  177.591  0  23.7056  25.9257  0  -30.1043  177.591
6.85  177.85  0  23.4041  25.9257  0  -30.2023  177.85
6.86  178.109  0  23.1016  25.9257  0  -30.3003  178.109
6.87  178.369  0  22.7981  25.9257  0  -30.3983  178.369
6.88  178.628  0  22.4936  25.9257  0  -30.4963  178.628
6.89  178.887  0  22.1881  25.9257  0  -30.5943  178.887
6.9  179.146  0  21.8817  25.9257  0  -30.6923  179.146
6.91  179.406  0  21.5743  25.9257  0  -30.7903  179.406
6.92  179.665  0  21.2659  25.9257  0  -30.8883  179.665
6.93  179.924  0  20.9565  25.9257  0  -30.9863  179.924
6.94  180.183  0  20.6462  25.9257  0  -31.0843  180.183
6.95  180.443  0  20.3348  25.9257  0  -31.1823  180.443
6.96  180.702  0  20.0225  25.9257  0  -31.2803  180.702
6.97  180.961  0  19.7092  25.9257  0  -31.3783  180.961
6.98  181.22  0  19.395  25.9257  0  -31.4763  181.22
6.99  181.48  0  19.0797  25.9257  0  -31.5743  181.48
7  181.739  0  18.7635  25.9257  0  -31.6723  181.739
7.01  181.998  0  18.4463  25.9257  0  -31.7703  181.998
7.02  182.257  0  18.1281  25.9257  0  -31.8683  182.257
7.03  182.517  0  17.8089  25.9257  0  -31.9663  182.517
7.04  182.776  0  17.4887  25.9257  0  -32.0643  182.776
7.05  183.035  0  17.1676  25.9257  0  -32.1623  183.035
7.06  183.294  0  16.8455  25.9257  0  -32.2603  183.294
7.07  183.554  0  16.5224  25.9257  0  -32.3583  183.554
7.08  183.813  0  16.1983  25.9257  0  -32.4563  183.813
7.09  184.072  0  15.8733  25.9257  0  -32.5543  184.072
7.1  184.331  0  15.5472  25.9257  0  -32.6523  184.331
7.11  184.591  0  15.2202  25.9257  0  -32.7503  184.591
7.12  184.85  0  14.8922  25.9257  0  -32.8483  184.85
7.13  185.109  0  14.5633  25.9257  0  -32.9463  185.109
7.14  185.368  0  14.2333  25.9257  0  -33.0443  185.368
7.15  185.628  0  13.9024  25.9257  0  -33.1423  185.628
7.16  185.887  0  13.5705  25.9257  0  -33.2403  185.887
7.17  186.146  0  13.2376  25.9257  0  -33.3383  186.146
7.18  186.405  0  12.9037  25.9257  0  -33.4363  186.405
7.19  186.665  0  12.5688  25.9257  0  -33.5343  186.665
7.2  186.924  0  12.233  25.9257  0  -33.6323  186.924
7.21  187.183  0  11.8962  25.9257  0  -33.7303  187.183
7.22  187.442  0  11.5584  25.9257  0  -33.8283  187.442
7.23  187.702  0  11.2196  25.9257  0  -33.9263  187.702
7.24  187.961  0  10.8799  25.9257  0  -34.0243  187.961
7.25  188.22  0  10.5391  25.9257  0  -34.1223  188.22
7.26  188.48  0  10.1974  25.9257  0  -34.2203  188.48
7.27  188.739  0  9.85474  25.9257  0  -34.3183  188.739
7.28  188.998  0  9.51106  25.9257  0  -34.4163  188.998
7.29  189.257  0  9.16641  25.9257  0  -34.5143  189.257
7.3  189.517  0  8.82078  25.9257  0  -34.6123  189.517
7.31  189.776  0  8.47416  25.9257  0  -34.7103  189.776
7.32  190.035  0  8.12657  25.9257  0  -34.8083  190.035
7.33  190.294  0  7.778  25.9257  0  -34.9063  190.294
7.34  190.554  0  7.42844  25.9257  0  -35.0043  190.554
7.35  190.813  0  7.07791  25.9257  0  -35.1023  190.813
7.36  191.072  0  6.7264  25.9257  0  -35.2003  191.072
7.37  191.331  0  6.3739  25.9257  0  -35.2983  191.331
7.38  191.591  0  6.02043  25.9257  0  -35.3963  191.591
7.39  191.85  0  5.66598  25.9257  0  -35.4943  191.85
7.4  192.109  0  5.31054  25.9257  0  -35.5923  192.109
7.41  192.368  0  4.95413  25.9257  0  -35.6903  192.368
7.42  192.628  0  4.59674  25.9257  0  -35.7883  192.628
7.43  192.887  0  4.23836  25.9257  0  -35.8863  192.887
7.44  193.146  0  3.87901  25.9257  0  -35.9843  193.146
7.45  193.405  0  3.51868  25.9257  0  -36.0823  193.405
7.46  193.665  0  3.15736  25.9257  0  -36.1803  193.665
7.47  193.924  0  2.79507  25.9257  0  -36.2783  193.924
7.48  194.183  0  2.4318  25.9257  0  -36.3763  194.183
7.49  194.442  0  2.06754  25.9257  0  -36.4743  194.442
7.5  194.702  0  1.70231  25.9257  0  -36.5723  194.702
7.51  194.961  0  1.3361  25.9257  0  -36.6703  194.961
7.52  195.22  0  0.968903  25.9257  0  -36.7683  195.22
7.53  195.479  0  0.60073  25.9257  0  -36.8663  195.479
7.54  195.739  0  0.231577  25.9257  0  -36.9643  195.739
7.55  195.998  0  -0.138557  25.9257  0  -37.0623  195.998
