t  x  y  z  vx  vy  vz  range
0  0  0  0  39.1443  0  22.6  0
0  0.390967  0  0.225235  39.0491  0  22.4471  0.390967
0.01  0.780984  0  0.448945  38.9544  0  22.2948  0.780984
0.02  1.17006  0  0.671134  38.8603  0  22.1431  1.17006
0.03  1.55819  0  0.891808  38.7668  0  21.9919  1.55819
0.04  1.9454  0  1.11097  38.6738  0  21.8413  1.9454
0.05  2.33167  0  1.32864  38.5814  0  21.6912  2.33167
0.06  2.71702  0  1.5448  38.4894  0  21.5416  2.71702
0.07  3.10146  0  1.75947  38.3981  0  21.3926  3.10146
0.08  3.48499  0  1.97265  38.3072  0  21.2441  3.48499
0.09  3.86761  0  2.18435  38.2169  0  21.0962  3.86761
0.1  4.24933  0  2.39458  38.1272  0  20.9487  4.24933
0.11  4.63015  0  2.60333  38.0379  0  20.8018  4.63015
0.12  5.01009  0  2.81061  37.9492  0  20.6554  5.01009
0.13  5.38914  0  3.01644  37.8609  0  20.5094  5.38914
0.14  5.76731  0  3.22081  37.7732  0  20.364  5.76731
0.15  6.1446  0  3.42372  37.686  0  20.2191  6.1446
0.16  6.52103  0  3.62519  37.5992  0  20.0747  6.52103
0.17  6.89659  0  3.82522  37.513  0  19.9308  6.89659
0.18  7.27129  0  4.02381  37.4273  0  19.7873  7.27129
0.19  7.64514  0  4.22097  37.342  0  19.6444  7.64514
0.2  8.01813  0  4.4167  37.2572  0  19.5019  8.01813
0.21  8.39028  0  4.611  37.1729  0  19.3599  8.39028
0.22  8.76159  0  4.8039  37.0891  0  19.2183  8.76159
0.23  9.13207  0  4.99537  37.0057  0  19.0772  9.13207
0.24  9.50171  0  5.18544  36.9228  0  18.9366  9.50171
0.25  9.87053  0  5.37411  36.8404  0  18.7964  9.87053
0.26  10.2385  0  5.56137  36.7584  0  18.6567  10.2385
0.27  10.6057  0  5.74724  36.6769  0  18.5175  10.6057
0.28  10.9721  0  5.93172  36.5958  0  18.3786  10.9721
0.29  11.3376  0  6.11482  36.5152  0  18.2403  11.3376
0.3  11.7024  0  6.29653  36.435  0  18.1023  11.7024
0.31  12.0663  0  6.47686  36.3553  0  17.9648  12.0663
0.32  12.4295  0  6.65583  36.276  0  17.8277  12.4295
0.33  12.7918  0  6.83342  36.1971  0  17.691  12.7918
0.34  13.1534  0  7.00965  36.1186  0  17.5548  13.1534
0.35  13.5142  0  7.18452  36.0406  0  17.419  13.5142
0.36  13.8742  0  7.35803  35.963  0  17.2836  13.8742
0.37  14.2335  0  7.53019  35.8858  0  17.1486  14.2335
0.38  14.5919  0  7.701  35.809  0  17.014  14.5919
0.39  14.9497  0  7.87047  35.7327  0  16.8798  14.9497
0.4  15.3066  0  8.0386  35.6567  0  16.7461  15.3066
0.41  15.6628  0  8.20539  35.5811  0  16.6127  15.6628
0.42  16.0182  0  8.37086  35.506  0  16.4797  16.0182
0.43  16.3729  0  8.53499  35.4312  0  16.3471  16.3729
0.44  16.7269  0  8.6978  35.3569  0  16.2149  16.7269
0.45  17.08  0  8.85929  35.2829  0  16.0831  17.08
0.46  17.4325  0  9.01946  35.2093  0  15.9516  17.4325
0.47  17.7842  0  9.17832  35.1361  0  15.8206  17.7842
0.48  18.1352  0  9.33587  35.0633  0  15.6899  18.1352
0.49  18.4855  0  9.49212  34.9908  0  15.5596  18.4855
0.5  18.8351  0  9.64707  34.9188  0  15.4296  18.8351
0.51  19.1839  0  9.80071  34.8471  0  15.3  19.1839
0.52  19.532  0  9.95307  34.7757  0  15.1708  19.532
0.53  19.8794  0  10.1041  34.7048  0  15.0419  19.8794
0.54  20.2261  0  10.2539  34.6342  0  14.9134  20.2261
0.55  20.5721  0  10.4024  34.5639  0  14.7853  20.5721
0.56  20.9174  0  10.5496  34.494  0  14.6575  20.9174
0.57  21.262  0  10.6956  34.4245  0  14.5301  21.262
0.58  21.6059  0  10.8402  34.3553  0  14.403  21.6059
0.59  21.9491  0  10.9836  34.2865  0  14.2762  21.9491
0.6  22.2916  0  11.1257  34.218  0  14.1498  22.2916
0.61  22.6334  0  11.2666  34.1499  0  14.0237  22.6334
0.62  22.9746  0  11.4062  34.0821  0  13.898  22.9746
0.63  23.3151  0  11.5446  34.0146  0  13.7725  23.3151
0.64  23.6549  0  11.6817  33.9475  0  13.6475  23.6549
0.65  23.994  0  11.8175  33.8807  0  13.5227  23.994
0.66  24.3325  0  11.9521  33.8142  0  13.3983  24.3325
0.67  24.6703  0  12.0855  33.7481  0  13.2742  24.6703
0.68  25.0075  0  12.2176  33.6823  0  13.1504  25.0075
0.69  25.344  0  12.3485  33.6168  0  13.0269  25.344
0.7  25.6798  0  12.4781  33.5516  0  12.9037  25.6798
0.71  26.015  0  12.6066  33.4868  0  12.7809  26.015
0.72  26.3495  0  12.7338  33.4222  0  12.6584  26.3495
0.73  26.6834  0  12.8597  33.358  0  12.5361  26.6834
0.74  27.0167  0  12.9845  33.2941  0  12.4142  27.0167
0.75  27.3493  0  13.108  33.2304  0  12.2926  27.3493
0.76  27.6813  0  13.2303  33.1671  0  12.1712  27.6813
0.77  28.0127  0  13.3515  33.1041  0  12.0502  28.0127
0.78  28.3434  0  13.4713  33.0414  0  11.9295  28.3434
0.79  28.6735  0  13.59  32.979  0  11.809  28.6735
0.8  29.003  0  13.7075  32.9169  0  11.6889  29.003
0.81  29.3318  0  13.8238  32.8551  0  11.569  29.3318
0.82  29.6601  0  13.9389  32.7935  0  11.4494  29.6601
0.83  29.9877  0  14.0528  32.7323  0  11.3301  29.9877
0.84  30.3147  0  14.1655  32.6713  0  11.2111  30.3147
0.85  30.6411  0  14.277  32.6106  0  11.0924  30.6411
0.86  30.9669  0  14.3874  32.5502  0  10.974  30.9669
0.87  31.2921  0  14.4965  32.4901  0  10.8558  31.2921
0.88  31.6167  0  14.6045  32.4303  0  10.7379  31.6167
0.89  31.9407  0  14.7113  32.3707  0  10.6202  31.9407
0.9  32.2642  0  14.8169  32.3114  0  10.5029  32.2642
0.91  32.587  0  14.9213  32.2524  0  10.3858  32.587
0.92  32.9092  0  15.0246  32.1936  0  10.2689  32.9092
0.93  33.2308  0  15.1267  32.1351  0  10.1524  33.2308
0.94  33.5519  0  15.2277  32.0769  0  10.0361  33.5519
0.95  33.8724  0  15.3274  32.0189  0  9.92002  33.8724
0.96  34.1923  0  15.4261  31.9612  0  9.80423  34.1923
0.97  34.5116  0  15.5235  31.9038  0  9.6887  34.5116
0.98  34.8304  0  15.6198  31.8466  0  9.57342  34.8304
0.99  35.1485  0  15.715  31.7896  0  9.45839  35.1485
1  35.4662  0  15.809  31.733  0  9.34361  35.4662
1.01  35.7832  0  15.9019  31.6765  0  9.22908  35.7832
1.02  36.0997  0  15.9936  31.6203  0  9.11479  36.0997
1.03  36.4156  0  16.0842  31.5644  0  9.00075  36.4156
1.04  36.731  0  16.1736  31.5087  0  8.88695  36.731
1.05  37.0458  0  16.2619  31.4532  0  8.7734  37.0458
1.06  37.36  0  16.3491  31.398  0  8.66008  37.36
1.07  37.6737  0  16.4351  31.343  0  8.547  37.6737
1.08  37.9869  0  16.52  31.2883  0  8.43416  37.9869
1.09  38.2995  0  16.6038  31.2338  0  8.32155  38.2995
1.1  38.6116  0  16.6864  31.1795  0  8.20917  38.6116
1.11  38.9231  0  16.768  31.1254  0  8.09703  38.9231
1.12  39.2341  0  16.8484  31.0716  0  7.98511  39.2341
1.13  39.5445  0  16.9277  31.018  0  7.87343  39.5445
1.14  39.8544  0  17.0058  30.9647  0  7.76196  39.8544
1.15  40.1638  0  17.0829  30.9115  0  7.65073  40.1638
1.16  40.4727  0  17.1589  30.8586  0  7.53971  40.4727
1.17  40.781  0  17.2337  30.8059  0  7.42892  40.781
1.18  41.0888  0  17.3074  30.7534  0  7.31834  41.0888
1.19  41.3961  0  17.3801  30.7011  0  7.20799  41.3961
1.2  41.7028  0  17.4516  30.6491  0  7.09785  41.7028
1.21  42.0091  0  17.522  30.5972  0  6.98793  42.0091
1.22  42.3148  0  17.5914  30.5456  0  6.87822  42.3148
1.23  42.62  0  17.6596  30.4942  0  6.76873  42.62
1.24  42.9246  0  17.7267  30.443  0  6.65944  42.9246
1.25  43.2288  0  17.7928  30.392  0  6.55037  43.2288
1.26  43.5325  0  17.8577  30.3412  0  6.4415  43.5325
1.27  43.8356  0  17.9216  30.2906  0  6.33284  43.8356
1.28  44.1383  0  17.9844  30.2402  0  6.22438  44.1383
1.29  44.4405  0  18.0461  30.19  0  6.11613  44.4405
1.3  44.7421  0  18.1067  30.14  0  6.00809  44.7421
1.31  45.0433  0  18.1663  30.0902  0  5.90024  45.0433
1.32  45.3439  0  18.2247  30.0406  0  5.79259  45.3439
1.33  45.6441  0  18.2821  29.9912  0  5.68515  45.6441
1.34  45.9437  0  18.3384  29.942  0  5.5779  45.9437
1.35  46.2429  0  18.3937  29.8929  0  5.47084  46.2429
1.36  46.5416  0  18.4479  29.8441  0  5.36398  46.5416
1.37  46.8398  0  18.501  29.7954  0  5.25732  46.8398
1.38  47.1375  0  18.553  29.747  0  5.15085  47.1375
1.39  47.4347  0  18.604  29.6987  0  5.04457  47.4347
1.4  47.7315  0  18.6539  29.6506  0  4.93848  47.7315
1.41  48.0277  0  18.7027  29.6027  0  4.83257  48.0277
1.42  48.3235  0  18.7505  29.5549  0  4.72686  48.3235
1.43  48.6188  0  18.7973  29.5074  0  4.62133  48.6188
1.44  48.9137  0  18.843  29.46  0  4.51599  48.9137
1.45  49.208  0  18.8876  29.4128  0  4.41083  49.208
1.46  49.5019  0  18.9312  29.3658  0  4.30586  49.5019
1.47  49.7954  0  18.9737  29.3189  0  4.20107  49.7954
1.48  50.0883  0  19.0152  29.2722  0  4.09645  50.0883
1.49  50.3808  0  19.0557  29.2257  0  3.99202  50.3808
1.5  50.6728  0  19.095  29.1793  0  3.88777  50.6728
1.51  50.9644  0  19.1334  29.1332  0  3.78369  50.9644
1.52  51.2555  0  19.1707  29.0871  0  3.67979  51.2555
1.53  51.5461  0  19.207  29.0413  0  3.57607  51.5461
1.54  51.8363  0  19.2422  28.9956  0  3.47252  51.8363
1.55  52.126  0  19.2765  28.9501  0  3.36915  52.126
1.56  52.4153  0  19.3096  28.9047  0  3.26594  52.4153
1.57  52.7041  0  19.3418  28.8595  0  3.16291  52.7041
1.58  52.9925  0  19.3729  28.8145  0  3.06005  52.9925
1.59  53.2804  0  19.403  28.7696  0  2.95736  53.2804
1.6  53.5679  0  19.432  28.7248  0  2.85484  53.5679
1.61  53.8549  0  19.4601  28.6802  0  2.75248  53.8549
1.62  54.1415  0  19.4871  28.6358  0  2.65029  54.1415
1.63  54.4276  0  19.5131  28.5915  0  2.54827  54.4276
1.64  54.7133  0  19.5381  28.5474  0  2.44641  54.7133
1.65  54.9986  0  19.562  28.5034  0  2.34472  54.9986
1.66  55.2834  0  19.5849  28.4596  0  2.24319  55.2834
1.67  55.5678  0  19.6069  28.4159  0  2.14182  55.5678
1.68  55.8517  0  19.6278  28.3724  0  2.04062  55.8517
1.69  56.1352  0  19.6477  28.329  0  1.93957  56.1352
1.7  56.4183  0  19.6666  28.2857  0  1.83868  56.4183
1.71  56.7009  0  19.6845  28.2426  0  1.73796  56.7009
1.72  56.9832  0  19.7013  28.1996  0  1.63739  56.9832
1.73  57.2649  0  19.7172  28.1568  0  1.53697  57.2649
1.74  57.5463  0  19.7321  28.1141  0  1.43672  57.5463
1.75  57.8272  0  19.7459  28.0715  0  1.33662  57.8272
1.76  58.1077  0  19.7588  28.0291  0  1.23667  58.1077
1.77  58.3878  0  19.7707  27.9868  0  1.13688  58.3878
1.78  58.6675  0  19.7815  27.9447  0  1.03724  58.6675
1.79  58.9467  0  19.7914  27.9027  0  0.937754  58.9467
1.8  59.2255  0  19.8003  27.8608  0  0.838419  59.2255
1.81  59.5039  0  19.8082  27.819  0  0.739236  59.5039
1.82  59.7819  0  19.8151  27.7774  0  0.640203  59.7819
1.83  60.0595  0  19.821  27.7359  0  0.54132  60.0595
1.84  60.3366  0  19.8259  27.6945  0  0.442586  60.3366
1.85  60.6134  0  19.8298  27.6533  0  0.343999  60.6134
1.86  60.8897  0  19.8328  27.6121  0  0.245561  60.8897
1.87  61.1656  0  19.8348  27.5711  0  0.147269  61.1656
1.88  61.4411  0  19.8357  27.5302  0  0.049123  61.4411
1.89  61.7162  0  19.8357  27.4895  0  -0.0488772  61.7162
1.9  61.9909  0  19.8348  27.4488  0  -0.146733  61.9909
1.91  62.2652  0  19.8328  27.4083  0  -0.244444  62.2652
1.92  62.5391  0  19.8299  27.3679  0  -0.342011  62.5391
1.93  62.8125  0  19.826  27.3276  0  -0.439435  62.8125
1.94  63.0856  0  19.8211  27.2875  0  -0.536718  63.0856
1.95  63.3583  0  19.8152  27.2474  0  -0.633858  63.3583
1.96  63.6306  0  19.8084  27.2075  0  -0.730857  63.6306
1.97  63.9024  0  19.8006  27.1677  0  -0.827715  63.9024
1.98  64.1739  0  19.7919  27.1279  0  -0.924434  64.1739
1.99  64.445  0  19.7821  27.0883  0  -1.02101  64.445
2  64.7157  0  19.7714  27.0488  0  -1.11745  64.7157
2.01  64.986  0  19.7598  27.0095  0  -1.21375  64.986
2.02  65.2559  0  19.7472  26.9702  0  -1.30992  65.2559
2.03  65.5254  0  19.7336  26.931  0  -1.40594  65.5254
2.04  65.7945  0  19.719  26.892  0  -1.50183  65.7945
2.05  66.0632  0  19.7035  26.853  0  -1.59759  66.0632
2.06  66.3316  0  19.6871  26.8141  0  -1.69321  66.3316
2.07  66.5995  0  19.6697  26.7754  0  -1.78869  66.5995
2.08  66.8671  0  19.6513  26.7367  0  -1.88403  66.8671
2.09  67.1342  0  19.632  26.6982  0  -1.97925  67.1342
2.1  67.401  0  19.6117  26.6598  0  -2.07433  67.401
2.11  67.6674  0  19.5905  26.6214  0  -2.16927  67.6674
2.12  67.9335  0  19.5683  26.5832  0  -2.26409  67.9335
2.13  68.1991  0  19.5452  26.545  0  -2.35877  68.1991
2.14  68.4644  0  19.5212  26.507  0  -2.45332  68.4644
2.15  68.7292  0  19.4962  26.469  0  -2.54773  68.7292
2.16  68.9937  0  19.4702  26.4311  0  -2.64202  68.9937
2.17  69.2579  0  19.4433  26.3934  0  -2.73617  69.2579
2.18  69.5216  0  19.4155  26.3557  0  -2.8302  69.5216
2.19  69.785  0  19.3867  26.3181  0  -2.92409  69.785
2.2  70.048  0  19.357  26.2806  0  -3.01786  70.048
2.21  70.3106  0  19.3264  26.2432  0  -3.11149  70.3106
2.22  70.5728  0  19.2948  26.2059  0  -3.205  70.5728
2.23  70.8347  0  19.2623  26.1687  0  -3.29838  70.8347
2.24  71.0962  0  19.2288  26.1316  0  -3.39163  71.0962
2.25  71.3573  0  19.1944  26.0945  0  -3.48475  71.3573
2.26  71.6181  0  19.1591  26.0576  0  -3.57774  71.6181
2.27  71.8785  0  19.1229  26.0207  0  -3.67061  71.8785
2.28  72.1385  0  19.0857  25.9839  0  -3.76335  72.1385
2.29  72.3982  0  19.0476  25.9472  0  -3.85597  72.3982
2.3  72.6575  0  19.0086  25.9106  0  -3.94846  72.6575
2.31  72.9164  0  18.9686  25.874  0  -4.04082  72.9164
2.32  73.1749  0  18.9278  25.8376  0  -4.13306  73.1749
2.33  73.4331  0  18.886  25.8012  0  -4.22517  73.4331
2.34  73.691  0  18.8433  25.7649  0  -4.31716  73.691
2.35  73.9484  0  18.7996  25.7287  0  -4.40902  73.9484
2.36  74.2055  0  18.7551  25.6926  0  -4.50076  74.2055
2.37  74.4623  0  18.7096  25.6565  0  -4.59237  74.4623
2.38  74.7187  0  18.6632  25.6205  0  -4.68386  74.7187
2.39  74.9747  0  18.616  25.5846  0  -4.77523  74.9747
2.4  75.2304  0  18.5677  25.5488  0  -4.86648  75.2304
2.41  75.4857  0  18.5186  25.513  0  -4.9576  75.4857
2.42  75.7406  0  18.4686  25.4773  0  -5.04859  75.7406
2.43  75.9952  0  18.4177  25.4417  0  -5.13947  75.9952
2.44  76.2495  0  18.3658  25.4062  0  -5.23022  76.2495
2.45  76.5033  0  18.313  25.3707  0  -5.32085  76.5033
2.46  76.7569  0  18.2594  25.3353  0  -5.41136  76.7569
2.47  77.01  0  18.2048  25.3  0  -5.50175  77.01
2.48  77.2629  0  18.1494  25.2648  0  -5.59202  77.2629
2.49  77.5153  0  18.093  25.2296  0  -5.68216  77.5153
2.5  77.7675  0  18.0357  25.1945  0  -5.77218  77.7675
2.51  78.0192  0  17.9775  25.1594  0  -5.86209  78.0192
2.52  78.2706  0  17.9185  25.1245  0  -5.95187  78.2706
2.53  78.5217  0  17.8585  25.0895  0  -6.04153  78.5217
2.54  78.7724  0  17.7976  25.0547  0  -6.13107  78.7724
2.55  79.0228  0  17.7359  25.0199  0  -6.22049  79.0228
2.56  79.2728  0  17.6732  24.9852  0  -6.30979  79.2728
2.57  79.5225  0  17.6097  24.9505  0  -6.39897  79.5225
2.58  79.7718  0  17.5452  24.9159  0  -6.48803  79.7718
2.59  80.0208  0  17.4799  24.8814  0  -6.57697  80.0208
2.6  80.2695  0  17.4137  24.847  0  -6.66579  80.2695
2.61  80.5178  0  17.3466  24.8125  0  -6.7545  80.5178
2.62  80.7657  0  17.2786  24.7782  0  -6.84308  80.7657
2.63  81.0133  0  17.2097  24.7439  0  -6.93154  81.0133
2.64  81.2606  0  17.14  24.7097  0  -7.01989  81.2606
2.65  81.5075  0  17.0694  24.6755  0  -7.10811  81.5075
2.66  81.7541  0  16.9978  24.6414  0  -7.19622  81.7541
2.67  82.0004  0  16.9254  24.6074  0  -7.28421  82.0004
2.68  82.2463  0  16.8521  24.5734  0  -7.37208  82.2463
2.69  82.4918  0  16.778  24.5394  0  -7.45983  82.4918
2.7  82.7371  0  16.7029  24.5055  0  -7.54746  82.7371
2.71  82.9819  0  16.627  24.4717  0  -7.63497  82.9819
2.72  83.2265  0  16.5502  24.4379  0  -7.72237  83.2265
2.73  83.4707  0  16.4726  24.4042  0  -7.80965  83.4707
2.74  83.7146  0  16.3941  24.3706  0  -7.89681  83.7146
2.75  83.9581  0  16.3147  24.337  0  -7.98385  83.9581
2.76  84.2013  0  16.2344  24.3034  0  -8.07077  84.2013
2.77  84.4442  0  16.1532  24.2699  0  -8.15757  84.4442
2.78  84.6867  0  16.0712  24.2364  0  -8.24426  84.6867
2.79  84.9289  0  15.9884  24.203  0  -8.33083  84.9289
2.8  85.1708  0  15.9046  24.1697  0  -8.41728  85.1708
2.81  85.4123  0  15.82  24.1364  0  -8.50361  85.4123
2.82  85.6535  0  15.7345  24.1031  0  -8.58983  85.6535
2.83  85.8944  0  15.6482  24.0699  0  -8.67593  85.8944
2.84  86.1349  0  15.561  24.0367  0  -8.76191  86.1349
2.85  86.3751  0  15.473  24.0036  0  -8.84777  86.3751
2.86  86.615  0  15.3841  23.9706  0  -8.93351  86.615
2.87  86.8545  0  15.2943  23.9375  0  -9.01914  86.8545
2.88  87.0937  0  15.2037  23.9046  0  -9.10465  87.0937
2.89  87.3326  0  15.1122  23.8716  0  -9.19004  87.3326
2.9  87.5712  0  15.0199  23.8387  0  -9.27531  87.5712
2.91  87.8094  0  14.9267  23.8059  0  -9.36047  87.8094
2.92  88.0473  0  14.8327  23.7731  0  -9.44551  88.0473
2.93  88.2848  0  14.7378  23.7404  0  -9.53043  88.2848
2.94  88.5221  0  14.6421  23.7077  0  -9.61523  88.5221
2.95  88.759  0  14.5455  23.675  0  -9.69991  88.759
2.96  88.9956  0  14.4481  23.6424  0  -9.78448  88.9956
2.97  89.2318  0  14.3498  23.6098  0  -9.86893  89.2318
2.98  89.4678  0  14.2507  23.5772  0  -9.95326  89.4678
2.99  89.7034  0  14.1507  23.5447  0  -10.0375  89.7034
3  89.9387  0  14.0499  23.5123  0  -10.1216  89.9387
3.01  90.1736  0  13.9483  23.4799  0  -10.2055  90.1736
3.02  90.4083  0  13.8458  23.4475  0  -10.2894  90.4083
3.03  90.6426  0  13.7425  23.4152  0  -10.3731  90.6426
3.04  90.8766  0  13.6384  23.3829  0  -10.4568  90.8766
3.05  91.1102  0  13.5334  23.3506  0  -10.5403  91.1102
3.06  91.3436  0  13.4276  23.3184  0  -10.6237  91.3436
3.07  91.5766  0  13.3209  23.2862  0  -10.7069  91.5766
3.08  91.8093  0  13.2134  23.254  0  -10.7901  91.8093
3.09  92.0417  0  13.1051  23.2219  0  -10.8731  92.0417
3.1  92.2737  0  12.996  23.1898  0  -10.956  92.2737
3.11  92.5055  0  12.886  23.1578  0  -11.0388  92.5055
3.12  92.7369  0  12.7752  23.1258  0  -11.1215  92.7369
3.13  92.968  0  12.6636  23.0938  0  -11.204  92.968
3.14  93.1988  0  12.5511  23.0619  0  -11.2865  93.1988
3.15  93.4292  0  12.4378  23.03  0  -11.3688  93.4292
3.16  93.6594  0  12.3237  22.9981  0  -11.451  93.6594
3.17  93.8892  0  12.2088  22.9663  0  -11.5331  93.8892
3.18  94.1187  0  12.0931  22.9345  0  -11.6151  94.1187
3.19  94.3479  0  11.9765  22.9027  0  -11.6969  94.3479
3.2  94.5768  0  11.8591  22.871  0  -11.7786  94.5768
3.21  94.8053  0  11.7409  22.8393  0  -11.8602  94.8053
3.22  95.0335  0  11.6219  22.8076  0  -11.9417  95.0335
3.23  95.2615  0  11.5021  22.776  0  -12.0231  95.2615
3.24  95.4891  0  11.3815  22.7444  0  -12.1043  95.4891
3.25  95.7163  0  11.26  22.7128  0  -12.1854  95.7163
3.26  95.9433  0  11.1378  22.6812  0  -12.2665  95.9433
3.27  96.17  0  11.0147  22.6497  0  -12.3473  96.17
3.28  96.3963  0  10.8908  22.6182  0  -12.4281  96.3963
3.29  96.6223  0  10.7661  22.5868  0  -12.5088  96.6223
3.3  96.848  0  10.6406  22.5553  0  -12.5893  96.848
3.31  97.0734  0  10.5143  22.5239  0  -12.6697  97.0734
3.32  97.2985  0  10.3872  22.4926  0  -12.75  97.2985
3.33  97.5233  0  10.2593  22.4612  0  -12.8301  97.5233
3.34  97.7478  0  10.1306  22.4299  0  -12.9102  97.7478
3.35  97.9719  0  10.0011  22.3986  0  -12.9901  97.9719
3.36  98.1957  0  9.87084  22.3674  0  -13.0699  98.1957
3.37  98.4192  0  9.73974  22.3361  0  -13.1496  98.4192
3.38  98.6424  0  9.60785  22.3049  0  -13.2292  98.6424
3.39  98.8653  0  9.47516  22.2738  0  -13.3086  98.8653
3.4  99.0879  0  9.34168  22.2426  0  -13.3879  99.0879
3.41  99.3102  0  9.2074  22.2115  0  -13.4671  99.3102
3.42  99.5322  0  9.07234  22.1804  0  -13.5462  99.5322
3.43  99.7538  0  8.93648  22.1493  0  -13.6251  99.7538
3.44  99.9751  0  8.79983  22.1183  0  -13.704  99.9751
3.45  100.196  0  8.6624  22.0872  0  -13.7827  100.196
3.46  100.417  0  8.52418  22.0562  0  -13.8613  100.417
3.47  100.637  0  8.38518  22.0253  0  -13.9397  100.637
3.48  100.857  0  8.24539  21.9943  0  -14.0181  100.857
3.49  101.077  0  8.10482  21.9634  0  -14.0963  101.077
3.5  101.297  0  7.96346  21.9325  0  -14.1744  101.297
3.51  101.516  0  7.82133  21.9016  0  -14.2524  101.516
3.52  101.735  0  7.67842  21.8707  0  -14.3302  101.735
3.53  101.953  0  7.53472  21.8399  0  -14.4079  101.953
3.54  102.171  0  7.39026  21.8091  0  -14.4855  102.171
3.55  102.389  0  7.24501  21.7783  0  -14.563  102.389
3.56  102.607  0  7.099  21.7475  0  -14.6404  102.607
3.57  102.824  0  6.95221  21.7168  0  -14.7176  102.824
3.58  103.041  0  6.80464  21.6861  0  -14.7947  103.041
3.59  103.258  0  6.65631  21.6554  0  -14.8717  103.258
3.6  103.474  0  6.50721  21.6247  0  -14.9486  103.474
3.61  103.691  0  6.35734  21.5941  0  -15.0253  103.691
3.62  103.906  0  6.2067  21.5634  0  -15.1019  103.906
3.63  104.122  0  6.0553  21.5328  0  -15.1784  104.122
3.64  104.337  0  5.90314  21.5022  0  -15.2548  104.337
3.65  104.552  0  5.75021  21.4716  0  -15.331  104.552
3.66  104.766  0  5.59652  21.4411  0  -15.4072  104.766
3.67  104.981  0  5.44206  21.4106  0  -15.4831  104.981
3.68  105.195  0  5.28685  21.38  0  -15.559  105.195
3.69  105.408  0  5.13088  21.3496  0  -15.6348  105.408
3.7  105.622  0  4.97416  21.3191  0  -15.7104  105.622
3.71  105.835  0  4.81668  21.2886  0  -15.7859  105.835
3.72  106.047  0  4.65844  21.2582  0  -15.8612  106.047
3.73  106.26  0  4.49945  21.2278  0  -15.9365  106.26
3.74  106.472  0  4.33971  21.1974  0  -16.0116  106.472
3.75  106.684  0  4.17922  21.167  0  -16.0866  106.684
3.76  106.895  0  4.01798  21.1367  0  -16.1614  106.895
3.77  107.107  0  3.85599  21.1063  0  -16.2361  107.107
3.78  107.317  0  3.69326  21.076  0  -16.3108  107.317
3.79  107.528  0  3.52978  21.0457  0  -16.3852  107.528
3.8  107.738  0  3.36556  21.0154  0  -16.4596  107.738
3.81  107.948  0  3.20059  20.9852  0  -16.5338  107.948
3.82  108.158  0  3.03488  20.9549  0  -16.6079  108.158
3.83  108.367  0  2.86843  20.9247  0  -16.6819  108.367
3.84  108.577  0  2.70124  20.8945  0  -16.7557  108.577
3.85  108.785  0  2.53332  20.8643  0  -16.8294  108.785
3.86  108.994  0  2.36465  20.8341  0  -16.903  108.994
3.87  109.202  0  2.19526  20.8039  0  -16.9765  109.202
3.88  109.41  0  2.02513  20.7738  0  -17.0498  109.41
3.89  109.618  0  1.85426  20.7437  0  -17.123  109.618
3.9  109.825  0  1.68266  20.7136  0  -17.1961  109.825
3.91  110.032  0  1.51034  20.6835  0  -17.2691  110.032
3.92  110.238  0  1.33728  20.6534  0  -17.3419  110.238
3.93  110.445  0  1.1635  20.6234  0  -17.4146  110.445
3.94  110.651  0  0.988993  20.5933  0  -17.4871  110.651
3.95  110.857  0  0.81376  20.5633  0  -17.5596  110.857
3.96  111.062  0  0.637802  20.5333  0  -17.6319  111.062
3.97  111.267  0  0.461123  20.5033  0  -17.704  111.267
3.98  111.472  0  0.283722  20.4733  0  -17.7761  111.472
3.99  111.677  0  0.105601  20.4434  0  -17.848  111.677
4  111.881  0  -0.0732376  20.4134  0  -17.9198  111.881
