t  x  y  z  vx  vy  vz  range
0  0  0  0  34.6252  0  29.054  0
0  0.34592  0  0.289772  34.5589  0  28.9005  0.34592
0.01  0.691179  0  0.578011  34.4929  0  28.7474  0.691179
0.02  1.03578  0  0.864721  34.4273  0  28.5948  1.03578
0.03  1.37973  0  1.14991  34.362  0  28.4427  1.37973
0.04  1.72302  0  1.43358  34.2971  0  28.291  1.72302
0.05  2.06567  0  1.71573  34.2325  0  28.1398  2.06567
0.06  2.40767  0  1.99637  34.1682  0  27.9891  2.40767
0.07  2.74904  0  2.27551  34.1043  0  27.8388  2.74904
0.08  3.08976  0  2.55315  34.0407  0  27.689  3.08976
0.09  3.42985  0  2.82929  33.9774  0  27.5396  3.42985
0.1  3.76931  0  3.10395  33.9145  0  27.3907  3.76931
0.11  4.10814  0  3.37711  33.8519  0  27.2422  4.10814
0.12  4.44635  0  3.64879  33.7896  0  27.0941  4.44635
0.13  4.78393  0  3.91899  33.7276  0  26.9465  4.78393
0.14  5.1209  0  4.18772  33.6659  0  26.7994  5.1209
0.15  5.45725  0  4.45498  33.6046  0  26.6526  5.45725
0.16  5.79299  0  4.72078  33.5435  0  26.5063  5.79299
0.17  6.12813  0  4.98511  33.4828  0  26.3604  6.12813
0.18  6.46265  0  5.24799  33.4224  0  26.2149  6.46265
0.19  6.79657  0  5.50941  33.3623  0  26.0698  6.79657
0.2  7.1299  0  5.76938  33.3024  0  25.9252  7.1299
0.21  7.46262  0  6.02791  33.2429  0  25.7809  7.46262
0.22  7.79476  0  6.285  33.1837  0  25.6371  7.79476
0.23  8.1263  0  6.54066  33.1248  0  25.4937  8.1263
0.24  8.45725  0  6.79488  33.0662  0  25.3506  8.45725
0.25  8.78762  0  7.04767  33.0078  0  25.208  8.78762
0.26  9.11741  0  7.29904  32.9498  0  25.0658  9.11741
0.27  9.44662  0  7.54899  32.892  0  24.9239  9.44662
0.28  9.77525  0  7.79752  32.8346  0  24.7824  9.77525
0.29  10.1033  0  8.04464  32.7774  0  24.6414  10.1033
0.3  10.4308  0  8.29035  32.7205  0  24.5007  10.4308
0.31  10.7577  0  8.53465  32.6639  0  24.3604  10.7577
0.32  11.0841  0  8.77756  32.6075  0  24.2204  11.0841
0.33  11.4099  0  9.01906  32.5514  0  24.0809  11.4099
0.34  11.7351  0  9.25917  32.4956  0  23.9417  11.7351
0.35  12.0598  0  9.4979  32.4401  0  23.8028  12.0598
0.36  12.3839  0  9.73523  32.3849  0  23.6644  12.3839
0.37  12.7075  0  9.97118  32.3299  0  23.5263  12.7075
0.38  13.0305  0  10.2058  32.2752  0  23.3886  13.0305
0.39  13.353  0  10.439  32.2207  0  23.2512  13.353
0.4  13.6749  0  10.6708  32.1665  0  23.1142  13.6749
0.41  13.9963  0  10.9012  32.1126  0  22.9775  13.9963
0.42  14.3172  0  11.1303  32.0589  0  22.8412  14.3172
0.43  14.6375  0  11.3581  32.0055  0  22.7052  14.6375
0.44  14.9573  0  11.5844  31.9524  0  22.5696  14.9573
0.45  15.2766  0  11.8095  31.8995  0  22.4343  15.2766
0.46  15.5953  0  12.0331  31.8468  0  22.2994  15.5953
0.47  15.9135  0  12.2554  31.7944  0  22.1647  15.9135
0.48  16.2312  0  12.4764  31.7423  0  22.0305  16.2312
0.49  16.5483  0  12.6961  31.6904  0  21.8965  16.5483
0.5  16.865  0  12.9144  31.6387  0  21.7629  16.865
0.51  17.1811  0  13.1313  31.5873  0  21.6296  17.1811
0.52  17.4967  0  13.3469  31.5362  0  21.4967  17.4967
0.53  17.8118  0  13.5613  31.4852  0  21.364  17.8118
0.54  18.1264  0  13.7742  31.4345  0  21.2317  18.1264
0.55  18.4405  0  13.9859  31.3841  0  21.0997  18.4405
0.56  18.7541  0  14.1962  31.3339  0  20.968  18.7541
0.57  19.0672  0  14.4052  31.2839  0  20.8367  19.0672
0.58  19.3798  0  14.613  31.2341  0  20.7056  19.3798
0.59  19.6919  0  14.8194  31.1846  0  20.5749  19.6919
0.6  20.0035  0  15.0245  31.1353  0  20.4444  20.0035
0.61  20.3146  0  15.2283  31.0863  0  20.3143  20.3146
0.62  20.6252  0  15.4307  31.0374  0  20.1844  20.6252
0.63  20.9353  0  15.6319  30.9888  0  20.0549  20.9353
0.64  21.245  0  15.8318  30.9404  0  19.9257  21.245
0.65  21.5542  0  16.0305  30.8923  0  19.7967  21.5542
0.66  21.8628  0  16.2278  30.8443  0  19.6681  21.8628
0.67  22.171  0  16.4238  30.7966  0  19.5397  22.171
0.68  22.4788  0  16.6186  30.7491  0  19.4116  22.4788
0.69  22.786  0  16.8121  30.7018  0  19.2839  22.786
0.7  23.0928  0  17.0043  30.6547  0  19.1564  23.0928
0.71  23.3991  0  17.1952  30.6078  0  19.0291  23.3991
0.72  23.705  0  17.3848  30.5611  0  18.9022  23.705
0.73  24.0103  0  17.5732  30.5147  0  18.7756  24.0103
0.74  24.3153  0  17.7603  30.4685  0  18.6492  24.3153
0.75  24.6197  0  17.9462  30.4224  0  18.5231  24.6197
0.76  24.9237  0  18.1308  30.3766  0  18.3972  24.9237
0.77  25.2272  0  18.3142  30.331  0  18.2717  25.2272
0.78  25.5303  0  18.4962  30.2855  0  18.1464  25.5303
0.79  25.833  0  18.6771  30.2403  0  18.0214  25.833
0.8  26.1351  0  18.8567  30.1953  0  17.8966  26.1351
0.81  26.4369  0  19.035  30.1505  0  17.7721  26.4369
0.82  26.7381  0  19.2121  30.1058  0  17.6479  26.7381
0.83  27.039  0  19.388  30.0614  0  17.5239  27.039
0.84  27.3394  0  19.5626  30.0172  0  17.4002  27.3394
0.85  27.6393  0  19.736  29.9731  0  17.2767  27.6393
0.86  27.9388  0  19.9081  29.9293  0  17.1535  27.9388
0.87  28.2379  0  20.0791  29.8856  0  17.0306  28.2379
0.88  28.5365  0  20.2487  29.8422  0  16.9079  28.5365
0.89  28.8348  0  20.4172  29.7989  0  16.7854  28.8348
0.9  29.1325  0  20.5845  29.7558  0  16.6632  29.1325
0.91  29.4299  0  20.7505  29.7129  0  16.5413  29.4299
0.92  29.7268  0  20.9153  29.6701  0  16.4196  29.7268
0.93  30.0233  0  21.0789  29.6276  0  16.2981  30.0233
0.94  30.3193  0  21.2412  29.5852  0  16.1768  30.3193
0.95  30.615  0  21.4024  29.5431  0  16.0559  30.615
0.96  30.9102  0  21.5624  29.5011  0  15.9351  30.9102
0.97  31.205  0  21.7211  29.4592  0  15.8146  31.205
0.98  31.4994  0  21.8787  29.4176  0  15.6943  31.4994
0.99  31.7934  0  22.035  29.3761  0  15.5742  31.7934
1  32.0869  0  22.1901  29.3348  0  15.4544  32.0869
1.01  32.38  0  22.3441  29.2937  0  15.3348  32.38
1.02  32.6728  0  22.4968  29.2528  0  15.2154  32.6728
1.03  32.9651  0  22.6484  29.212  0  15.0963  32.9651
1.04  33.257  0  22.7988  29.1714  0  14.9774  33.257
1.05  33.5485  0  22.9479  29.1309  0  14.8587  33.5485
1.06  33.8396  0  23.0959  29.0906  0  14.7402  33.8396
1.07  34.1303  0  23.2427  29.0505  0  14.622  34.1303
1.08  34.4207  0  23.3884  29.0106  0  14.5039  34.4207
1.09  34.7106  0  23.5328  28.9708  0  14.3861  34.7106
1.1  35.0001  0  23.6761  28.9312  0  14.2685  35.0001
1.11  35.2892  0  23.8182  28.8918  0  14.1511  35.2892
1.12  35.5779  0  23.9591  28.8525  0  14.0339  35.5779
1.13  35.8662  0  24.0989  28.8133  0  13.917  35.8662
1.14  36.1542  0  24.2375  28.7744  0  13.8002  36.1542
1.15  36.4417  0  24.3749  28.7355  0  13.6837  36.4417
1.16  36.7289  0  24.5111  28.6969  0  13.5673  36.7289
1.17  37.0157  0  24.6462  28.6584  0  13.4512  37.0157
1.18  37.302  0  24.7802  28.62  0  13.3352  37.302
1.19  37.5881  0  24.9129  28.5818  0  13.2195  37.5881
1.2  37.8737  0  25.0446  28.5438  0  13.104  37.8737
1.21  38.1589  0  25.175  28.5059  0  12.9886  38.1589
1.22  38.4438  0  25.3043  28.4681  0  12.8735  38.4438
1.23  38.7283  0  25.4325  28.4305  0  12.7586  38.7283
1.24  39.0124  0  25.5595  28.3931  0  12.6438  39.0124
1.25  39.2962  0  25.6854  28.3558  0  12.5293  39.2962
1.26  39.5795  0  25.8101  28.3186  0  12.4149  39.5795
1.27  39.8625  0  25.9337  28.2816  0  12.3008  39.8625
1.28  40.1452  0  26.0561  28.2448  0  12.1868  40.1452
1.29  40.4274  0  26.1774  28.208  0  12.073  40.4274
1.3  40.7093  0  26.2976  28.1715  0  11.9594  40.7093
1.31  40.9909  0  26.4166  28.135  0  11.846  40.9909
1.32  41.272  0  26.5345  28.0987  0  11.7328  41.272
1.33  41.5528  0  26.6512  28.0626  0  11.6198  41.5528
1.34  41.8333  0  26.7669  28.0265  0  11.5069  41.8333
1.35  42.1134  0  26.8814  27.9906  0  11.3942  42.1134
1.36  42.3931  0  26.9948  27.9549  0  11.2817  42.3931
1.37  42.6725  0  27.107  27.9193  0  11.1694  42.6725
1.38  42.9515  0  27.2182  27.8838  0  11.0573  42.9515
1.39  43.2301  0  27.3282  27.8484  0  10.9453  43.2301
1.4  43.5084  0  27.4371  27.8132  0  10.8336  43.5084
1.41  43.7864  0  27.5448  27.7781  0  10.722  43.7864
1.42  44.064  0  27.6515  27.7432  0  10.6105  44.064
1.43  44.3413  0  27.757  27.7084  0  10.4993  44.3413
1.44  44.6182  0  27.8615  27.6737  0  10.3882  44.6182
1.45  44.8947  0  27.9648  27.6391  0  10.2773  44.8947
1.46  45.171  0  28.067  27.6047  0  10.1665  45.171
1.47  45.4468  0  28.1681  27.5703  0  10.0559  45.4468
1.48  45.7224  0  28.2682  27.5361  0  9.94554  45.7224
1.49  45.9976  0  28.3671  27.5021  0  9.83529  45.9976
1.5  46.2724  0  28.4649  27.4681  0  9.72521  46.2724
1.51  46.5469  0  28.5616  27.4343  0  9.6153  46.5469
1.52  46.8211  0  28.6572  27.4006  0  9.50555  46.8211
1.53  47.0949  0  28.7517  27.367  0  9.39595  47.0949
1.54  47.3684  0  28.8451  27.3336  0  9.28653  47.3684
1.55  47.6416  0  28.9374  27.3002  0  9.17726  47.6416
1.56  47.9144  0  29.0286  27.267  0  9.06815  47.9144
1.57  48.1869  0  29.1188  27.2339  0  8.95919  48.1869
1.58  48.4591  0  29.2078  27.2009  0  8.8504  48.4591
1.59  48.731  0  29.2958  27.168  0  8.74176  48.731
1.6  49.0025  0  29.3826  27.1352  0  8.63328  49.0025
1.61  49.2737  0  29.4684  27.1026  0  8.52495  49.2737
1.62  49.5445  0  29.5531  27.07  0  8.41677  49.5445
1.63  49.8151  0  29.6368  27.0376  0  8.30875  49.8151
1.64  50.0853  0  29.7193  27.0053  0  8.20087  50.0853
1.65  50.3552  0  29.8008  26.9731  0  8.09315  50.3552
1.66  50.6247  0  29.8812  26.941  0  7.98558  50.6247
1.67  50.894  0  29.9605  26.909  0  7.87816  50.894
1.68  51.1629  0  30.0388  26.8771  0  7.77088  51.1629
1.69  51.4315  0  30.1159  26.8453  0  7.66375  51.4315
1.7  51.6998  0  30.192  26.8137  0  7.55677  51.6998
1.71  51.9678  0  30.2671  26.7821  0  7.44993  51.9678
1.72  52.2355  0  30.341  26.7506  0  7.34323  52.2355
1.73  52.5028  0  30.4139  26.7193  0  7.23668  52.5028
1.74  52.7699  0  30.4858  26.688  0  7.13028  52.7699
1.75  53.0366  0  30.5565  26.6569  0  7.02401  53.0366
1.76  53.303  0  30.6262  26.6258  0  6.91789  53.303
1.77  53.5691  0  30.6949  26.5949  0  6.8119  53.5691
1.78  53.8349  0  30.7625  26.564  0  6.70605  53.8349
1.79  54.1004  0  30.829  26.5333  0  6.60035  54.1004
1.8  54.3656  0  30.8945  26.5026  0  6.49478  54.3656
1.81  54.6304  0  30.9589  26.4721  0  6.38935  54.6304
1.82  54.895  0  31.0223  26.4416  0  6.28405  54.895
1.83  55.1593  0  31.0846  26.4112  0  6.17889  55.1593
1.84  55.4232  0  31.1459  26.381  0  6.07386  55.4232
1.85  55.6869  0  31.2061  26.3508  0  5.96897  55.6869
1.86  55.9502  0  31.2652  26.3207  0  5.86421  55.9502
1.87  56.2133  0  31.3234  26.2907  0  5.75959  56.2133
1.88  56.4761  0  31.3804  26.2608  0  5.65509  56.4761
1.89  56.7385  0  31.4365  26.231  0  5.55073  56.7385
1.9  57.0007  0  31.4914  26.2013  0  5.44649  57.0007
1.91  57.2625  0  31.5454  26.1716  0  5.34239  57.2625
1.92  57.5241  0  31.5983  26.1421  0  5.23842  57.5241
1.93  57.7854  0  31.6502  26.1126  0  5.13457  57.7854
1.94  58.0464  0  31.701  26.0833  0  5.03085  58.0464
1.95  58.3071  0  31.7508  26.054  0  4.92726  58.3071
1.96  58.5674  0  31.7995  26.0248  0  4.82379  58.5674
1.97  58.8275  0  31.8472  25.9957  0  4.72045  58.8275
1.98  59.0874  0  31.8939  25.9667  0  4.61724  59.0874
1.99  59.3469  0  31.9396  25.9377  0  4.51414  59.3469
2  59.6061  0  31.9842  25.9089  0  4.41118  59.6061
2.01  59.8651  0  32.0278  25.8801  0  4.30833  59.8651
2.02  60.1237  0  32.0704  25.8514  0  4.20561  60.1237
2.03  60.3821  0  32.1119  25.8228  0  4.10301  60.3821
2.04  60.6402  0  32.1524  25.7943  0  4.00053  60.6402
2.05  60.898  0  32.1919  25.7658  0  3.89817  60.898
2.06  61.1555  0  32.2304  25.7374  0  3.79593  61.1555
2.07  61.4127  0  32.2679  25.7091  0  3.69381  61.4127
2.08  61.6697  0  32.3043  25.6809  0  3.59181  61.6697
2.09  61.9263  0  32.3397  25.6528  0  3.48993  61.9263
2.1  62.1827  0  32.3741  25.6247  0  3.38817  62.1827
2.11  62.4388  0  32.4075  25.5967  0  3.28652  62.4388
2.12  62.6947  0  32.4398  25.5688  0  3.18499  62.6947
2.13  62.9502  0  32.4712  25.541  0  3.08357  62.9502
2.14  63.2055  0  32.5015  25.5132  0  2.98227  63.2055
2.15  63.4605  0  32.5308  25.4855  0  2.88109  63.4605
2.16  63.7152  0  32.5591  25.4579  0  2.78002  63.7152
2.17  63.9696  0  32.5864  25.4303  0  2.67906  63.9696
2.18  64.2238  0  32.6127  25.4029  0  2.57822  64.2238
2.19  64.4777  0  32.638  25.3754  0  2.47749  64.4777
2.2  64.7313  0  32.6622  25.3481  0  2.37688  64.7313
2.21  64.9847  0  32.6855  25.3208  0  2.27637  64.9847
2.22  65.2377  0  32.7078  25.2936  0  2.17598  65.2377
2.23  65.4905  0  32.729  25.2665  0  2.0757  65.4905
2.24  65.7431  0  32.7493  25.2394  0  1.97553  65.7431
2.25  65.9953  0  32.7685  25.2124  0  1.87546  65.9953
2.26  66.2473  0  32.7868  25.1855  0  1.77551  66.2473
2.27  66.499  0  32.804  25.1586  0  1.67567  66.499
2.28  66.7505  0  32.8203  25.1318  0  1.57594  66.7505
2.29  67.0017  0  32.8356  25.105  0  1.47631  67.0017
2.3  67.2526  0  32.8498  25.0784  0  1.37679  67.2526
2.31  67.5032  0  32.8631  25.0517  0  1.27739  67.5032
2.32  67.7536  0  32.8754  25.0252  0  1.17808  67.7536
2.33  68.0037  0  32.8867  24.9987  0  1.07889  68.0037
2.34  68.2536  0  32.897  24.9722  0  0.979798  68.2536
2.35  68.5032  0  32.9063  24.9459  0  0.880815  68.5032
2.36  68.7525  0  32.9146  24.9195  0  0.781938  68.7525
2.37  69.0016  0  32.9219  24.8933  0  0.683165  69.0016
2.38  69.2504  0  32.9282  24.8671  0  0.584498  69.2504
2.39  69.4989  0  32.9336  24.8409  0  0.485935  69.4989
2.4  69.7472  0  32.938  24.8149  0  0.387476  69.7472
2.41  69.9952  0  32.9413  24.7888  0  0.289121  69.9952
2.42  70.243  0  32.9437  24.7629  0  0.190869  70.243
2.43  70.4905  0  32.9452  24.7369  0  0.0927207  70.4905
2.44  70.7377  0  32.9456  24.7111  0  -0.00532502  70.7377
2.45  70.9847  0  32.9451  24.6853  0  -0.103268  70.9847
2.46  71.2314  0  32.9435  24.6595  0  -0.201109  71.2314
2.47  71.4779  0  32.941  24.6338  0  -0.298849  71.4779
2.48  71.7241  0  32.9376  24.6081  0  -0.396486  71.7241
2.49  71.97  0  32.9331  24.5825  0  -0.494023  71.97
2.5  72.2157  0  32.9277  24.557  0  -0.591459  72.2157
2.51  72.4612  0  32.9213  24.5315  0  -0.688794  72.4612
2.52  72.7064  0  32.9139  24.506  0  -0.786028  72.7064
2.53  72.9513  0  32.9056  24.4806  0  -0.883163  72.9513
2.54  73.196  0  32.8962  24.4553  0  -0.980197  73.196
2.55  73.4404  0  32.8859  24.43  0  -1.07713  73.4404
2.56  73.6846  0  32.8747  24.4047  0  -1.17397  73.6846
2.57  73.9285  0  32.8625  24.3795  0  -1.27071  73.9285
2.58  74.1722  0  32.8493  24.3544  0  -1.36734  74.1722
2.59  74.4156  0  32.8351  24.3293  0  -1.46388  74.4156
2.6  74.6588  0  32.82  24.3042  0  -1.56032  74.6588
2.61  74.9017  0  32.8039  24.2792  0  -1.65667  74.9017
2.62  75.1443  0  32.7869  24.2542  0  -1.75291  75.1443
2.63  75.3868  0  32.7689  24.2292  0  -1.84906  75.3868
2.64  75.6289  0  32.7499  24.2044  0  -1.94511  75.6289
2.65  75.8708  0  32.73  24.1795  0  -2.04106  75.8708
2.66  76.1125  0  32.7091  24.1547  0  -2.13692  76.1125
2.67  76.3539  0  32.6872  24.1299  0  -2.23268  76.3539
2.68  76.5951  0  32.6644  24.1052  0  -2.32834  76.5951
2.69  76.836  0  32.6407  24.0805  0  -2.42391  76.836
2.7  77.0767  0  32.6159  24.0559  0  -2.51938  77.0767
2.71  77.3172  0  32.5903  24.0313  0  -2.61475  77.3172
2.72  77.5574  0  32.5636  24.0067  0  -2.71003  77.5574
2.73  77.7973  0  32.5361  23.9822  0  -2.80521  77.7973
2.74  78.037  0  32.5075  23.9577  0  -2.90029  78.037
2.75  78.2765  0  32.4781  23.9333  0  -2.99528  78.2765
2.76  78.5157  0  32.4476  23.9089  0  -3.09018  78.5157
2.77  78.7546  0  32.4163  23.8845  0  -3.18498  78.7546
2.78  78.9934  0  32.3839  23.8602  0  -3.27968  78.9934
2.79  79.2318  0  32.3507  23.8359  0  -3.37429  79.2318
2.8  79.4701  0  32.3164  23.8116  0  -3.46881  79.4701
2.81  79.7081  0  32.2813  23.7874  0  -3.56323  79.7081
2.82  79.9458  0  32.2452  23.7632  0  -3.65756  79.9458
2.83  80.1833  0  32.2081  23.739  0  -3.75179  80.1833
2.84  80.4206  0  32.1701  23.7149  0  -3.84593  80.4206
2.85  80.6576  0  32.1312  23.6908  0  -3.93997  80.6576
2.86  80.8944  0  32.0913  23.6667  0  -4.03392  80.8944
2.87  81.131  0  32.0505  23.6427  0  -4.12777  81.131
2.88  81.3673  0  32.0088  23.6187  0  -4.22153  81.3673
2.89  81.6033  0  31.9661  23.5947  0  -4.3152  81.6033
2.9  81.8392  0  31.9225  23.5708  0  -4.40877  81.8392
2.91  82.0748  0  31.8779  23.5469  0  -4.50225  82.0748
2.92  82.3101  0  31.8324  23.523  0  -4.59564  82.3101
2.93  82.5452  0  31.786  23.4992  0  -4.68893  82.5452
2.94  82.7801  0  31.7387  23.4754  0  -4.78213  82.7801
2.95  83.0147  0  31.6904  23.4516  0  -4.87523  83.0147
2.96  83.2491  0  31.6412  23.4278  0  -4.96824  83.2491
2.97  83.4833  0  31.591  23.4041  0  -5.06116  83.4833
2.98  83.7172  0  31.5399  23.3804  0  -5.15399  83.7172
2.99  83.9509  0  31.4879  23.3567  0  -5.24672  83.9509
3  84.1843  0  31.435  23.3331  0  -5.33936  84.1843
3.01  84.4175  0  31.3812  23.3095  0  -5.4319  84.4175
3.02  84.6505  0  31.3264  23.2859  0  -5.52435  84.6505
3.03  84.8833  0  31.2707  23.2623  0  -5.61671  84.8833
3.04  85.1158  0  31.214  23.2387  0  -5.70897  85.1158
3.05  85.348  0  31.1565  23.2152  0  -5.80115  85.348
3.06  85.5801  0  31.098  23.1917  0  -5.89322  85.5801
3.07  85.8119  0  31.0386  23.1682  0  -5.98521  85.8119
3.08  86.0434  0  30.9783  23.1448  0  -6.0771  86.0434
3.09  86.2748  0  30.9171  23.1214  0  -6.1689  86.2748
3.1  86.5059  0  30.8549  23.098  0  -6.26061  86.5059
3.11  86.7367  0  30.7919  23.0746  0  -6.35222  86.7367
3.12  86.9674  0  30.7279  23.0512  0  -6.44374  86.9674
3.13  87.1978  0  30.663  23.0279  0  -6.53516  87.1978
3.14  87.4279  0  30.5972  23.0045  0  -6.62649  87.4279
3.15  87.6578  0  30.5305  22.9812  0  -6.71773  87.6578
3.16  87.8875  0  30.4628  22.958  0  -6.80888  87.8875
3.17  88.117  0  30.3943  22.9347  0  -6.89993  88.117
3.18  88.3462  0  30.3248  22.9115  0  -6.99089  88.3462
3.19  88.5752  0  30.2545  22.8882  0  -7.08176  88.5752
3.2  88.804  0  30.1832  22.865  0  -7.17253  88.804
3.21  89.0325  0  30.111  22.8419  0  -7.2632  89.0325
3.22  89.2608  0  30.0379  22.8187  0  -7.35379  89.2608
3.23  89.4889  0  29.9639  22.7956  0  -7.44428  89.4889
3.24  89.7167  0  29.889  22.7724  0  -7.53468  89.7167
3.25  89.9444  0  29.8132  22.7493  0  -7.62498  89.9444
3.26  90.1717  0  29.7365  22.7262  0  -7.71519  90.1717
3.27  90.3989  0  29.6589  22.7031  0  -7.8053  90.3989
3.28  90.6258  0  29.5804  22.6801  0  -7.89532  90.6258
3.29  90.8525  0  29.501  22.657  0  -7.98525  90.8525
3.3  91.0789  0  29.4207  22.634  0  -8.07508  91.0789
3.31  91.3052  0  29.3395  22.611  0  -8.16482  91.3052
3.32  91.5312  0  29.2574  22.588  0  -8.25447  91.5312
3.33  91.7569  0  29.1744  22.565  0  -8.34402  91.7569
3.34  91.9825  0  29.0906  22.542  0  -8.43347  91.9825
3.35  92.2078  0  29.0058  22.519  0  -8.52283  92.2078
3.36  92.4328  0  28.9201  22.4961  0  -8.6121  92.4328
3.37  92.6577  0  28.8335  22.4732  0  -8.70127  92.6577
3.38  92.8823  0  28.7461  22.4502  0  -8.79034  92.8823
3.39  93.1067  0  28.6577  22.4273  0  -8.87932  93.1067
3.4  93.3308  0  28.5685  22.4044  0  -8.96821  93.3308
3.41  93.5548  0  28.4784  22.3816  0  -9.057  93.5548
3.42  93.7785  0  28.3874  22.3587  0  -9.14569  93.7785
3.43  94.0019  0  28.2955  22.3358  0  -9.23429  94.0019
3.44  94.2252  0  28.2027  22.313  0  -9.32279  94.2252
3.45  94.4482  0  28.109  22.2901  0  -9.4112  94.4482
3.46  94.671  0  28.0144  22.2673  0  -9.49951  94.671
3.47  94.8936  0  27.919  22.2445  0  -9.58773  94.8936
3.48  95.1159  0  27.8227  22.2217  0  -9.67585  95.1159
3.49  95.338  0  27.7255  22.1989  0  -9.76387  95.338
3.5  95.5599  0  27.6274  22.1761  0  -9.8518  95.5599
3.51  95.7815  0  27.5285  22.1533  0  -9.93963  95.7815
3.52  96.0029  0  27.4286  22.1305  0  -10.0274  96.0029
3.53  96.2241  0  27.3279  22.1078  0  -10.115  96.2241
3.54  96.4451  0  27.2263  22.085  0  -10.2025  96.4451
3.55  96.6658  0  27.1239  22.0623  0  -10.29  96.6658
3.56  96.8863  0  27.0205  22.0395  0  -10.3773  96.8863
3.57  97.1066  0  26.9163  22.0168  0  -10.4646  97.1066
3.58  97.3267  0  26.8112  21.9941  0  -10.5517  97.3267
3.59  97.5465  0  26.7053  21.9714  0  -10.6388  97.5465
3.6  97.7661  0  26.5985  21.9487  0  -10.7257  97.7661
3.61  97.9855  0  26.4908  21.926  0  -10.8126  97.9855
3.62  98.2046  0  26.3822  21.9033  0  -10.8993  98.2046
3.63  98.4235  0  26.2728  21.8806  0  -10.986  98.4235
3.64  98.6422  0  26.1625  21.8579  0  -11.0726  98.6422
3.65  98.8607  0  26.0513  21.8352  0  -11.159  98.8607
3.66  99.0789  0  25.9393  21.8126  0  -11.2454  99.0789
3.67  99.2969  0  25.8264  21.7899  0  -11.3316  99.2969
3.68  99.5147  0  25.7127  21.7672  0  -11.4178  99.5147
3.69  99.7323  0  25.5981  21.7446  0  -11.5039  99.7323
3.7  99.9496  0  25.4826  21.7219  0  -11.5898  99.9496
3.71  100.167  0  25.3663  21.6993  0  -11.6757  100.167
3.72  100.384  0  25.2491  21.6766  0  -11.7615  100.384
3.73  100.6  0  25.131  21.654  0  -11.8471  100.6
3.74  100.817  0  25.0121  21.6314  0  -11.9327  100.817
3.75  101.033  0  24.8924  21.6087  0  -12.0182  101.033
3.76  101.249  0  24.7718  21.5861  0  -12.1035  101.249
3.77  101.465  0  24.6503  21.5635  0  -12.1888  101.465
3.78  101.68  0  24.528  21.5408  0  -12.2739  101.68
3.79  101.895  0  24.4048  21.5182  0  -12.359  101.895
3.8  102.11  0  24.2808  21.4956  0  -12.444  102.11
3.81  102.325  0  24.156  21.473  0  -12.5288  102.325
3.82  102.54  0  24.0302  21.4504  0  -12.6136  102.54
3.83  102.754  0  23.9037  21.4278  0  -12.6982  102.754
3.84  102.969  0  23.7763  21.4052  0  -12.7828  102.969
3.85  103.182  0  23.648  21.3826  0  -12.8672  103.182
3.86  103.396  0  23.5189  21.36  0  -12.9516  103.396
3.87  103.61  0  23.389  21.3374  0  -13.0358  103.61
3.88  103.823  0  23.2582  21.3148  0  -13.12  103.823
3.89  104.036  0  23.1266  21.2922  0  -13.204  104.036
3.9  104.249  0  22.9941  21.2696  0  -13.2879  104.249
3.91  104.461  0  22.8608  21.247  0  -13.3718  104.461
3.92  104.674  0  22.7267  21.2244  0  -13.4555  104.674
3.93  104.886  0  22.5917  21.2018  0  -13.5391  104.886
3.94  105.098  0  22.4559  21.1792  0  -13.6226  105.098
3.95  105.309  0  22.3193  21.1566  0  -13.7061  105.309
3.96  105.521  0  22.1818  21.134  0  -13.7894  105.521
3.97  105.732  0  22.0435  21.1114  0  -13.8726  105.732
3.98  105.943  0  21.9044  21.0888  0  -13.9557  105.943
3.99  106.154  0  21.7644  21.0662  0  -14.0387  106.154
4  106.364  0  21.6236  21.0436  0  -14.1215  106.364
4.01  106.575  0  21.482  21.021  0  -14.2043  106.575
4.02  106.785  0  21.3395  20.9984  0  -14.287  106.785
4.03  106.995  0  21.1962  20.9758  0  -14.3696  106.995
4.04  107.204  0  21.0521  20.9532  0  -14.452  107.204
4.05  107.414  0  20.9072  20.9306  0  -14.5344  107.414
4.06  107.623  0  20.7614  20.908  0  -14.6167  107.623
4.07  107.832  0  20.6148  20.8854  0  -14.6988  107.832
4.08  108.041  0  20.4674  20.8628  0  -14.7808  108.041
4.09  108.249  0  20.3192  20.8402  0  -14.8628  108.249
4.1  108.457  0  20.1702  20.8176  0  -14.9446  108.457
4.11  108.666  0  20.0203  20.795  0  -15.0263  108.666
4.12  108.873  0  19.8697  20.7724  0  -15.1079  108.873
4.13  109.081  0  19.7182  20.7498  0  -15.1894  109.081
4.14  109.288  0  19.5659  20.7271  0  -15.2708  109.288
4.15  109.496  0  19.4128  20.7045  0  -15.3521  109.496
4.16  109.702  0  19.2588  20.6819  0  -15.4333  109.702
4.17  109.909  0  19.1041  20.6593  0  -15.5143  109.909
4.18  110.116  0  18.9485  20.6367  0  -15.5953  110.116
4.19  110.322  0  18.7922  20.614  0  -15.6761  110.322
4.2  110.528  0  18.635  20.5914  0  -15.7569  110.528
4.21  110.734  0  18.477  20.5688  0  -15.8375  110.734
4.22  110.939  0  18.3183  20.5461  0  -15.918  110.939
4.23  111.145  0  18.1587  20.5235  0  -15.9984  111.145
4.24  111.35  0  17.9983  20.5009  0  -16.0787  111.35
4.25  111.555  0  17.8371  20.4782  0  -16.1589  111.555
4.26  111.759  0  17.6751  20.4556  0  -16.239  111.759
4.27  111.964  0  17.5123  20.4329  0  -16.319  111.964
4.28  112.168  0  17.3487  20.4103  0  -16.3988  112.168
4.29  112.372  0  17.1844  20.3876  0  -16.4786  112.372
4.3  112.576  0  17.0192  20.365  0  -16.5582  112.576
4.31  112.779  0  16.8532  20.3423  0  -16.6377  112.779
4.32  112.983  0  16.6864  20.3196  0  -16.7171  112.983
4.33  113.186  0  16.5189  20.297  0  -16.7964  113.186
4.34  113.389  0  16.3505  20.2743  0  -16.8756  113.389
4.35  113.591  0  16.1813  20.2516  0  -16.9547  113.591
4.36  113.794  0  16.0114  20.2289  0  -17.0336  113.794
4.37  113.996  0  15.8407  20.2063  0  -17.1125  113.996
4.38  114.198  0  15.6691  20.1836  0  -17.1912  114.198
4.39  114.399  0  15.4968  20.1609  0  -17.2698  114.399
4.4  114.601  0  15.3238  20.1382  0  -17.3483  114.601
4.41  114.802  0  15.1499  20.1155  0  -17.4267  114.802
4.42  115.003  0  14.9752  20.0928  0  -17.505  115.003
4.43  115.204  0  14.7998  20.0701  0  -17.5831  115.204
4.44  115.405  0  14.6236  20.0474  0  -17.6612  115.405
4.45  115.605  0  14.4466  20.0246  0  -17.7391  115.605
4.46  115.805  0  14.2688  20.0019  0  -17.8169  115.805
4.47  116.005  0  14.0902  19.9792  0  -17.8947  116.005
4.48  116.205  0  13.9109  19.9565  0  -17.9722  116.205
4.49  116.404  0  13.7308  19.9337  0  -18.0497  116.404
4.5  116.603  0  13.5499  19.911  0  -18.1271  116.603
4.51  116.802  0  13.3682  19.8883  0  -18.2043  116.802
4.52  117.001  0  13.1858  19.8655  0  -18.2814  117.001
4.53  117.2  0  13.0026  19.8428  0  -18.3584  117.2
4.54  117.398  0  12.8186  19.82  0  -18.4353  117.398
4.55  117.596  0  12.6339  19.7973  0  -18.5121  117.596
4.56  117.794  0  12.4484  19.7745  0  -18.5888  117.794
4.57  117.992  0  12.2621  19.7517  0  -18.6653  117.992
4.58  118.189  0  12.0751  19.729  0  -18.7417  118.189
4.59  118.386  0  11.8873  19.7062  0  -18.818  118.386
4.6  118.583  0  11.6987  19.6834  0  -18.8942  118.583
4.61  118.78  0  11.5094  19.6606  0  -18.9703  118.78
4.62  118.976  0  11.3193  19.6378  0  -19.0463  118.976
4.63  119.173  0  11.1285  19.615  0  -19.1221  119.173
4.64  119.369  0  10.9369  19.5922  0  -19.1978  119.369
4.65  119.564  0  10.7445  19.5694  0  -19.2734  119.564
4.66  119.76  0  10.5514  19.5466  0  -19.3489  119.76
4.67  119.955  0  10.3575  19.5238  0  -19.4243  119.955
4.68  120.15  0  10.1629  19.501  0  -19.4995  120.15
4.69  120.345  0  9.96756  19.4782  0  -19.5746  120.345
4.7  120.54  0  9.77143  19.4554  0  -19.6496  120.54
4.71  120.734  0  9.57456  19.4325  0  -19.7245  120.734
4.72  120.929  0  9.37694  19.4097  0  -19.7993  120.929
4.73  121.123  0  9.17858  19.3869  0  -19.8739  121.123
4.74  121.316  0  8.97947  19.364  0  -19.9485  121.316
4.75  121.51  0  8.77961  19.3412  0  -20.0229  121.51
4.76  121.703  0  8.57901  19.3183  0  -20.0971  121.703
4.77  121.896  0  8.37767  19.2955  0  -20.1713  121.896
4.78  122.089  0  8.17558  19.2726  0  -20.2454  122.089
4.79  122.282  0  7.97276  19.2497  0  -20.3193  122.282
4.8  122.474  0  7.7692  19.2269  0  -20.3931  122.474
4.81  122.666  0  7.5649  19.204  0  -20.4668  122.666
4.82  122.858  0  7.35986  19.1811  0  -20.5403  122.858
4.83  123.05  0  7.15409  19.1582  0  -20.6138  123.05
4.84  123.241  0  6.94759  19.1353  0  -20.6871  123.241
4.85  123.433  0  6.74035  19.1125  0  -20.7603  123.433
4.86  123.624  0  6.53238  19.0896  0  -20.8333  123.624
4.87  123.814  0  6.32369  19.0667  0  -20.9063  123.814
4.88  124.005  0  6.11426  19.0438  0  -20.9791  124.005
4.89  124.195  0  5.9041  19.0209  0  -21.0518  124.195
4.9  124.385  0  5.69322  18.9979  0  -21.1244  124.385
4.91  124.575  0  5.48162  18.975  0  -21.1969  124.575
4.92  124.765  0  5.26929  18.9521  0  -21.2692  124.765
4.93  124.954  0  5.05623  18.9292  0  -21.3414  124.954
4.94  125.143  0  4.84246  18.9063  0  -21.4135  125.143
4.95  125.332  0  4.62796  18.8833  0  -21.4855  125.332
4.96  125.521  0  4.41275  18.8604  0  -21.5573  125.521
4.97  125.71  0  4.19682  18.8374  0  -21.629  125.71
4.98  125.898  0  3.98017  18.8145  0  -21.7006  125.898
4.99  126.086  0  3.7628  18.7916  0  -21.7721  126.086
5  126.274  0  3.54473  18.7686  0  -21.8435  126.274
5.01  126.461  0  3.32594  18.7457  0  -21.9147  126.461
5.02  126.649  0  3.10643  18.7227  0  -21.9858  126.649
5.03  126.836  0  2.88622  18.6997  0  -22.0568  126.836
5.04  127.023  0  2.6653  18.6768  0  -22.1276  127.023
5.05  127.209  0  2.44367  18.6538  0  -22.1984  127.209
5.06  127.396  0  2.22133  18.6308  0  -22.269  127.396
5.07  127.582  0  1.99829  18.6079  0  -22.3394  127.582
5.08  127.768  0  1.77454  18.5849  0  -22.4098  127.768
5.09  127.954  0  1.55009  18.5619  0  -22.48  127.954
5.1  128.139  0  1.32494  18.5389  0  -22.5501  128.139
5.11  128.324  0  1.09909  18.5159  0  -22.6201  128.324
5.12  128.509  0  0.872542  18.4929  0  -22.6899  128.509
5.13  128.694  0  0.645294  18.4699  0  -22.7597  128.694
5.14  128.879  0  0.417349  18.4469  0  -22.8293  128.879
5.15  129.063  0  0.188709  18.4239  0  -22.8987  129.063
5.16  129.247  0  -0.0406256  18.4009  0  -22.9681  129.247
