t  x  y  z  vx  vy  vz  range
0  0  0  0  22.6  0  39.1443  0
0  0.226  0  0.390953  22.6  0  39.0463  0.226
0.01  0.452  0  0.780927  22.6  0  38.9483  0.452
0.02  0.678  0  1.16992  22.6  0  38.8503  0.678
0.03  0.904  0  1.55793  22.6  0  38.7523  0.904
0.04  1.13  0  1.94497  22.6  0  38.6543  1.13
0.05  1.356  0  2.33102  22.6  0  38.5563  1.356
0.06  1.582  0  2.71609  22.6  0  38.4583  1.582
0.07  1.808  0  3.10019  22.6  0  38.3603  1.808
0.08  2.034  0  3.4833  22.6  0  38.2623  2.034
0.09  2.26  0  3.86543  22.6  0  38.1643  2.26
0.1  2.486  0  4.24659  22.6  0  38.0663  2.486
0.11  2.712  0  4.62676  22.6  0  37.9683  2.712
0.12  2.938  0  5.00596  22.6  0  37.8703  2.938
0.13  3.164  0  5.38417  22.6  0  37.7723  3.164
0.14  3.39  0  5.7614  22.6  0  37.6743  3.39
0.15  3.616  0  6.13766  22.6  0  37.5763  3.616
0.16  3.842  0  6.51293  22.6  0  37.4783  3.842
0.17  4.068  0  6.88722  22.6  0  37.3803  4.068
0.18  4.294  0  7.26054  22.6  0  37.2823  4.294
0.19  4.52  0  7.63287  22.6  0  37.1843  4.52
0.2  4.746  0  8.00422  22.6  0  37.0863  4.746
0.21  4.972  0  8.3746  22.6  0  36.9883  4.972
0.22  5.198  0  8.74399  22.6  0  36.8903  5.198
0.23  5.424  0  9.1124  22.6  0  36.7923  5.424
0.24  5.65  0  9.47984  22.6  0  36.6943  5.65
0.25  5.876  0  9.84629  22.6  0  36.5963  5.876
0.26  6.102  0  10.2118  22.6  0  36.4983  6.102
0.27  6.328  0  10.5763  22.6  0  36.4003  6.328
0.28  6.554  0  10.9398  22.6  0  36.3023  6.554
0.29  6.78  0  11.3023  22.6  0  36.2043  6.78
0.3  7.006  0  11.6639  22.6  0  36.1063  7.006
0.31  7.232  0  12.0244  22.6  0  36.0083  7.232
0.32  7.458  0  12.384  22.6  0  35.9103  7.458
0.33  7.684  0  12.7426  22.6  0  35.8123  7.684
0.34  7.91  0  13.1003  22.6  0  35.7143  7.91
0.35  8.136  0  13.4569  22.6  0  35.6163  8.136
0.36  8.362  0  13.8126  22.6  0  35.5183  8.362
0.37  8.588  0  14.1673  22.6  0  35.4203  8.588
0.38  8.814  0  14.521  22.6  0  35.3223  8.814
0.39  9.04  0  14.8737  22.6  0  35.2243  9.04
0.4  9.266  0  15.2255  22.6  0  35.1263  9.266
0.41  9.492  0  15.5763  22.6  0  35.0283  9.492
0.42  9.718  0  15.9261  22.6  0  34.9303  9.718
0.43  9.944  0  16.2749  22.6  0  34.8323  9.944
0.44  10.17  0  16.6227  22.6  0  34.7343  10.17
0.45  10.396  0  16.9696  22.6  0  34.6363  10.396
0.46  10.622  0  17.3154  22.6  0  34.5383  10.622
0.47  10.848  0  17.6603  22.6  0  34.4403  10.848
0.48  11.074  0  18.0042  22.6  0  34.3423  11.074
0.49  11.3  0  18.3472  22.6  0  34.2443  11.3
0.5  11.526  0  18.6891  22.6  0  34.1463  11.526
0.51  11.752  0  19.0301  22.6  0  34.0483  11.752
0.52  11.978  0  19.3701  22.6  0  33.9503  11.978
0.53  12.204  0  19.7091  22.6  0  33.8523  12.204
0.54  12.43  0  20.0471  22.6  0  33.7543  12.43
0.55  12.656  0  20.3842  22.6  0  33.6563  12.656
0.56  12.882  0  20.7203  22.6  0  33.5583  12.882
0.57  13.108  0  21.0554  22.6  0  33.4603  13.108
0.58  13.334  0  21.3895  22.6  0  33.3623  13.334
0.59  13.56  0  21.7226  22.6  0  33.2643  13.56
0.6  13.786  0  22.0548  22.6  0  33.1663  13.786
0.61  14.012  0  22.3859  22.6  0  33.0683  14.012
0.62  14.238  0  22.7161  22.6  0  32.9703  14.238
0.63  14.464  0  23.0453  22.6  0  32.8723  14.464
0.64  14.69  0  23.3736  22.6  0  32.7743  14.69
0.65  14.916  0  23.7008  22.6  0  32.6763  14.916
0.66  15.142  0  24.0271  22.6  0  32.5783  15.142
0.67  15.368  0  24.3524  22.6  0  32.4803  15.368
0.68  15.594  0  24.6767  22.6  0  32.3823  15.594
0.69  15.82  0  25  22.6  0  32.2843  15.82
0.7  16.046  0  25.3224  22.6  0  32.1863  16.046
0.71  16.272  0  25.6438  22.6  0  32.0883  16.272
0.72  16.498  0  25.9642  22.6  0  31.9903  16.498
0.73  16.724  0  26.2836  22.6  0  31.8923  16.724
0.74  16.95  0  26.602  22.6  0  31.7943  16.95
0.75  17.176  0  26.9195  22.6  0  31.6963  17.176
0.76  17.402  0  27.2359  22.6  0  31.5983  17.402
0.77  17.628  0  27.5514  22.6  0  31.5003  17.628
0.78  17.854  0  27.8659  22.6  0  31.4023  17.854
0.79  18.08  0  28.1795  22.6  0  31.3043  18.08
0.8  18.306  0  28.492  22.6  0  31.2063  18.306
0.81  18.532  0  28.8036  22.6  0  31.1083  18.532
0.82  18.758  0  29.1142  22.6  0  31.0103  18.758
0.83  18.984  0  29.4238  22.6  0  30.9123  18.984
0.84  19.21  0  29.7324  22.6  0  30.8143  19.21
0.85  19.436  0  30.0401  22.6  0  30.7163  19.436
0.86  19.662  0  30.3468  22.6  0  30.6183  19.662
0.87  19.888  0  30.6525  22.6  0  30.5203  19.888
0.88  20.114  0  30.9572  22.6  0  30.4223  20.114
0.89  20.34  0  31.2609  22.6  0  30.3243  20.34
0.9  20.566  0  31.5637  22.6  0  30.2263  20.566
0.91  20.792  0  31.8654  22.6  0  30.1283  20.792
0.92  21.018  0  32.1662  22.6  0  30.0303  21.018
0.93  21.244  0  32.466  22.6  0  29.9323  21.244
0.94  21.47  0  32.7649  22.6  0  29.8343  21.47
0.95  21.696  0  33.0627  22.6  0  29.7363  21.696
0.96  21.922  0  33.3596  22.6  0  29.6383  21.922
0.97  22.148  0  33.6555  22.6  0  29.5403  22.148
0.98  22.374  0  33.9504  22.6  0  29.4423  22.374
0.99  22.6  0  34.2443  22.6  0  29.3443  22.6
1  22.826  0  34.5373  22.6  0  29.2463  22.826
1.01  23.052  0  34.8293  22.6  0  29.1483  23.052
1.02  23.278  0  35.1203  22.6  0  29.0503  23.278
1.03  23.504  0  35.4103  22.6  0  28.9523  23.504
1.04  23.73  0  35.6993  22.6  0  28.8543  23.73
1.05  23.956  0  35.9874  22.6  0  28.7563  23.956
1.06  24.182  0  36.2744  22.6  0  28.6583  24.182
1.07  24.408  0  36.5605  22.6  0  28.5603  24.408
1.08  24.634  0  36.8456  22.6  0  28.4623  24.634
1.09  24.86  0  37.1298  22.6  0  28.3643  24.86
1.1  25.086  0  37.4129  22.6  0  28.2663  25.086
1.11  25.312  0  37.6951  22.6  0  28.1683  25.312
1.12  25.538  0  37.9763  22.6  0  28.0703  25.538
1.13  25.764  0  38.2565  22.6  0  27.9723  25.764
1.14  25.99  0  38.5358  22.6  0  27.8743  25.99
1.15  26.216  0  38.814  22.6  0  27.7763  26.216
1.16  26.442  0  39.0913  22.6  0  27.6783  26.442
1.17  26.668  0  39.3676  22.6  0  27.5803  26.668
1.18  26.894  0  39.6429  22.6  0  27.4823  26.894
1.19  27.12  0  39.9172  22.6  0  27.3843  27.12
1.2  27.346  0  40.1906  22.6  0  27.2863  27.346
1.21  27.572  0  40.4629  22.6  0  27.1883  27.572
1.22  27.798  0  40.7343  22.6  0  27.0903  27.798
1.23  28.024  0  41.0048  22.6  0  26.9923  28.024
1.24  28.25  0  41.2742  22.6  0  26.8943  28.25
1.25  28.476  0  41.5426  22.6  0  26.7963  28.476
1.26  28.702  0  41.8101  22.6  0  26.6983  28.702
1.27  28.928  0  42.0766  22.6  0  26.6003  28.928
1.28  29.154  0  42.3421  22.6  0  26.5023  29.154
1.29  29.38  0  42.6067  22.6  0  26.4043  29.38
1.3  29.606  0  42.8702  22.6  0  26.3063  29.606
1.31  29.832  0  43.1328  22.6  0  26.2083  29.832
1.32  30.058  0  43.3944  22.6  0  26.1103  30.058
1.33  30.284  0  43.655  22.6  0  26.0123  30.284
1.34  30.51  0  43.9146  22.6  0  25.9143  30.51
1.35  30.736  0  44.1733  22.6  0  25.8163  30.736
1.36  30.962  0  44.4309  22.6  0  25.7183  30.962
1.37  31.188  0  44.6876  22.6  0  25.6203  31.188
1.38  31.414  0  44.9434  22.6  0  25.5223  31.414
1.39  31.64  0  45.1981  22.6  0  25.4243  31.64
1.4  31.866  0  45.4518  22.6  0  25.3263  31.866
1.41  32.092  0  45.7046  22.6  0  25.2283  32.092
1.42  32.318  0  45.9564  22.6  0  25.1303  32.318
1.43  32.544  0  46.2072  22.6  0  25.0323  32.544
1.44  32.77  0  46.4571  22.6  0  24.9343  32.77
1.45  32.996  0  46.7059  22.6  0  24.8363  32.996
1.46  33.222  0  46.9538  22.6  0  24.7383  33.222
1.47  33.448  0  47.2007  22.6  0  24.6403  33.448
1.48  33.674  0  47.4466  22.6  0  24.5423  33.674
1.49  33.9  0  47.6915  22.6  0  24.4443  33.9
1.5  34.126  0  47.9355  22.6  0  24.3463  34.126
1.51  34.352  0  48.1784  22.6  0  24.2483  34.352
1.52  34.578  0  48.4204  22.6  0  24.1503  34.578
1.53  34.804  0  48.6615  22.6  0  24.0523  34.804
1.54  35.03  0  48.9015  22.6  0  23.9543  35.03
1.55  35.256  0  49.1405  22.6  0  23.8563  35.256
1.56  35.482  0  49.3786  22.6  0  23.7583  35.482
1.57  35.708  0  49.6157  22.6  0  23.6603  35.708
1.58  35.934  0  49.8518  22.6  0  23.5623  35.934
1.59  36.16  0  50.087  22.6  0  23.4643  36.16
1.6  36.386  0  50.3211  22.6  0  23.3663  36.386
1.61  36.612  0  50.5543  22.6  0  23.2683  36.612
1.62  36.838  0  50.7865  22.6  0  23.1703  36.838
1.63  37.064  0  51.0177  22.6  0  23.0723  37.064
1.64  37.29  0  51.2479  22.6  0  22.9743  37.29
1.65  37.516  0  51.4772  22.6  0  22.8763  37.516
1.66  37.742  0  51.7055  22.6  0  22.7783  37.742
1.67  37.968  0  51.9327  22.6  0  22.6803  37.968
1.68  38.194  0  52.1591  22.6  0  22.5823  38.194
1.69  38.42  0  52.3844  22.6  0  22.4843  38.42
1.7  38.646  0  52.6087  22.6  0  22.3863  38.646
1.71  38.872  0  52.8321  22.6  0  22.2883  38.872
1.72  39.098  0  53.0545  22.6  0  22.1903  39.098
1.73  39.324  0  53.2759  22.6  0  22.0923  39.324
1.74  39.55  0  53.4964  22.6  0  21.9943  39.55
1.75  39.776  0  53.7158  22.6  0  21.8963  39.776
1.76  40.002  0  53.9343  22.6  0  21.7983  40.002
1.77  40.228  0  54.1518  22.6  0  21.7003  40.228
1.78  40.454  0  54.3683  22.6  0  21.6023  40.454
1.79  40.68  0  54.5838  22.6  0  21.5043  40.68
1.8  40.906  0  54.7984  22.6  0  21.4063  40.906
1.81  41.132  0  55.012  22.6  0  21.3083  41.132
1.82  41.358  0  55.2245  22.6  0  21.2103  41.358
1.83  41.584  0  55.4362  22.6  0  21.1123  41.584
1.84  41.81  0  55.6468  22.6  0  21.0143  41.81
1.85  42.036  0  55.8564  22.6  0  20.9163  42.036
1.86  42.262  0  56.0651  22.6  0  20.8183  42.262
1.87  42.488  0  56.2728  22.6  0  20.7203  42.488
1.88  42.714  0  56.4795  22.6  0  20.6223  42.714
1.89  42.94  0  56.6853  22.6  0  20.5243  42.94
1.9  43.166  0  56.89  22.6  0  20.4263  43.166
1.91  43.392  0  57.0938  22.6  0  20.3283  43.392
1.92  43.618  0  57.2966  22.6  0  20.2303  43.618
1.93  43.844  0  57.4984  22.6  0  20.1323  43.844
1.94  44.07  0  57.6992  22.6  0  20.0343  44.07
1.95  44.296  0  57.8991  22.6  0  19.9363  44.296
1.96  44.522  0  58.098  22.6  0  19.8383  44.522
1.97  44.748  0  58.2958  22.6  0  19.7403  44.748
1.98  44.974  0  58.4928  22.6  0  19.6423  44.974
1.99  45.2  0  58.6887  22.6  0  19.5443  45.2
2  45.426  0  58.8836  22.6  0  19.4463  45.426
2.01  45.652  0  59.0776  22.6  0  19.3483  45.652
2.02  45.878  0  59.2706  22.6  0  19.2503  45.878
2.03  46.104  0  59.4626  22.6  0  19.1523  46.104
2.04  46.33  0  59.6537  22.6  0  19.0543  46.33
2.05  46.556  0  59.8437  22.6  0  18.9563  46.556
2.06  46.782  0  60.0328  22.6  0  18.8583  46.782
2.07  47.008  0  60.2209  22.6  0  18.7603  47.008
2.08  47.234  0  60.408  22.6  0  18.6623  47.234
2.09  47.46  0  60.5941  22.6  0  18.5643  47.46
2.1  47.686  0  60.7793  22.6  0  18.4663  47.686
2.11  47.912  0  60.9635  22.6  0  18.3683  47.912
2.12  48.138  0  61.1467  22.6  0  18.2703  48.138
2.13  48.364  0  61.3289  22.6  0  18.1723  48.364
2.14  48.59  0  61.5101  22.6  0  18.0743  48.59
2.15  48.816  0  61.6904  22.6  0  17.9763  48.816
2.16  49.042  0  61.8696  22.6  0  17.8783  49.042
2.17  49.268  0  62.0479  22.6  0  17.7803  49.268
2.18  49.494  0  62.2252  22.6  0  17.6823  49.494
2.19  49.72  0  62.4016  22.6  0  17.5843  49.72
2.2  49.946  0  62.5769  22.6  0  17.4863  49.946
2.21  50.172  0  62.7513  22.6  0  17.3883  50.172
2.22  50.398  0  62.9247  22.6  0  17.2903  50.398
2.23  50.624  0  63.0971  22.6  0  17.1923  50.624
2.24  50.85  0  63.2685  22.6  0  17.0943  50.85
2.25  51.076  0  63.439  22.6  0  16.9963  51.076
2.26  51.302  0  63.6085  22.6  0  16.8983  51.302
2.27  51.528  0  63.777  22.6  0  16.8003  51.528
2.28  51.754  0  63.9445  22.6  0  16.7023  51.754
2.29  51.98  0  64.111  22.6  0  16.6043  51.98
2.3  52.206  0  64.2766  22.6  0  16.5063  52.206
2.31  52.432  0  64.4411  22.6  0  16.4083  52.432
2.32  52.658  0  64.6047  22.6  0  16.3103  52.658
2.33  52.884  0  64.7673  22.6  0  16.2123  52.884
2.34  53.11  0  64.929  22.6  0  16.1143  53.11
2.35  53.336  0  65.0896  22.6  0  16.0163  53.336
2.36  53.562  0  65.2493  22.6  0  15.9183  53.562
2.37  53.788  0  65.408  22.6  0  15.8203  53.788
2.38  54.014  0  65.5657  22.6  0  15.7223  54.014
2.39  54.24  0  65.7224  22.6  0  15.6243  54.24
2.4  54.466  0  65.8782  22.6  0  15.5263  54.466
2.41  54.692  0  66.033  22.6  0  15.4283  54.692
2.42  54.918  0  66.1868  22.6  0  15.3303  54.918
2.43  55.144  0  66.3396  22.6  0  15.2323  55.144
2.44  55.37  0  66.4914  22.6  0  15.1343  55.37
2.45  55.596  0  66.6423  22.6  0  15.0363  55.596
2.46  55.822  0  66.7921  22.6  0  14.9383  55.822
2.47  56.048  0  66.941  22.6  0  14.8403  56.048
2.48  56.274  0  67.0889  22.6  0  14.7423  56.274
2.49  56.5  0  67.2359  22.6  0  14.6443  56.5
2.5  56.726  0  67.3818  22.6  0  14.5463  56.726
2.51  56.952  0  67.5268  22.6  0  14.4483  56.952
2.52  57.178  0  67.6708  22.6  0  14.3503  57.178
2.53  57.404  0  67.8138  22.6  0  14.2523  57.404
2.54  57.63  0  67.9558  22.6  0  14.1543  57.63
2.55  57.856  0  68.0969  22.6  0  14.0563  57.856
2.56  58.082  0  68.237  22.6  0  13.9583  58.082
2.57  58.308  0  68.3761  22.6  0  13.8603  58.308
2.58  58.534  0  68.5142  22.6  0  13.7623  58.534
2.59  58.76  0  68.6513  22.6  0  13.6643  58.76
2.6  58.986  0  68.7875  22.6  0  13.5663  58.986
2.61  59.212  0  68.9226  22.6  0  13.4683  59.212
2.62  59.438  0  69.0568  22.6  0  13.3703  59.438
2.63  59.664  0  69.19  22.6  0  13.2723  59.664
2.64  59.89  0  69.3223  22.6  0  13.1743  59.89
2.65  60.116  0  69.4535  22.6  0  13.0763  60.116
2.66  60.342  0  69.5838  22.6  0  12.9783  60.342
2.67  60.568  0  69.7131  22.6  0  12.8803  60.568
2.68  60.794  0  69.8414  22.6  0  12.7823  60.794
2.69  61.02  0  69.9687  22.6  0  12.6843  61.02
2.7  61.246  0  70.0951  22.6  0  12.5863  61.246
2.71  61.472  0  70.2205  22.6  0  12.4883  61.472
2.72  61.698  0  70.3449  22.6  0  12.3903  61.698
2.73  61.924  0  70.4683  22.6  0  12.2923  61.924
2.74  62.15  0  70.5907  22.6  0  12.1943  62.15
2.75  62.376  0  70.7122  22.6  0  12.0963  62.376
2.76  62.602  0  70.8326  22.6  0  11.9983  62.602
2.77  62.828  0  70.9521  22.6  0  11.9003  62.828
2.78  63.054  0  71.0706  22.6  0  11.8023  63.054
2.79  63.28  0  71.1882  22.6  0  11.7043  63.28
2.8  63.506  0  71.3047  22.6  0  11.6063  63.506
2.81  63.732  0  71.4203  22.6  0  11.5083  63.732
2.82  63.958  0  71.5349  22.6  0  11.4103  63.958
2.83  64.184  0  71.6485  22.6  0  11.3123  64.184
2.84  64.41  0  71.7611  22.6  0  11.2143  64.41
2.85  64.636  0  71.8728  22.6  0  11.1163  64.636
2.86  64.862  0  71.9835  22.6  0  11.0183  64.862
2.87  65.088  0  72.0932  22.6  0  10.9203  65.088
2.88  65.314  0  72.2019  22.6  0  10.8223  65.314
2.89  65.54  0  72.3096  22.6  0  10.7243  65.54
2.9  65.766  0  72.4164  22.6  0  10.6263  65.766
2.91  65.992  0  72.5221  22.6  0  10.5283  65.992
2.92  66.218  0  72.6269  22.6  0  10.4303  66.218
2.93  66.444  0  72.7307  22.6  0  10.3323  66.444
2.94  66.67  0  72.8336  22.6  0  10.2343  66.67
2.95  66.896  0  72.9354  22.6  0  10.1363  66.896
2.96  67.122  0  73.0363  22.6  0  10.0383  67.122
2.97  67.348  0  73.1362  22.6  0  9.94035  67.348
2.98  67.574  0  73.2351  22.6  0  9.84235  67.574
2.99  67.8  0  73.333  22.6  0  9.74435  67.8
3  68.026  0  73.43  22.6  0  9.64635  68.026
3.01  68.252  0  73.526  22.6  0  9.54835  68.252
3.02  68.478  0  73.621  22.6  0  9.45035  68.478
3.03  68.704  0  73.715  22.6  0  9.35235  68.704
3.04  68.93  0  73.808  22.6  0  9.25435  68.93
3.05  69.156  0  73.9001  22.6  0  9.15635  69.156
3.06  69.382  0  73.9911  22.6  0  9.05835  69.382
3.07  69.608  0  74.0812  22.6  0  8.96035  69.608
3.08  69.834  0  74.1703  22.6  0  8.86235  69.834
3.09  70.06  0  74.2585  22.6  0  8.76435  70.06
3.1  70.286  0  74.3456  22.6  0  8.66635  70.286
3.11  70.512  0  74.4318  22.6  0  8.56835  70.512
3.12  70.738  0  74.517  22.6  0  8.47035  70.738
3.13  70.964  0  74.6012  22.6  0  8.37235  70.964
3.14  71.19  0  74.6844  22.6  0  8.27435  71.19
3.15  71.416  0  74.7667  22.6  0  8.17635  71.416
3.16  71.642  0  74.848  22.6  0  8.07835  71.642
3.17  71.868  0  74.9283  22.6  0  7.98035  71.868
3.18  72.094  0  75.0076  22.6  0  7.88235  72.094
3.19  72.32  0  75.0859  22.6  0  7.78435  72.32
3.2  72.546  0  75.1633  22.6  0  7.68635  72.546
3.21  72.772  0  75.2396  22.6  0  7.58835  72.772
3.22  72.998  0  75.315  22.6  0  7.49035  72.998
3.23  73.224  0  75.3894  22.6  0  7.39235  73.224
3.24  73.45  0  75.4629  22.6  0  7.29435  73.45
3.25  73.676  0  75.5353  22.6  0  7.19635  73.676
3.26  73.902  0  75.6068  22.6  0  7.09835  73.902
3.27  74.128  0  75.6773  22.6  0  7.00035  74.128
3.28  74.354  0  75.7468  22.6  0  6.90235  74.354
3.29  74.58  0  75.8153  22.6  0  6.80435  74.58
3.3  74.806  0  75.8829  22.6  0  6.70635  74.806
3.31  75.032  0  75.9495  22.6  0  6.60835  75.032
3.32  75.258  0  76.0151  22.6  0  6.51035  75.258
3.33  75.484  0  76.0797  22.6  0  6.41235  75.484
3.34  75.71  0  76.1433  22.6  0  6.31435  75.71
3.35  75.936  0  76.206  22.6  0  6.21635  75.936
3.36  76.162  0  76.2676  22.6  0  6.11835  76.162
3.37  76.388  0  76.3283  22.6  0  6.02035  76.388
3.38  76.614  0  76.3881  22.6  0  5.92235  76.614
3.39  76.84  0  76.4468  22.6  0  5.82435  76.84
3.4  77.066  0  76.5045  22.6  0  5.72635  77.066
3.41  77.292  0  76.5613  22.6  0  5.62835  77.292
3.42  77.518  0  76.6171  22.6  0  5.53035  77.518
3.43  77.744  0  76.6719  22.6  0  5.43235  77.744
3.44  77.97  0  76.7258  22.6  0  5.33435  77.97
3.45  78.196  0  76.7786  22.6  0  5.23635  78.196
3.46  78.422  0  76.8305  22.6  0  5.13835  78.422
3.47  78.648  0  76.8814  22.6  0  5.04035  78.648
3.48  78.874  0  76.9313  22.6  0  4.94235  78.874
3.49  79.1  0  76.9802  22.6  0  4.84435  79.1
3.5  79.326  0  77.0282  22.6  0  4.74635  79.326
3.51  79.552  0  77.0751  22.6  0  4.64835  79.552
3.52  79.778  0  77.1211  22.6  0  4.55035  79.778
3.53  80.004  0  77.1662  22.6  0  4.45235  80.004
3.54  80.23  0  77.2102  22.6  0  4.35435  80.23
3.55  80.456  0  77.2532  22.6  0  4.25635  80.456
3.56  80.682  0  77.2953  22.6  0  4.15835  80.682
3.57  80.908  0  77.3364  22.6  0  4.06035  80.908
3.58  81.134  0  77.3765  22.6  0  3.96235  81.134
3.59  81.36  0  77.4157  22.6  0  3.86435  81.36
3.6  81.586  0  77.4538  22.6  0  3.76635  81.586
3.61  81.812  0  77.491  22.6  0  3.66835  81.812
3.62  82.038  0  77.5272  22.6  0  3.57035  82.038
3.63  82.264  0  77.5624  22.6  0  3.47235  82.264
3.64  82.49  0  77.5966  22.6  0  3.37435  82.49
3.65  82.716  0  77.6299  22.6  0  3.27635  82.716
3.66  82.942  0  77.6621  22.6  0  3.17835  82.942
3.67  83.168  0  77.6934  22.6  0  3.08035  83.168
3.68  83.394  0  77.7238  22.6  0  2.98235  83.394
3.69  83.62  0  77.7531  22.6  0  2.88435  83.62
3.7  83.846  0  77.7814  22.6  0  2.78635  83.846
3.71  84.072  0  77.8088  22.6  0  2.68835  84.072
3.72  84.298  0  77.8352  22.6  0  2.59035  84.298
3.73  84.524  0  77.8606  22.6  0  2.49235  84.524
3.74  84.75  0  77.8851  22.6  0  2.39435  84.75
3.75  84.976  0  77.9085  22.6  0  2.29635  84.976
3.76  85.202  0  77.931  22.6  0  2.19835  85.202
3.77  85.428  0  77.9525  22.6  0  2.10035  85.428
3.78  85.654  0  77.973  22.6  0  2.00235  85.654
3.79  85.88  0  77.9925  22.6  0  1.90435  85.88
3.8  86.106  0  78.0111  22.6  0  1.80635  86.106
3.81  86.332  0  78.0287  22.6  0  1.70835  86.332
3.82  86.558  0  78.0452  22.6  0  1.61035  86.558
3.83  86.784  0  78.0609  22.6  0  1.51235  86.784
3.84  87.01  0  78.0755  22.6  0  1.41435  87.01
3.85  87.236  0  78.0891  22.6  0  1.31635  87.236
3.86  87.462  0  78.1018  22.6  0  1.21835  87.462
3.87  87.688  0  78.1135  22.6  0  1.12035  87.688
3.88  87.914  0  78.1242  22.6  0  1.02235  87.914
3.89  88.14  0  78.134  22.6  0  0.924348  88.14
3.9  88.366  0  78.1427  22.6  0  0.826348  88.366
3.91  88.592  0  78.1505  22.6  0  0.728348  88.592
3.92  88.818  0  78.1573  22.6  0  0.630348  88.818
3.93  89.044  0  78.1631  22.6  0  0.532348  89.044
3.94  89.27  0  78.1679  22.6  0  0.434348  89.27
3.95  89.496  0  78.1718  22.6  0  0.336348  89.496
3.96  89.722  0  78.1747  22.6  0  0.238348  89.722
3.97  89.948  0  78.1765  22.6  0  0.140348  89.948
3.98  90.174  0  78.1775  22.6  0  0.0423483  90.174
3.99  90.4  0  78.1774  22.6  0  -0.0556517  90.4
4  90.626  0  78.1763  22.6  0  -0.153652  90.626
4.01  90.852  0  78.1743  22.6  0  -0.251652  90.852
4.02  91.078  0  78.1713  22.6  0  -0.349652  91.078
4.03  91.304  0  78.1673  22.6  0  -0.447652  91.304
4.04  91.53  0  78.1624  22.6  0  -0.545652  91.53
4.05  91.756  0  78.1564  22.6  0  -0.643652  91.756
4.06  91.982  0  78.1495  22.6  0  -0.741652  91.982
4.07  92.208  0  78.1416  22.6  0  -0.839652  92.208
4.08  92.434  0  78.1327  22.6  0  -0.937652  92.434
4.09  92.66  0  78.1228  22.6  0  -1.03565  92.66
4.1  92.886  0  78.112  22.6  0  -1.13365  92.886
4.11  93.112  0  78.1002  22.6  0  -1.23165  93.112
4.12  93.338  0  78.0873  22.6  0  -1.32965  93.338
4.13  93.564  0  78.0736  22.6  0  -1.42765  93.564
4.14  93.79  0  78.0588  22.6  0  -1.52565  93.79
4.15  94.016  0  78.043  22.6  0  -1.62365  94.016
4.16  94.242  0  78.0263  22.6  0  -1.72165  94.242
4.17  94.468  0  78.0086  22.6  0  -1.81965  94.468
4.18  94.694  0  77.9899  22.6  0  -1.91765  94.694
4.19  94.92  0  77.9703  22.6  0  -2.01565  94.92
4.2  95.146  0  77.9496  22.6  0  -2.11365  95.146
4.21  95.372  0  77.928  22.6  0  -2.21165  95.372
4.22  95.598  0  77.9054  22.6  0  -2.30965  95.598
4.23  95.824  0  77.8818  22.6  0  -2.40765  95.824
4.24  96.05  0  77.8572  22.6  0  -2.50565  96.05
4.25  96.276  0  77.8317  22.6  0  -2.60365  96.276
4.26  96.502  0  77.8052  22.6  0  -2.70165  96.502
4.27  96.728  0  77.7777  22.6  0  -2.79965  96.728
4.28  96.954  0  77.7492  22.6  0  -2.89765  96.954
4.29  97.18  0  77.7197  22.6  0  -2.99565  97.18
4.3  97.406  0  77.6893  22.6  0  -3.09365  97.406
4.31  97.632  0  77.6578  22.6  0  -3.19165  97.632
4.32  97.858  0  77.6254  22.6  0  -3.28965  97.858
4.33  98.084  0  77.592  22.6  0  -3.38765  98.084
4.34  98.31  0  77.5577  22.6  0  -3.48565  98.31
4.35  98.536  0  77.5223  22.6  0  -3.58365  98.536
4.36  98.762  0  77.486  22.6  0  -3.68165  98.762
4.37  98.988  0  77.4487  22.6  0  -3.77965  98.988
4.38  99.214  0  77.4104  22.6  0  -3.87765  99.214
4.39  99.44  0  77.3711  22.6  0  -3.97565  99.44
4.4  99.666  0  77.3309  22.6  0  -4.07365  99.666
4.41  99.892  0  77.2897  22.6  0  -4.17165  99.892
4.42  100.118  0  77.2475  22.6  0  -4.26965  100.118
4.43  100.344  0  77.2043  22.6  0  -4.36765  100.344
4.44  100.57  0  77.1601  22.6  0  -4.46565  100.57
4.45  100.796  0  77.115  22.6  0  -4.56365  100.796
4.46  101.022  0  77.0688  22.6  0  -4.66165  101.022
4.47  101.248  0  77.0217  22.6  0  -4.75965  101.248
4.48  101.474  0  76.9736  22.6  0  -4.85765  101.474
4.49  101.7  0  76.9246  22.6  0  -4.95565  101.7
4.5  101.926  0  76.8745  22.6  0  -5.05365  101.926
4.51  102.152  0  76.8235  22.6  0  -5.15165  102.152
4.52  102.378  0  76.7715  22.6  0  -5.24965  102.378
4.53  102.604  0  76.7185  22.6  0  -5.34765  102.604
4.54  102.83  0  76.6645  22.6  0  -5.44565  102.83
4.55  103.056  0  76.6096  22.6  0  -5.54365  103.056
4.56  103.282  0  76.5537  22.6  0  -5.64165  103.282
4.57  103.508  0  76.4968  22.6  0  -5.73965  103.508
4.58  103.734  0  76.4389  22.6  0  -5.83765  103.734
4.59  103.96  0  76.38  22.6  0  -5.93565  103.96
4.6  104.186  0  76.3202  22.6  0  -6.03365  104.186
4.61  104.412  0  76.2593  22.6  0  -6.13165  104.412
4.62  104.638  0  76.1975  22.6  0  -6.22965  104.638
4.63  104.864  0  76.1347  22.6  0  -6.32765  104.864
4.64  105.09  0  76.071  22.6  0  -6.42565  105.09
4.65  105.316  0  76.0062  22.6  0  -6.52365  105.316
4.66  105.542  0  75.9405  22.6  0  -6.62165  105.542
4.67  105.768  0  75.8738  22.6  0  -6.71965  105.768
4.68  105.994  0  75.8061  22.6  0  -6.81765  105.994
4.69  106.22  0  75.7374  22.6  0  -6.91565  106.22
4.7  106.446  0  75.6678  22.6  0  -7.01365  106.446
4.71  106.672  0  75.5972  22.6  0  -7.11165  106.672
4.72  106.898  0  75.5256  22.6  0  -7.20965  106.898
4.73  107.124  0  75.453  22.6  0  -7.30765  107.124
4.74  107.35  0  75.3794  22.6  0  -7.40565  107.35
4.75  107.576  0  75.3049  22.6  0  -7.50365  107.576
4.76  107.802  0  75.2293  22.6  0  -7.60165  107.802
4.77  108.028  0  75.1528  22.6  0  -7.69965  108.028
4.78  108.254  0  75.0753  22.6  0  -7.79765  108.254
4.79  108.48  0  74.9969  22.6  0  -7.89565  108.48
4.8  108.706  0  74.9174  22.6  0  -7.99365  108.706
4.81  108.932  0  74.837  22.6  0  -8.09165  108.932
4.82  109.158  0  74.7556  22.6  0  -8.18965  109.158
4.83  109.384  0  74.6732  22.6  0  -8.28765  109.384
4.84  109.61  0  74.5898  22.6  0  -8.38565  109.61
4.85  109.836  0  74.5055  22.6  0  -8.48365  109.836
4.86  110.062  0  74.4202  22.6  0  -8.58165  110.062
4.87  110.288  0  74.3339  22.6  0  -8.67965  110.288
4.88  110.514  0  74.2466  22.6  0  -8.77765  110.514
4.89  110.74  0  74.1583  22.6  0  -8.87565  110.74
4.9  110.966  0  74.0691  22.6  0  -8.97365  110.966
4.91  111.192  0  73.9788  22.6  0  -9.07165  111.192
4.92  111.418  0  73.8876  22.6  0  -9.16965  111.418
4.93  111.644  0  73.7954  22.6  0  -9.26765  111.644
4.94  111.87  0  73.7023  22.6  0  -9.36565  111.87
4.95  112.096  0  73.6081  22.6  0  -9.46365  112.096
4.96  112.322  0  73.513  22.6  0  -9.56165  112.322
4.97  112.548  0  73.4169  22.6  0  -9.65965  112.548
4.98  112.774  0  73.3198  22.6  0  -9.75765  112.774
4.99  113  0  73.2217  22.6  0  -9.85565  113
5  113.226  0  73.1227  22.6  0  -9.95365  113.226
5.01  113.452  0  73.0227  22.6  0  -10.0517  113.452
5.02  113.678  0  72.9217  22.6  0  -10.1497  113.678
5.03  113.904  0  72.8197  22.6  0  -10.2477  113.904
5.04  114.13  0  72.7167  22.6  0  -10.3457  114.13
5.05  114.356  0  72.6128  22.6  0  -10.4437  114.356
5.06  114.582  0  72.5078  22.6  0  -10.5417  114.582
5.07  114.808  0  72.4019  22.6  0  -10.6397  114.808
5.08  115.034  0  72.295  22.6  0  -10.7377  115.034
5.09  115.26  0  72.1872  22.6  0  -10.8357  115.26
5.1  115.486  0  72.0783  22.6  0  -10.9337  115.486
5.11  115.712  0  71.9685  22.6  0  -11.0317  115.712
5.12  115.938  0  71.8577  22.6  0  -11.1297  115.938
5.13  116.164  0  71.7459  22.6  0  -11.2277  116.164
5.14  116.39  0  71.6331  22.6  0  -11.3257  116.39
5.15  116.616  0  71.5194  22.6  0  -11.4237  116.616
5.16  116.842  0  71.4047  22.6  0  -11.5217  116.842
5.17  117.068  0  71.289  22.6  0  -11.6197  117.068
5.18  117.294  0  71.1723  22.6  0  -11.7177  117.294
5.19  117.52  0  71.0546  22.6  0  -11.8157  117.52
5.2  117.746  0  70.936  22.6  0  -11.9137  117.746
5.21  117.972  0  70.8163  22.6  0  -12.0117  117.972
5.22  118.198  0  70.6957  22.6  0  -12.1097  118.198
5.23  118.424  0  70.5741  22.6  0  -12.2077  118.424
5.24  118.65  0  70.4516  22.6  0  -12.3057  118.65
5.25  118.876  0  70.328  22.6  0  -12.4037  118.876
5.26  119.102  0  70.2035  22.6  0  -12.5017  119.102
5.27  119.328  0  70.078  22.6  0  -12.5997  119.328
5.28  119.554  0  69.9515  22.6  0  -12.6977  119.554
5.29  119.78  0  69.824  22.6  0  -12.7957  119.78
5.3  120.006  0  69.6956  22.6  0  -12.8937  120.006
5.31  120.232  0  69.5662  22.6  0  -12.9917  120.232
5.32  120.458  0  69.4358  22.6  0  -13.0897  120.458
5.33  120.684  0  69.3044  22.6  0  -13.1877  120.684
5.34  120.91  0  69.172  22.6  0  -13.2857  120.91
5.35  121.136  0  69.0387  22.6  0  -13.3837  121.136
5.36  121.362  0  68.9043  22.6  0  -13.4817  121.362
5.37  121.588  0  68.769  22.6  0  -13.5797  121.588
5.38  121.814  0  68.6327  22.6  0  -13.6777  121.814
5.39  122.04  0  68.4955  22.6  0  -13.7757  122.04
5.4  122.266  0  68.3572  22.6  0  -13.8737  122.266
5.41  122.492  0  68.218  22.6  0  -13.9717  122.492
5.42  122.718  0  68.0778  22.6  0  -14.0697  122.718
5.43  122.944  0  67.9366  22.6  0  -14.1677  122.944
5.44  123.17  0  67.7944  22.6  0  -14.2657  123.17
5.45  123.396  0  67.6513  22.6  0  -14.3637  123.396
5.46  123.622  0  67.5072  22.6  0  -14.4617  123.622
5.47  123.848  0  67.3621  22.6  0  -14.5597  123.848
5.48  124.074  0  67.216  22.6  0  -14.6577  124.074
5.49  124.3  0  67.0689  22.6  0  -14.7557  124.3
5.5  124.526  0  66.9209  22.6  0  -14.8537  124.526
5.51  124.752  0  66.7718  22.6  0  -14.9517  124.752
5.52  124.978  0  66.6218  22.6  0  -15.0497  124.978
5.53  125.204  0  66.4708  22.6  0  -15.1477  125.204
5.54  125.43  0  66.3189  22.6  0  -15.2457  125.43
5.55  125.656  0  66.1659  22.6  0  -15.3437  125.656
5.56  125.882  0  66.012  22.6  0  -15.4417  125.882
5.57  126.108  0  65.8571  22.6  0  -15.5397  126.108
5.58  126.334  0  65.7012  22.6  0  -15.6377  126.334
5.59  126.56  0  65.5444  22.6  0  -15.7357  126.56
5.6  126.786  0  65.3865  22.6  0  -15.8337  126.786
5.61  127.012  0  65.2277  22.6  0  -15.9317  127.012
5.62  127.238  0  65.0679  22.6  0  -16.0297  127.238
5.63  127.464  0  64.9071  22.6  0  -16.1277  127.464
5.64  127.69  0  64.7453  22.6  0  -16.2257  127.69
5.65  127.916  0  64.5826  22.6  0  -16.3237  127.916
5.66  128.142  0  64.4188  22.6  0  -16.4217  128.142
5.67  128.368  0  64.2541  22.6  0  -16.5197  128.368
5.68  128.594  0  64.0885  22.6  0  -16.6177  128.594
5.69  128.82  0  63.9218  22.6  0  -16.7157  128.82
5.7  129.046  0  63.7541  22.6  0  -16.8137  129.046
5.71  129.272  0  63.5855  22.6  0  -16.9117  129.272
5.72  129.498  0  63.4159  22.6  0  -17.0097  129.498
5.73  129.724  0  63.2453  22.6  0  -17.1077  129.724
5.74  129.95  0  63.0738  22.6  0  -17.2057  129.95
5.75  130.176  0  62.9012  22.6  0  -17.3037  130.176
5.76  130.402  0  62.7277  22.6  0  -17.4017  130.402
5.77  130.628  0  62.5532  22.6  0  -17.4997  130.628
5.78  130.854  0  62.3777  22.6  0  -17.5977  130.854
5.79  131.08  0  62.2012  22.6  0  -17.6957  131.08
5.8  131.306  0  62.0238  22.6  0  -17.7937  131.306
5.81  131.532  0  61.8453  22.6  0  -17.8917  131.532
5.82  131.758  0  61.6659  22.6  0  -17.9897  131.758
5.83  131.984  0  61.4856  22.6  0  -18.0877  131.984
5.84  132.21  0  61.3042  22.6  0  -18.1857  132.21
5.85  132.436  0  61.1218  22.6  0  -18.2837  132.436
5.86  132.662  0  60.9385  22.6  0  -18.3817  132.662
5.87  132.888  0  60.7542  22.6  0  -18.4797  132.888
5.88  133.114  0  60.5689  22.6  0  -18.5777  133.114
5.89  133.34  0  60.3827  22.6  0  -18.6757  133.34
5.9  133.566  0  60.1954  22.6  0  -18.7737  133.566
5.91  133.792  0  60.0072  22.6  0  -18.8717  133.792
5.92  134.018  0  59.818  22.6  0  -18.9697  134.018
5.93  134.244  0  59.6278  22.6  0  -19.0677  134.244
5.94  134.47  0  59.4366  22.6  0  -19.1657  134.47
5.95  134.696  0  59.2445  22.6  0  -19.2637  134.696
5.96  134.922  0  59.0513  22.6  0  -19.3617  134.922
5.97  135.148  0  58.8572  22.6  0  -19.4597  135.148
5.98  135.374  0  58.6622  22.6  0  -19.5577  135.374
5.99  135.6  0  58.4661  22.6  0  -19.6557  135.6
6  135.826  0  58.269  22.6  0  -19.7537  135.826
6.01  136.052  0  58.071  22.6  0  -19.8517  136.052
6.02  136.278  0  57.872  22.6  0  -19.9497  136.278
6.03  136.504  0  57.672  22.6  0  -20.0477  136.504
6.04  136.73  0  57.4711  22.6  0  -20.1457  136.73
6.05  136.956  0  57.2691  22.6  0  -20.2437  136.956
6.06  137.182  0  57.0662  22.6  0  -20.3417  137.182
6.07  137.408  0  56.8623  22.6  0  -20.4397  137.408
6.08  137.634  0  56.6574  22.6  0  -20.5377  137.634
6.09  137.86  0  56.4515  22.6  0  -20.6357  137.86
6.1  138.086  0  56.2447  22.6  0  -20.7337  138.086
6.11  138.312  0  56.0369  22.6  0  -20.8317  138.312
6.12  138.538  0  55.828  22.6  0  -20.9297  138.538
6.13  138.764  0  55.6183  22.6  0  -21.0277  138.764
6.14  138.99  0  55.4075  22.6  0  -21.1257  138.99
6.15  139.216  0  55.1957  22.6  0  -21.2237  139.216
6.16  139.442  0  54.983  22.6  0  -21.3217  139.442
6.17  139.668  0  54.7693  22.6  0  -21.4197  139.668
6.18  139.894  0  54.5546  22.6  0  -21.5177  139.894
6.19  140.12  0  54.339  22.6  0  -21.6157  140.12
6.2  140.346  0  54.1223  22.6  0  -21.7137  140.346
6.21  140.572  0  53.9047  22.6  0  -21.8117  140.572
6.22  140.798  0  53.6861  22.6  0  -21.9097  140.798
6.23  141.024  0  53.4665  22.6  0  -22.0077  141.024
6.24  141.25  0  53.2459  22.6  0  -22.1057  141.25
6.25  141.476  0  53.0244  22.6  0  -22.2037  141.476
6.26  141.702  0  52.8019  22.6  0  -22.3017  141.702
6.27  141.928  0  52.5783  22.6  0  -22.3997  141.928
6.28  142.154  0  52.3539  22.6  0  -22.4977  142.154
6.29  142.38  0  52.1284  22.6  0  -22.5957  142.38
6.3  142.606  0  51.9019  22.6  0  -22.6937  142.606
6.31  142.832  0  51.6745  22.6  0  -22.7917  142.832
6.32  143.058  0  51.4461  22.6  0  -22.8897  143.058
6.33  143.284  0  51.2167  22.6  0  -22.9877  143.284
6.34  143.51  0  50.9864  22.6  0  -23.0857  143.51
6.35  143.736  0  50.755  22.6  0  -23.1837  143.736
6.36  143.962  0  50.5227  22.6  0  -23.2817  143.962
6.37  144.188  0  50.2894  22.6  0  -23.3797  144.188
6.38  144.414  0  50.0551  22.6  0  -23.4777  144.414
6.39  144.64  0  49.8198  22.6  0  -23.5757  144.64
6.4  144.866  0  49.5836  22.6  0  -23.6737  144.866
6.41  145.092  0  49.3464  22.6  0  -23.7717  145.092
6.42  145.318  0  49.1081  22.6  0  -23.8697  145.318
6.43  145.544  0  48.869  22.6  0  -23.9677  145.544
6.44  145.77  0  48.6288  22.6  0  -24.0657  145.77
6.45  145.996  0  48.3876  22.6  0  -24.1637  145.996
6.46  146.222  0  48.1455  22.6  0  -24.2617  146.222
6.47  146.448  0  47.9024  22.6  0  -24.3597  146.448
6.48  146.674  0  47.6583  22.6  0  -24.4577  146.674
6.49  146.9  0  47.4133  22.6  0  -24.5557  146.9
6.5  147.126  0  47.1672  22.6  0  -24.6537  147.126
6.51  147.352  0  46.9202  22.6  0  -24.7517  147.352
6.52  147.578  0  46.6722  22.6  0  -24.8497  147.578
6.53  147.804  0  46.4232  22.6  0  -24.9477  147.804
6.54  148.03  0  46.1732  22.6  0  -25.0457  148.03
6.55  148.256  0  45.9223  22.6  0  -25.1437  148.256
6.56  148.482  0  45.6704  22.6  0  -25.2417  148.482
6.57  148.708  0  45.4175  22.6  0  -25.3397  148.708
6.58  148.934  0  45.1636  22.6  0  -25.4377  148.934
6.59  149.16  0  44.9087  22.6  0  -25.5357  149.16
6.6  149.386  0  44.6529  22.6  0  -25.6337  149.386
6.61  149.612  0  44.396  22.6  0  -25.7317  149.612
6.62  149.838  0  44.1382  22.6  0  -25.8297  149.838
6.63  150.064  0  43.8794  22.6  0  -25.9277  150.064
6.64  150.29  0  43.6197  22.6  0  -26.0257  150.29
6.65  150.516  0  43.3589  22.6  0  -26.1237  150.516
6.66  150.742  0  43.0972  22.6  0  -26.2217  150.742
6.67  150.968  0  42.8345  22.6  0  -26.3197  150.968
6.68  151.194  0  42.5708  22.6  0  -26.4177  151.194
6.69  151.42  0  42.3061  22.6  0  -26.5157  151.42
6.7  151.646  0  42.0405  22.6  0  -26.6137  151.646
6.71  151.872  0  41.7739  22.6  0  -26.7117  151.872
6.72  152.098  0  41.5063  22.6  0  -26.8097  152.098
6.73  152.324  0  41.2377  22.6  0  -26.9077  152.324
6.74  152.55  0  40.9681  22.6  0  -27.0057  152.55
6.75  152.776  0  40.6976  22.6  0  -27.1037  152.776
6.76  153.002  0  40.426  22.6  0  -27.2017  153.002
6.77  153.228  0  40.1535  22.6  0  -27.2997  153.228
6.78  153.454  0  39.88  22.6  0  -27.3977  153.454
6.79  153.68  0  39.6056  22.6  0  -27.4957  153.68
6.8  153.906  0  39.3301  22.6  0  -27.5937  153.906
6.81  154.132  0  39.0537  22.6  0  -27.6917  154.132
6.82  154.358  0  38.7763  22.6  0  -27.7897  154.358
6.83  154.584  0  38.4979  22.6  0  -27.8877  154.584
6.84  154.81  0  38.2185  22.6  0  -27.9857  154.81
6.85  155.036  0  37.9382  22.6  0  -28.0837  155.036
6.86  155.262  0  37.6569  22.6  0  -28.1817  155.262
6.87  155.488  0  37.3746  22.6  0  -28.2797  155.488
6.88  155.714  0  37.0913  22.6  0  -28.3777  155.714
6.89  155.94  0  36.807  22.6  0  -28.4757  155.94
6.9  156.166  0  36.5218  22.6  0  -28.5737  156.166
6.91  156.392  0  36.2355  22.6  0  -28.6717  156.392
6.92  156.618  0  35.9483  22.6  0  -28.7697  156.618
6.93  156.844  0  35.6601  22.6  0  -28.8677  156.844
6.94  157.07  0  35.371  22.6  0  -28.9657  157.07
6.95  157.296  0  35.0808  22.6  0  -29.0637  157.296
6.96  157.522  0  34.7897  22.6  0  -29.1617  157.522
6.97  157.748  0  34.4976  22.6  0  -29.2597  157.748
6.98  157.974  0  34.2045  22.6  0  -29.3577  157.974
6.99  158.2  0  33.9104  22.6  0  -29.4557  158.2
7  158.426  0  33.6154  22.6  0  -29.5537  158.426
7.01  158.652  0  33.3194  22.6  0  -29.6517  158.652
7.02  158.878  0  33.0224  22.6  0  -29.7497  158.878
7.03  159.104  0  32.7244  22.6  0  -29.8477  159.104
7.04  159.33  0  32.4254  22.6  0  -29.9457  159.33
7.05  159.556  0  32.1255  22.6  0  -30.0437  159.556
7.06  159.782  0  31.8245  22.6  0  -30.1417  159.782
7.07  160.008  0  31.5226  22.6  0  -30.2397  160.008
7.08  160.234  0  31.2197  22.6  0  -30.3377  160.234
7.09  160.46  0  30.9159  22.6  0  -30.4357  160.46
7.1  160.686  0  30.611  22.6  0  -30.5337  160.686
7.11  160.912  0  30.3052  22.6  0  -30.6317  160.912
7.12  161.138  0  29.9984  22.6  0  -30.7297  161.138
7.13  161.364  0  29.6906  22.6  0  -30.8277  161.364
7.14  161.59  0  29.3818  22.6  0  -30.9257  161.59
7.15  161.816  0  29.0721  22.6  0  -31.0237  161.816
7.16  162.042  0  28.7614  22.6  0  -31.1217  162.042
7.17  162.268  0  28.4497  22.6  0  -31.2197  162.268
7.18  162.494  0  28.137  22.6  0  -31.3177  162.494
7.19  162.72  0  27.8233  22.6  0  -31.4157  162.72
7.2  162.946  0  27.5087  22.6  0  -31.5137  162.946
7.21  163.172  0  27.193  22.6  0  -31.6117  163.172
7.22  163.398  0  26.8764  22.6  0  -31.7097  163.398
7.23  163.624  0  26.5588  22.6  0  -31.8077  163.624
7.24  163.85  0  26.2403  22.6  0  -31.9057  163.85
7.25  164.076  0  25.9207  22.6  0  -32.0037  164.076
7.26  164.302  0  25.6002  22.6  0  -32.1017  164.302
7.27  164.528  0  25.2787  22.6  0  -32.1997  164.528
7.28  164.754  0  24.9562  22.6  0  -32.2977  164.754
7.29  164.98  0  24.6327  22.6  0  -32.3957  164.98
7.3  165.206  0  24.3083  22.6  0  -32.4937  165.206
7.31  165.432  0  23.9829  22.6  0  -32.5917  165.432
7.32  165.658  0  23.6565  22.6  0  -32.6897  165.658
7.33  165.884  0  23.3291  22.6  0  -32.7877  165.884
7.34  166.11  0  23.0007  22.6  0  -32.8857  166.11
7.35  166.336  0  22.6714  22.6  0  -32.9837  166.336
7.36  166.562  0  22.341  22.6  0  -33.0817  166.562
7.37  166.788  0  22.0097  22.6  0  -33.1797  166.788
7.38  167.014  0  21.6774  22.6  0  -33.2777  167.014
7.39  167.24  0  21.3442  22.6  0  -33.3757  167.24
7.4  167.466  0  21.0099  22.6  0  -33.4737  167.466
7.41  167.692  0  20.6747  22.6  0  -33.5717  167.692
7.42  167.918  0  20.3385  22.6  0  -33.6697  167.918
7.43  168.144  0  20.0013  22.6  0  -33.7677  168.144
7.44  168.37  0  19.6631  22.6  0  -33.8657  168.37
7.45  168.596  0  19.324  22.6  0  -33.9637  168.596
7.46  168.822  0  18.9839  22.6  0  -34.0617  168.822
7.47  169.048  0  18.6428  22.6  0  -34.1597  169.048
7.48  169.274  0  18.3007  22.6  0  -34.2577  169.274
7.49  169.5  0  17.9576  22.6  0  -34.3557  169.5
7.5  169.726  0  17.6136  22.6  0  -34.4537  169.726
7.51  169.952  0  17.2685  22.6  0  -34.5517  169.952
7.52  170.178  0  16.9225  22.6  0  -34.6497  170.178
7.53  170.404  0  16.5755  22.6  0  -34.7477  170.404
7.54  170.63  0  16.2276  22.6  0  -34.8457  170.63
7.55  170.856  0  15.8786  22.6  0  -34.9437  170.856
7.56  171.082  0  15.5287  22.6  0  -35.0417  171.082
7.57  171.308  0  15.1778  22.6  0  -35.1397  171.308
7.58  171.534  0  14.8259  22.6  0  -35.2377  171.534
7.59  171.76  0  14.473  22.6  0  -35.3357  171.76
7.6  171.986  0  14.1192  22.6  0  -35.4337  171.986
7.61  172.212  0  13.7644  22.6  0  -35.5317  172.212
7.62  172.438  0  13.4086  22.6  0  -35.6297  172.438
7.63  172.664  0  13.0518  22.6  0  -35.7277  172.664
7.64  172.89  0  12.694  22.6  0  -35.8257  172.89
7.65  173.116  0  12.3353  22.6  0  -35.9237  173.116
7.66  173.342  0  11.9755  22.6  0  -36.0217  173.342
7.67  173.568  0  11.6148  22.6  0  -36.1197  173.568
7.68  173.794  0  11.2531  22.6  0  -36.2177  173.794
7.69  174.02  0  10.8905  22.6  0  -36.3157  174.02
7.7  174.246  0  10.5268  22.6  0  -36.4137  174.246
7.71  174.472  0  10.1622  22.6  0  -36.5117  174.472
7.72  174.698  0  9.7966  22.6  0  -36.6097  174.698
7.73  174.924  0  9.43002  22.6  0  -36.7077  174.924
7.74  175.15  0  9.06245  22.6  0  -36.8057  175.15
7.75  175.376  0  8.6939  22.6  0  -36.9037  175.376
7.76  175.602  0  8.32438  22.6  0  -37.0017  175.602
7.77  175.828  0  7.95387  22.6  0  -37.0997  175.828
7.78  176.054  0  7.58238  22.6  0  -37.1977  176.054
7.79  176.28  0  7.20992  22.6  0  -37.2957  176.28
7.8  176.506  0  6.83647  22.6  0  -37.3937  176.506
7.81  176.732  0  6.46204  22.6  0  -37.4917  176.732
7.82  176.958  0  6.08664  22.6  0  -37.5897  176.958
7.83  177.184  0  5.71025  22.6  0  -37.6877  177.184
7.84  177.41  0  5.33288  22.6  0  -37.7857  177.41
7.85  177.636  0  4.95454  22.6  0  -37.8837  177.636
7.86  177.862  0  4.57521  22.6  0  -37.9817  177.862
7.87  178.088  0  4.1949  22.6  0  -38.0797  178.088
7.88  178.314  0  3.81362  22.6  0  -38.1777  178.314
7.89  178.54  0  3.43135  22.6  0  -38.2757  178.54
7.9  178.766  0  3.0481  22.6  0  -38.3737  178.766
7.91  178.992  0  2.66388  22.6  0  -38.4717  178.992
7.92  179.218  0  2.27867  22.6  0  -38.5697  179.218
7.93  179.444  0  1.89249  22.6  0  -38.6677  179.444
7.94  179.67  0  1.50532  22.6  0  -38.7657  179.67
7.95  179.896  0  1.11717  22.6  0  -38.8637  179.896
7.96  180.122  0  0.728046  22.6  0  -38.9617  180.122
7.97  180.348  0  0.337939  22.6  0  -39.0597  180.348
7.98  180.574  0  -0.0531475  22.6  0  -39.1577  180.574
