t  x  y  z  vx  vy  vz  range
0  0  0  0  34.6252  0  29.054  0
0  0.346064  0  0.289892  34.5876  0  28.9245  0.346064
0.01  0.691753  0  0.578491  34.5502  0  28.7953  0.691753
0.02  1.03707  0  0.865799  34.5131  0  28.6664  1.03707
0.03  1.38202  0  1.15182  34.4762  0  28.5378  1.38202
0.04  1.72659  0  1.43656  34.4394  0  28.4094  1.72659
0.05  2.0708  0  1.72001  34.403  0  28.2814  2.0708
0.06  2.41465  0  2.00218  34.3667  0  28.1536  2.41465
0.07  2.75814  0  2.28308  34.3307  0  28.0262  2.75814
0.08  3.10127  0  2.56271  34.2948  0  27.899  3.10127
0.09  3.44404  0  2.84106  34.2592  0  27.772  3.44404
0.1  3.78645  0  3.11815  34.2238  0  27.6454  3.78645
0.11  4.12851  0  3.39397  34.1886  0  27.519  4.12851
0.12  4.47023  0  3.66853  34.1537  0  27.3929  4.47023
0.13  4.81159  0  3.94183  34.1189  0  27.2671  4.81159
0.14  5.1526  0  4.21387  34.0843  0  27.1415  5.1526
0.15  5.49327  0  4.48466  34.05  0  27.0162  5.49327
0.16  5.8336  0  4.7542  34.0158  0  26.8912  5.8336
0.17  6.17359  0  5.02249  33.9819  0  26.7664  6.17359
0.18  6.51324  0  5.28953  33.9481  0  26.6418  6.51324
0.19  6.85256  0  5.55532  33.9146  0  26.5176  6.85256
0.2  7.19153  0  5.81988  33.8813  0  26.3936  7.19153
0.21  7.53018  0  6.0832  33.8481  0  26.2698  7.53018
0.22  7.8685  0  6.34528  33.8152  0  26.1463  7.8685
0.23  8.20649  0  6.60612  33.7824  0  26.023  8.20649
0.24  8.54415  0  6.86574  33.7498  0  25.8999  8.54415
0.25  8.88148  0  7.12412  33.7175  0  25.7772  8.88148
0.26  9.2185  0  7.38128  33.6853  0  25.6546  9.2185
0.27  9.55519  0  7.63721  33.6533  0  25.5323  9.55519
0.28  9.89156  0  7.89193  33.6215  0  25.4102  9.89156
0.29  10.2276  0  8.14542  33.5899  0  25.2884  10.2276
0.3  10.5634  0  8.3977  33.5585  0  25.1668  10.5634
0.31  10.8988  0  8.64876  33.5273  0  25.0454  10.8988
0.32  11.2339  0  8.8986  33.4962  0  24.9242  11.2339
0.33  11.5687  0  9.14724  33.4653  0  24.8033  11.5687
0.34  11.9032  0  9.39467  33.4346  0  24.6826  11.9032
0.35  12.2374  0  9.64089  33.4041  0  24.5621  12.2374
0.36  12.5713  0  9.88591  33.3738  0  24.4419  12.5713
0.37  12.9049  0  10.1297  33.3436  0  24.3218  12.9049
0.38  13.2382  0  10.3724  33.3137  0  24.202  13.2382
0.39  13.5712  0  10.6138  33.2839  0  24.0824  13.5712
0.4  13.9038  0  10.854  33.2542  0  23.963  13.9038
0.41  14.2362  0  11.093  33.2248  0  23.8438  14.2362
0.42  14.5683  0  11.3309  33.1955  0  23.7248  14.5683
0.43  14.9002  0  11.5675  33.1664  0  23.6061  14.9002
0.44  15.2317  0  11.803  33.1374  0  23.4875  15.2317
0.45  15.5629  0  12.0373  33.1086  0  23.3691  15.5629
0.46  15.8938  0  12.2704  33.08  0  23.251  15.8938
0.47  16.2245  0  12.5023  33.0516  0  23.133  16.2245
0.48  16.5549  0  12.733  33.0233  0  23.0153  16.5549
0.49  16.885  0  12.9626  32.9952  0  22.8977  16.885
0.5  17.2148  0  13.191  32.9672  0  22.7804  17.2148
0.51  17.5443  0  13.4182  32.9394  0  22.6632  17.5443
0.52  17.8736  0  13.6443  32.9118  0  22.5462  17.8736
0.53  18.2026  0  13.8691  32.8843  0  22.4295  18.2026
0.54  18.5313  0  14.0929  32.857  0  22.3129  18.5313
0.55  18.8597  0  14.3154  32.8298  0  22.1965  18.8597
0.56  19.1879  0  14.5368  32.8028  0  22.0802  19.1879
0.57  19.5157  0  14.757  32.776  0  21.9642  19.5157
0.58  19.8434  0  14.9761  32.7493  0  21.8484  19.8434
0.59  20.1707  0  15.194  32.7227  0  21.7327  20.1707
0.6  20.4978  0  15.4107  32.6964  0  21.6172  20.4978
0.61  20.8247  0  15.6263  32.6701  0  21.5019  20.8247
0.62  21.1512  0  15.8408  32.644  0  21.3868  21.1512
0.63  21.4775  0  16.0541  32.6181  0  21.2718  21.4775
0.64  21.8036  0  16.2662  32.5923  0  21.157  21.8036
0.65  22.1294  0  16.4772  32.5666  0  21.0424  22.1294
0.66  22.4549  0  16.687  32.5411  0  20.928  22.4549
0.67  22.7802  0  16.8958  32.5158  0  20.8137  22.7802
0.68  23.1052  0  17.1033  32.4905  0  20.6996  23.1052
0.69  23.43  0  17.3097  32.4655  0  20.5857  23.43
0.7  23.7546  0  17.515  32.4405  0  20.4719  23.7546
0.71  24.0788  0  17.7192  32.4158  0  20.3583  24.0788
0.72  24.4029  0  17.9222  32.3911  0  20.2448  24.4029
0.73  24.7267  0  18.1241  32.3666  0  20.1315  24.7267
0.74  25.0502  0  18.3248  32.3422  0  20.0184  25.0502
0.75  25.3735  0  18.5244  32.318  0  19.9055  25.3735
0.76  25.6966  0  18.7229  32.2939  0  19.7926  25.6966
0.77  26.0194  0  18.9203  32.2699  0  19.68  26.0194
0.78  26.342  0  19.1165  32.2461  0  19.5675  26.342
0.79  26.6643  0  19.3117  32.2224  0  19.4551  26.6643
0.8  26.9864  0  19.5056  32.1988  0  19.343  26.9864
0.81  27.3083  0  19.6985  32.1754  0  19.2309  27.3083
0.82  27.6299  0  19.8903  32.1521  0  19.119  27.6299
0.83  27.9513  0  20.0809  32.1289  0  19.0073  27.9513
0.84  28.2725  0  20.2704  32.1058  0  18.8957  28.2725
0.85  28.5934  0  20.4588  32.0829  0  18.7842  28.5934
0.86  28.9142  0  20.6461  32.0601  0  18.6729  28.9142
0.87  29.2346  0  20.8323  32.0374  0  18.5617  29.2346
0.88  29.5549  0  21.0173  32.0149  0  18.4507  29.5549
0.89  29.8749  0  21.2013  31.9925  0  18.3398  29.8749
0.9  30.1948  0  21.3841  31.9702  0  18.2291  30.1948
0.91  30.5143  0  21.5659  31.948  0  18.1185  30.5143
0.92  30.8337  0  21.7465  31.926  0  18.008  30.8337
0.93  31.1529  0  21.926  31.904  0  17.8977  31.1529
0.94  31.4718  0  22.1044  31.8822  0  17.7875  31.4718
0.95  31.7905  0  22.2818  31.8605  0  17.6774  31.7905
0.96  32.109  0  22.458  31.839  0  17.5674  32.109
0.97  32.4273  0  22.6331  31.8175  0  17.4576  32.4273
0.98  32.7454  0  22.8071  31.7962  0  17.348  32.7454
0.99  33.0632  0  22.9801  31.7749  0  17.2384  33.0632
1  33.3809  0  23.1519  31.7538  0  17.129  33.3809
1.01  33.6983  0  23.3227  31.7328  0  17.0197  33.6983
1.02  34.0155  0  23.4923  31.7119  0  16.9105  34.0155
1.03  34.3325  0  23.6609  31.6912  0  16.8015  34.3325
1.04  34.6493  0  23.8283  31.6705  0  16.6926  34.6493
1.05  34.9659  0  23.9947  31.65  0  16.5838  34.9659
1.06  35.2823  0  24.16  31.6295  0  16.4751  35.2823
1.07  35.5985  0  24.3242  31.6092  0  16.3665  35.5985
1.08  35.9145  0  24.4873  31.589  0  16.2581  35.9145
1.09  36.2303  0  24.6494  31.5689  0  16.1498  36.2303
1.1  36.5459  0  24.8103  31.5489  0  16.0416  36.5459
1.11  36.8613  0  24.9702  31.5289  0  15.9335  36.8613
1.12  37.1765  0  25.129  31.5092  0  15.8255  37.1765
1.13  37.4915  0  25.2867  31.4895  0  15.7176  37.4915
1.14  37.8063  0  25.4434  31.4699  0  15.6099  37.8063
1.15  38.1209  0  25.5989  31.4504  0  15.5023  38.1209
1.16  38.4353  0  25.7534  31.431  0  15.3947  38.4353
1.17  38.7495  0  25.9068  31.4117  0  15.2873  38.7495
1.18  39.0635  0  26.0592  31.3926  0  15.18  39.0635
1.19  39.3773  0  26.2104  31.3735  0  15.0728  39.3773
1.2  39.691  0  26.3606  31.3545  0  14.9657  39.691
1.21  40.0044  0  26.5097  31.3356  0  14.8588  40.0044
1.22  40.3177  0  26.6578  31.3168  0  14.7519  40.3177
1.23  40.6308  0  26.8048  31.2981  0  14.6451  40.6308
1.24  40.9437  0  26.9507  31.2796  0  14.5384  40.9437
1.25  41.2564  0  27.0955  31.2611  0  14.4319  41.2564
1.26  41.5689  0  27.2393  31.2427  0  14.3254  41.5689
1.27  41.8812  0  27.3821  31.2244  0  14.219  41.8812
1.28  42.1934  0  27.5237  31.2061  0  14.1128  42.1934
1.29  42.5053  0  27.6643  31.188  0  14.0066  42.5053
1.3  42.8171  0  27.8038  31.17  0  13.9005  42.8171
1.31  43.1287  0  27.9423  31.1521  0  13.7946  43.1287
1.32  43.4402  0  28.0797  31.1342  0  13.6887  43.4402
1.33  43.7514  0  28.2161  31.1165  0  13.5829  43.7514
1.34  44.0625  0  28.3514  31.0988  0  13.4772  44.0625
1.35  44.3734  0  28.4856  31.0812  0  13.3716  44.3734
1.36  44.6841  0  28.6188  31.0637  0  13.2661  44.6841
1.37  44.9947  0  28.751  31.0463  0  13.1607  44.9947
1.38  45.305  0  28.882  31.029  0  13.0554  45.305
1.39  45.6152  0  29.0121  31.0118  0  12.9502  45.6152
1.4  45.9253  0  29.1411  30.9946  0  12.8451  45.9253
1.41  46.2351  0  29.269  30.9776  0  12.74  46.2351
1.42  46.5448  0  29.3959  30.9606  0  12.6351  46.5448
1.43  46.8544  0  29.5217  30.9437  0  12.5302  46.8544
1.44  47.1637  0  29.6465  30.9269  0  12.4254  47.1637
1.45  47.4729  0  29.7702  30.9102  0  12.3207  47.4729
1.46  47.7819  0  29.8929  30.8935  0  12.2161  47.7819
1.47  48.0908  0  30.0145  30.8769  0  12.1116  48.0908
1.48  48.3994  0  30.1351  30.8604  0  12.0072  48.3994
1.49  48.708  0  30.2547  30.844  0  11.9028  48.708
1.5  49.0163  0  30.3732  30.8277  0  11.7985  49.0163
1.51  49.3245  0  30.4906  30.8115  0  11.6943  49.3245
1.52  49.6326  0  30.607  30.7953  0  11.5902  49.6326
1.53  49.9404  0  30.7224  30.7792  0  11.4862  49.9404
1.54  50.2481  0  30.8368  30.7632  0  11.3822  50.2481
1.55  50.5557  0  30.9501  30.7472  0  11.2784  50.5557
1.56  50.8631  0  31.0623  30.7313  0  11.1746  50.8631
1.57  51.1703  0  31.1736  30.7155  0  11.0708  51.1703
1.58  51.4774  0  31.2838  30.6998  0  10.9672  51.4774
1.59  51.7843  0  31.3929  30.6842  0  10.8636  51.7843
1.6  52.0911  0  31.501  30.6686  0  10.7601  52.0911
1.61  52.3977  0  31.6081  30.6531  0  10.6567  52.3977
1.62  52.7041  0  31.7142  30.6376  0  10.5534  52.7041
1.63  53.0104  0  31.8192  30.6223  0  10.4501  53.0104
1.64  53.3166  0  31.9232  30.607  0  10.3469  53.3166
1.65  53.6226  0  32.0261  30.5917  0  10.2438  53.6226
1.66  53.9284  0  32.128  30.5766  0  10.1407  53.9284
1.67  54.2341  0  32.2289  30.5615  0  10.0378  54.2341
1.68  54.5397  0  32.3288  30.5465  0  9.93484  54.5397
1.69  54.845  0  32.4276  30.5315  0  9.832  54.845
1.7  55.1503  0  32.5254  30.5166  0  9.72923  55.1503
1.71  55.4554  0  32.6222  30.5018  0  9.62653  55.4554
1.72  55.7603  0  32.718  30.487  0  9.52389  55.7603
1.73  56.0651  0  32.8127  30.4723  0  9.42132  56.0651
1.74  56.3698  0  32.9064  30.4577  0  9.31882  56.3698
1.75  56.6743  0  32.9991  30.4431  0  9.21639  56.6743
1.76  56.9786  0  33.0907  30.4286  0  9.11402  56.9786
1.77  57.2828  0  33.1814  30.4142  0  9.01172  57.2828
1.78  57.5869  0  33.271  30.3998  0  8.90948  57.5869
1.79  57.8908  0  33.3595  30.3855  0  8.8073  57.8908
1.8  58.1946  0  33.4471  30.3712  0  8.70519  58.1946
1.81  58.4983  0  33.5336  30.357  0  8.60314  58.4983
1.82  58.8018  0  33.6192  30.3429  0  8.50116  58.8018
1.83  59.1051  0  33.7037  30.3288  0  8.39923  59.1051
1.84  59.4083  0  33.7872  30.3147  0  8.29737  59.4083
1.85  59.7114  0  33.8696  30.3008  0  8.19557  59.7114
1.86  60.0144  0  33.9511  30.2869  0  8.09383  60.0144
1.87  60.3172  0  34.0315  30.273  0  7.99215  60.3172
1.88  60.6198  0  34.1109  30.2592  0  7.89053  60.6198
1.89  60.9223  0  34.1893  30.2455  0  7.78897  60.9223
1.9  61.2247  0  34.2667  30.2318  0  7.68746  61.2247
1.91  61.527  0  34.3431  30.2181  0  7.58602  61.527
1.92  61.8291  0  34.4184  30.2045  0  7.48463  61.8291
1.93  62.1311  0  34.4927  30.191  0  7.3833  62.1311
1.94  62.4329  0  34.5661  30.1775  0  7.28202  62.4329
1.95  62.7346  0  34.6384  30.1641  0  7.18081  62.7346
1.96  63.0362  0  34.7097  30.1507  0  7.07964  63.0362
1.97  63.3376  0  34.78  30.1374  0  6.97854  63.3376
1.98  63.6389  0  34.8493  30.1241  0  6.87748  63.6389
1.99  63.9401  0  34.9175  30.1109  0  6.77649  63.9401
2  64.2412  0  34.9848  30.0977  0  6.67554  64.2412
2.01  64.5421  0  35.051  30.0846  0  6.57465  64.5421
2.02  64.8428  0  35.1163  30.0715  0  6.47382  64.8428
2.03  65.1435  0  35.1805  30.0585  0  6.37303  65.1435
2.04  65.444  0  35.2437  30.0455  0  6.2723  65.444
2.05  65.7444  0  35.306  30.0326  0  6.17162  65.7444
2.06  66.0447  0  35.3672  30.0197  0  6.07099  66.0447
2.07  66.3448  0  35.4274  30.0068  0  5.97042  66.3448
2.08  66.6448  0  35.4866  29.994  0  5.86989  66.6448
2.09  66.9447  0  35.5448  29.9813  0  5.76941  66.9447
2.1  67.2444  0  35.602  29.9686  0  5.66899  67.2444
2.11  67.5441  0  35.6582  29.9559  0  5.56861  67.5441
2.12  67.8436  0  35.7133  29.9433  0  5.46829  67.8436
2.13  68.1429  0  35.7675  29.9307  0  5.36801  68.1429
2.14  68.4422  0  35.8207  29.9182  0  5.26778  68.4422
2.15  68.7413  0  35.8729  29.9057  0  5.1676  68.7413
2.16  69.0403  0  35.9241  29.8932  0  5.06747  69.0403
2.17  69.3391  0  35.9742  29.8808  0  4.96738  69.3391
2.18  69.6379  0  36.0234  29.8684  0  4.86735  69.6379
2.19  69.9365  0  36.0716  29.8561  0  4.76736  69.9365
2.2  70.235  0  36.1188  29.8438  0  4.66741  70.235
2.21  70.5334  0  36.1649  29.8315  0  4.56751  70.5334
2.22  70.8316  0  36.2101  29.8193  0  4.46766  70.8316
2.23  71.1298  0  36.2543  29.8071  0  4.36786  71.1298
2.24  71.4278  0  36.2975  29.7949  0  4.2681  71.4278
2.25  71.7257  0  36.3396  29.7828  0  4.16838  71.7257
2.26  72.0234  0  36.3808  29.7708  0  4.06871  72.0234
2.27  72.3211  0  36.421  29.7587  0  3.96909  72.3211
2.28  72.6186  0  36.4602  29.7467  0  3.8695  72.6186
2.29  72.916  0  36.4984  29.7347  0  3.76997  72.916
2.3  73.2133  0  36.5356  29.7228  0  3.67047  73.2133
2.31  73.5105  0  36.5718  29.7109  0  3.57102  73.5105
2.32  73.8075  0  36.607  29.699  0  3.47162  73.8075
2.33  74.1045  0  36.6412  29.6872  0  3.37225  74.1045
2.34  74.4013  0  36.6745  29.6754  0  3.27293  74.4013
2.35  74.698  0  36.7067  29.6636  0  3.17365  74.698
2.36  74.9945  0  36.7379  29.6519  0  3.07441  74.9945
2.37  75.291  0  36.7682  29.6402  0  2.97522  75.291
2.38  75.5874  0  36.7975  29.6285  0  2.87607  75.5874
2.39  75.8836  0  36.8257  29.6168  0  2.77695  75.8836
2.4  76.1797  0  36.853  29.6052  0  2.67788  76.1797
2.41  76.4757  0  36.8793  29.5936  0  2.57885  76.4757
2.42  76.7716  0  36.9046  29.582  0  2.47987  76.7716
2.43  77.0673  0  36.9289  29.5705  0  2.38092  77.0673
2.44  77.363  0  36.9522  29.559  0  2.28201  77.363
2.45  77.6585  0  36.9745  29.5475  0  2.18314  77.6585
2.46  77.9539  0  36.9959  29.5361  0  2.08431  77.9539
2.47  78.2492  0  37.0162  29.5246  0  1.98553  78.2492
2.48  78.5444  0  37.0356  29.5132  0  1.88678  78.5444
2.49  78.8395  0  37.0539  29.5018  0  1.78807  78.8395
2.5  79.1344  0  37.0713  29.4905  0  1.6894  79.1344
2.51  79.4293  0  37.0877  29.4792  0  1.59077  79.4293
2.52  79.724  0  37.1031  29.4678  0  1.49218  79.724
2.53  80.0187  0  37.1176  29.4566  0  1.39363  80.0187
2.54  80.3132  0  37.131  29.4453  0  1.29511  80.3132
2.55  80.6076  0  37.1435  29.4341  0  1.19664  80.6076
2.56  80.9018  0  37.1549  29.4229  0  1.0982  80.9018
2.57  81.196  0  37.1654  29.4117  0  0.999801  81.196
2.58  81.4901  0  37.1749  29.4005  0  0.90144  81.4901
2.59  81.784  0  37.1835  29.3893  0  0.803116  81.784
2.6  82.0779  0  37.191  29.3782  0  0.704831  82.0779
2.61  82.3716  0  37.1976  29.3671  0  0.606583  82.3716
2.62  82.6652  0  37.2031  29.356  0  0.508372  82.6652
2.63  82.9587  0  37.2077  29.3449  0  0.410199  82.9587
2.64  83.2521  0  37.2113  29.3339  0  0.312063  83.2521
2.65  83.5454  0  37.214  29.3228  0  0.213964  83.5454
2.66  83.8386  0  37.2156  29.3118  0  0.115902  83.8386
2.67  84.1316  0  37.2163  29.3008  0  0.0178766  84.1316
2.68  84.4246  0  37.216  29.2898  0  -0.0801117  84.4246
2.69  84.7174  0  37.2147  29.2789  0  -0.178063  84.7174
2.7  85.0102  0  37.2124  29.2679  0  -0.275978  85.0102
2.71  85.3028  0  37.2092  29.257  0  -0.373857  85.3028
2.72  85.5953  0  37.2049  29.2461  0  -0.471699  85.5953
2.73  85.8877  0  37.1997  29.2352  0  -0.569505  85.8877
2.74  86.18  0  37.1935  29.2243  0  -0.667275  86.18
2.75  86.4722  0  37.1864  29.2134  0  -0.765008  86.4722
2.76  86.7643  0  37.1782  29.2025  0  -0.862705  86.7643
2.77  87.0562  0  37.1691  29.1917  0  -0.960367  87.0562
2.78  87.3481  0  37.159  29.1809  0  -1.05799  87.3481
2.79  87.6399  0  37.148  29.17  0  -1.15558  87.6399
2.8  87.9315  0  37.1359  29.1592  0  -1.25313  87.9315
2.81  88.223  0  37.1229  29.1484  0  -1.35065  88.223
2.82  88.5145  0  37.1089  29.1376  0  -1.44813  88.5145
2.83  88.8058  0  37.0939  29.1268  0  -1.54558  88.8058
2.84  89.097  0  37.078  29.1161  0  -1.64299  89.097
2.85  89.3881  0  37.0611  29.1053  0  -1.74037  89.3881
2.86  89.6791  0  37.0432  29.0946  0  -1.83771  89.6791
2.87  89.97  0  37.0243  29.0838  0  -1.93501  89.97
2.88  90.2608  0  37.0045  29.0731  0  -2.03228  90.2608
2.89  90.5515  0  36.9837  29.0624  0  -2.12951  90.5515
2.9  90.842  0  36.9619  29.0517  0  -2.22671  90.842
2.91  91.1325  0  36.9392  29.041  0  -2.32387  91.1325
2.92  91.4229  0  36.9154  29.0303  0  -2.42099  91.4229
2.93  91.7131  0  36.8907  29.0196  0  -2.51808  91.7131
2.94  92.0032  0  36.8651  29.0089  0  -2.61514  92.0032
2.95  92.2933  0  36.8384  28.9982  0  -2.71216  92.2933
2.96  92.5832  0  36.8108  28.9875  0  -2.80914  92.5832
2.97  92.873  0  36.7822  28.9769  0  -2.90609  92.873
2.98  93.1628  0  36.7527  28.9662  0  -3.003  93.1628
2.99  93.4524  0  36.7222  28.9555  0  -3.09988  93.4524
3  93.7419  0  36.6907  28.9449  0  -3.19672  93.7419
3.01  94.0313  0  36.6583  28.9342  0  -3.29353  94.0313
3.02  94.3205  0  36.6248  28.9236  0  -3.3903  94.3205
3.03  94.6097  0  36.5904  28.9129  0  -3.48703  94.6097
3.04  94.8988  0  36.5551  28.9023  0  -3.58373  94.8988
3.05  95.1878  0  36.5188  28.8917  0  -3.68039  95.1878
3.06  95.4766  0  36.4815  28.881  0  -3.77702  95.4766
3.07  95.7654  0  36.4432  28.8704  0  -3.87361  95.7654
3.08  96.054  0  36.404  28.8598  0  -3.97016  96.054
3.09  96.3426  0  36.3638  28.8491  0  -4.06668  96.3426
3.1  96.631  0  36.3227  28.8385  0  -4.16317  96.631
3.11  96.9194  0  36.2806  28.8279  0  -4.25961  96.9194
3.12  97.2076  0  36.2375  28.8172  0  -4.35602  97.2076
3.13  97.4957  0  36.1934  28.8066  0  -4.4524  97.4957
3.14  97.7837  0  36.1484  28.796  0  -4.54874  97.7837
3.15  98.0716  0  36.1025  28.7853  0  -4.64504  98.0716
3.16  98.3594  0  36.0555  28.7747  0  -4.7413  98.3594
3.17  98.6471  0  36.0076  28.764  0  -4.83753  98.6471
3.18  98.9347  0  35.9588  28.7534  0  -4.93373  98.9347
3.19  99.2222  0  35.909  28.7428  0  -5.02988  99.2222
3.2  99.5096  0  35.8582  28.7321  0  -5.126  99.5096
3.21  99.7968  0  35.8065  28.7215  0  -5.22208  99.7968
3.22  100.084  0  35.7538  28.7108  0  -5.31813  100.084
3.23  100.371  0  35.7001  28.7001  0  -5.41413  100.371
3.24  100.658  0  35.6455  28.6895  0  -5.5101  100.658
3.25  100.945  0  35.5899  28.6788  0  -5.60604  100.945
3.26  101.232  0  35.5333  28.6681  0  -5.70193  101.232
3.27  101.518  0  35.4758  28.6575  0  -5.79779  101.518
3.28  101.805  0  35.4174  28.6468  0  -5.89361  101.805
3.29  102.091  0  35.358  28.6361  0  -5.98939  102.091
3.3  102.377  0  35.2976  28.6254  0  -6.08514  102.377
3.31  102.664  0  35.2363  28.6147  0  -6.18084  102.664
3.32  102.95  0  35.174  28.604  0  -6.27651  102.95
3.33  103.236  0  35.1107  28.5933  0  -6.37214  103.236
3.34  103.522  0  35.0465  28.5825  0  -6.46773  103.522
3.35  103.807  0  34.9814  28.5718  0  -6.56328  103.807
3.36  104.093  0  34.9153  28.5611  0  -6.6588  104.093
3.37  104.379  0  34.8482  28.5503  0  -6.75427  104.379
3.38  104.664  0  34.7802  28.5395  0  -6.84971  104.664
3.39  104.949  0  34.7112  28.5288  0  -6.94511  104.949
3.4  105.235  0  34.6413  28.518  0  -7.04046  105.235
3.41  105.52  0  34.5704  28.5072  0  -7.13578  105.52
3.42  105.805  0  34.4986  28.4964  0  -7.23106  105.805
3.43  106.09  0  34.4258  28.4856  0  -7.3263  106.09
3.44  106.374  0  34.3521  28.4748  0  -7.4215  106.374
3.45  106.659  0  34.2774  28.4639  0  -7.51665  106.659
3.46  106.944  0  34.2017  28.4531  0  -7.61177  106.944
3.47  107.228  0  34.1251  28.4422  0  -7.70685  107.228
3.48  107.513  0  34.0476  28.4314  0  -7.80188  107.513
3.49  107.797  0  33.9691  28.4205  0  -7.89688  107.797
3.5  108.081  0  33.8896  28.4096  0  -7.99183  108.081
3.51  108.365  0  33.8093  28.3987  0  -8.08675  108.365
3.52  108.649  0  33.7279  28.3878  0  -8.18162  108.649
3.53  108.933  0  33.6456  28.3768  0  -8.27645  108.933
3.54  109.217  0  33.5624  28.3659  0  -8.37124  109.217
3.55  109.5  0  33.4782  28.3549  0  -8.46598  109.5
3.56  109.784  0  33.3931  28.344  0  -8.56069  109.784
3.57  110.067  0  33.307  28.333  0  -8.65535  110.067
3.58  110.35  0  33.22  28.322  0  -8.74996  110.35
3.59  110.633  0  33.132  28.3109  0  -8.84454  110.633
3.6  110.916  0  33.0431  28.2999  0  -8.93907  110.916
3.61  111.199  0  32.9532  28.2888  0  -9.03356  111.199
3.62  111.482  0  32.8624  28.2778  0  -9.12801  111.482
3.63  111.765  0  32.7706  28.2667  0  -9.22241  111.765
3.64  112.048  0  32.6779  28.2556  0  -9.31677  112.048
3.65  112.33  0  32.5843  28.2444  0  -9.41108  112.33
3.66  112.612  0  32.4897  28.2333  0  -9.50535  112.612
3.67  112.895  0  32.3942  28.2221  0  -9.59957  112.895
3.68  113.177  0  32.2977  28.211  0  -9.69375  113.177
3.69  113.459  0  32.2003  28.1998  0  -9.78788  113.459
3.7  113.741  0  32.102  28.1886  0  -9.88197  113.741
3.71  114.023  0  32.0027  28.1773  0  -9.97602  114.023
3.72  114.304  0  31.9025  28.1661  0  -10.07  114.304
3.73  114.586  0  31.8013  28.1548  0  -10.164  114.586
3.74  114.868  0  31.6992  28.1435  0  -10.2579  114.868
3.75  115.149  0  31.5961  28.1322  0  -10.3517  115.149
3.76  115.43  0  31.4921  28.1209  0  -10.4455  115.43
3.77  115.711  0  31.3872  28.1095  0  -10.5393  115.711
3.78  115.992  0  31.2814  28.0982  0  -10.633  115.992
3.79  116.273  0  31.1746  28.0868  0  -10.7267  116.273
3.8  116.554  0  31.0668  28.0753  0  -10.8203  116.554
3.81  116.835  0  30.9581  28.0639  0  -10.9139  116.835
3.82  117.115  0  30.8485  28.0525  0  -11.0074  117.115
3.83  117.396  0  30.738  28.041  0  -11.1009  117.396
3.84  117.676  0  30.6265  28.0295  0  -11.1943  117.676
3.85  117.956  0  30.5141  28.0179  0  -11.2877  117.956
3.86  118.237  0  30.4008  28.0064  0  -11.381  118.237
3.87  118.517  0  30.2865  27.9948  0  -11.4743  118.517
3.88  118.796  0  30.1713  27.9832  0  -11.5675  118.796
3.89  119.076  0  30.0551  27.9716  0  -11.6607  119.076
3.9  119.356  0  29.9381  27.96  0  -11.7538  119.356
3.91  119.635  0  29.8201  27.9483  0  -11.8469  119.635
3.92  119.915  0  29.7011  27.9366  0  -11.9399  119.915
3.93  120.194  0  29.5813  27.9249  0  -12.0329  120.194
3.94  120.473  0  29.4605  27.9132  0  -12.1258  120.473
3.95  120.752  0  29.3388  27.9014  0  -12.2187  120.752
3.96  121.031  0  29.2161  27.8896  0  -12.3115  121.031
3.97  121.31  0  29.0925  27.8778  0  -12.4043  121.31
3.98  121.589  0  28.968  27.8659  0  -12.497  121.589
3.99  121.868  0  28.8426  27.8541  0  -12.5896  121.868
4  122.146  0  28.7162  27.8422  0  -12.6822  122.146
4.01  122.424  0  28.5889  27.8303  0  -12.7748  122.424
4.02  122.703  0  28.4607  27.8183  0  -12.8673  122.703
4.03  122.981  0  28.3316  27.8063  0  -12.9597  122.981
4.04  123.259  0  28.2015  27.7943  0  -13.0521  123.259
4.05  123.537  0  28.0706  27.7823  0  -13.1444  123.537
4.06  123.814  0  27.9386  27.7703  0  -13.2367  123.814
4.07  124.092  0  27.8058  27.7582  0  -13.3289  124.092
4.08  124.37  0  27.6721  27.7461  0  -13.4211  124.37
4.09  124.647  0  27.5374  27.7339  0  -13.5132  124.647
4.1  124.924  0  27.4018  27.7218  0  -13.6052  124.924
4.11  125.201  0  27.2653  27.7096  0  -13.6972  125.201
4.12  125.478  0  27.1279  27.6973  0  -13.7892  125.478
4.13  125.755  0  26.9895  27.6851  0  -13.8811  125.755
4.14  126.032  0  26.8502  27.6728  0  -13.9729  126.032
4.15  126.309  0  26.7101  27.6605  0  -14.0646  126.309
4.16  126.585  0  26.5689  27.6482  0  -14.1563  126.585
4.17  126.862  0  26.4269  27.6358  0  -14.248  126.862
4.18  127.138  0  26.284  27.6234  0  -14.3396  127.138
4.19  127.414  0  26.1401  27.6109  0  -14.4311  127.414
4.2  127.69  0  25.9954  27.5985  0  -14.5226  127.69
4.21  127.966  0  25.8497  27.586  0  -14.614  127.966
4.22  128.242  0  25.7031  27.5735  0  -14.7053  128.242
4.23  128.518  0  25.5556  27.5609  0  -14.7966  128.518
4.24  128.793  0  25.4072  27.5483  0  -14.8878  128.793
4.25  129.069  0  25.2578  27.5357  0  -14.979  129.069
4.26  129.344  0  25.1076  27.5231  0  -15.0701  129.344
4.27  129.619  0  24.9564  27.5104  0  -15.1611  129.619
4.28  129.894  0  24.8044  27.4977  0  -15.2521  129.894
4.29  130.169  0  24.6514  27.4849  0  -15.343  130.169
4.3  130.444  0  24.4975  27.4721  0  -15.4338  130.444
4.31  130.719  0  24.3427  27.4593  0  -15.5246  130.719
4.32  130.993  0  24.187  27.4465  0  -15.6153  130.993
4.33  131.267  0  24.0304  27.4336  0  -15.706  131.267
4.34  131.542  0  23.8729  27.4207  0  -15.7966  131.542
4.35  131.816  0  23.7145  27.4078  0  -15.8871  131.816
4.36  132.09  0  23.5551  27.3948  0  -15.9775  132.09
4.37  132.364  0  23.3949  27.3818  0  -16.0679  132.364
4.38  132.638  0  23.2338  27.3688  0  -16.1582  132.638
4.39  132.911  0  23.0718  27.3557  0  -16.2485  132.911
4.4  133.185  0  22.9088  27.3426  0  -16.3387  133.185
4.41  133.458  0  22.745  27.3294  0  -16.4288  133.458
4.42  133.731  0  22.5802  27.3162  0  -16.5189  133.731
4.43  134.004  0  22.4146  27.303  0  -16.6089  134.004
4.44  134.277  0  22.2481  27.2898  0  -16.6988  134.277
4.45  134.55  0  22.0806  27.2765  0  -16.7886  134.55
4.46  134.823  0  21.9123  27.2632  0  -16.8784  134.823
4.47  135.095  0  21.7431  27.2499  0  -16.9681  135.095
4.48  135.368  0  21.5729  27.2365  0  -17.0578  135.368
4.49  135.64  0  21.4019  27.223  0  -17.1473  135.64
4.5  135.912  0  21.23  27.2096  0  -17.2368  135.912
4.51  136.184  0  21.0572  27.1961  0  -17.3263  136.184
4.52  136.456  0  20.8835  27.1826  0  -17.4156  136.456
4.53  136.728  0  20.7089  27.169  0  -17.5049  136.728
4.54  137  0  20.5334  27.1554  0  -17.5941  137
4.55  137.271  0  20.357  27.1418  0  -17.6833  137.271
4.56  137.542  0  20.1797  27.1281  0  -17.7723  137.542
4.57  137.814  0  20.0015  27.1144  0  -17.8613  137.814
4.58  138.085  0  19.8225  27.1007  0  -17.9503  138.085
4.59  138.356  0  19.6425  27.0869  0  -18.0391  138.356
4.6  138.626  0  19.4617  27.0731  0  -18.1279  138.626
4.61  138.897  0  19.28  27.0592  0  -18.2166  138.897
4.62  139.168  0  19.0974  27.0453  0  -18.3052  139.168
4.63  139.438  0  18.9139  27.0314  0  -18.3937  139.438
4.64  139.708  0  18.7295  27.0174  0  -18.4822  139.708
4.65  139.978  0  18.5442  27.0034  0  -18.5706  139.978
4.66  140.248  0  18.3581  26.9894  0  -18.6589  140.248
4.67  140.518  0  18.171  26.9753  0  -18.7472  140.518
4.68  140.788  0  17.9831  26.9612  0  -18.8353  140.788
4.69  141.057  0  17.7943  26.9471  0  -18.9234  141.057
4.7  141.327  0  17.6047  26.9329  0  -19.0114  141.327
4.71  141.596  0  17.4141  26.9186  0  -19.0994  141.596
4.72  141.865  0  17.2227  26.9044  0  -19.1872  141.865
4.73  142.134  0  17.0304  26.8901  0  -19.275  142.134
4.74  142.403  0  16.8372  26.8757  0  -19.3627  142.403
4.75  142.672  0  16.6431  26.8614  0  -19.4503  142.672
4.76  142.94  0  16.4482  26.8469  0  -19.5378  142.94
4.77  143.209  0  16.2523  26.8325  0  -19.6253  143.209
4.78  143.477  0  16.0557  26.818  0  -19.7127  143.477
4.79  143.745  0  15.8581  26.8035  0  -19.8  143.745
4.8  144.013  0  15.6597  26.7889  0  -19.8872  144.013
4.81  144.281  0  15.4604  26.7743  0  -19.9743  144.281
4.82  144.548  0  15.2602  26.7596  0  -20.0613  144.548
4.83  144.816  0  15.0591  26.7449  0  -20.1483  144.816
4.84  145.083  0  14.8572  26.7302  0  -20.2352  145.083
4.85  145.35  0  14.6544  26.7154  0  -20.322  145.35
4.86  145.618  0  14.4508  26.7006  0  -20.4087  145.618
4.87  145.885  0  14.2462  26.6858  0  -20.4953  145.885
4.88  146.151  0  14.0409  26.6709  0  -20.5819  146.151
4.89  146.418  0  13.8346  26.656  0  -20.6683  146.418
4.9  146.684  0  13.6275  26.641  0  -20.7547  146.684
4.91  146.951  0  13.4195  26.626  0  -20.841  146.951
4.92  147.217  0  13.2107  26.611  0  -20.9272  147.217
4.93  147.483  0  13.001  26.5959  0  -21.0133  147.483
4.94  147.749  0  12.7904  26.5808  0  -21.0993  147.749
4.95  148.015  0  12.579  26.5656  0  -21.1853  148.015
4.96  148.28  0  12.3667  26.5504  0  -21.2711  148.28
4.97  148.546  0  12.1536  26.5352  0  -21.3569  148.546
4.98  148.811  0  11.9396  26.5199  0  -21.4425  148.811
4.99  149.076  0  11.7247  26.5046  0  -21.5281  149.076
5  149.341  0  11.509  26.4892  0  -21.6136  149.341
5.01  149.606  0  11.2924  26.4738  0  -21.699  149.606
5.02  149.87  0  11.075  26.4584  0  -21.7843  149.87
5.03  150.135  0  10.8568  26.4429  0  -21.8696  150.135
5.04  150.399  0  10.6376  26.4274  0  -21.9547  150.399
5.05  150.663  0  10.4177  26.4118  0  -22.0397  150.663
5.06  150.928  0  10.1968  26.3962  0  -22.1247  150.928
5.07  151.191  0  9.97517  26.3806  0  -22.2096  151.191
5.08  151.455  0  9.75265  26.3649  0  -22.2943  151.455
5.09  151.719  0  9.52928  26.3492  0  -22.379  151.719
5.1  151.982  0  9.30507  26.3334  0  -22.4636  151.982
5.11  152.245  0  9.08001  26.3176  0  -22.5481  152.245
5.12  152.508  0  8.85411  26.3018  0  -22.6325  152.508
5.13  152.771  0  8.62736  26.2859  0  -22.7168  152.771
5.14  153.034  0  8.39977  26.27  0  -22.801  153.034
5.15  153.297  0  8.17134  26.254  0  -22.8851  153.297
5.16  153.559  0  7.94207  26.238  0  -22.9691  153.559
5.17  153.822  0  7.71196  26.222  0  -23.0531  153.822
5.18  154.084  0  7.48101  26.2059  0  -23.1369  154.084
5.19  154.346  0  7.24922  26.1897  0  -23.2206  154.346
5.2  154.608  0  7.0166  26.1736  0  -23.3042  154.608
5.21  154.869  0  6.78314  26.1574  0  -23.3878  154.869
5.22  155.131  0  6.54884  26.1411  0  -23.4712  155.131
5.23  155.392  0  6.31372  26.1248  0  -23.5546  155.392
5.24  155.653  0  6.07775  26.1085  0  -23.6378  155.653
5.25  155.914  0  5.84096  26.0921  0  -23.721  155.914
5.26  156.175  0  5.60333  26.0757  0  -23.804  156.175
5.27  156.436  0  5.36488  26.0593  0  -23.887  156.436
5.28  156.696  0  5.12559  26.0428  0  -23.9698  156.696
5.29  156.957  0  4.88548  26.0263  0  -24.0526  156.957
5.3  157.217  0  4.64454  26.0097  0  -24.1352  157.217
5.31  157.477  0  4.40278  25.9931  0  -24.2178  157.477
5.32  157.737  0  4.16019  25.9764  0  -24.3002  157.737
5.33  157.996  0  3.91677  25.9597  0  -24.3826  157.996
5.34  158.256  0  3.67254  25.943  0  -24.4648  158.256
5.35  158.515  0  3.42748  25.9262  0  -24.547  158.515
5.36  158.774  0  3.1816  25.9094  0  -24.629  158.774
5.37  159.033  0  2.9349  25.8925  0  -24.711  159.033
5.38  159.292  0  2.68738  25.8756  0  -24.7928  159.292
5.39  159.551  0  2.43904  25.8587  0  -24.8746  159.551
5.4  159.809  0  2.18989  25.8417  0  -24.9562  159.809
5.41  160.068  0  1.93992  25.8247  0  -25.0377  160.068
5.42  160.326  0  1.68913  25.8076  0  -25.1191  160.326
5.43  160.584  0  1.43754  25.7905  0  -25.2005  160.584
5.44  160.842  0  1.18513  25.7734  0  -25.2817  160.842
5.45  161.099  0  0.931903  25.7562  0  -25.3628  161.099
5.46  161.357  0  0.677869  25.739  0  -25.4438  161.357
5.47  161.614  0  0.423027  25.7217  0  -25.5247  161.614
5.48  161.871  0  0.167375  25.7044  0  -25.6055  161.871
5.49  162.128  0  -0.0890832  25.6871  0  -25.6862  162.128
