# time  xtii  vtii  xtrue  vtrue  Etii  dE/T  t/T
0  1  0  1  0  0.5  0  0
0  1  -0.1  1  0  0.505  0.0015915  0
0.1  0.99  -0.2  0.995  -0.099833  0.51005  0.003199  0.015915
0.2  0.97  -0.299  0.98007  -0.19867  0.51515  0.0048226  0.031831
0.3  0.9401  -0.396  0.95534  -0.29552  0.5203  0.0064623  0.047746
0.4  0.9005  -0.49001  0.92106  -0.38942  0.52551  0.0081185  0.063662
0.5  0.8515  -0.58006  0.87758  -0.47943  0.53076  0.0097912  0.079577
0.6  0.79349  -0.66521  0.82534  -0.56464  0.53607  0.011481  0.095493
0.7  0.72697  -0.74456  0.76484  -0.64422  0.54143  0.013187  0.11141
0.8  0.65252  -0.81726  0.69671  -0.71736  0.54684  0.01491  0.12732
0.9  0.57079  -0.88251  0.62161  -0.78333  0.55231  0.016651  0.14324
1  0.48254  -0.93959  0.5403  -0.84147  0.55783  0.018409  0.15915
1.1  0.38858  -0.98784  0.4536  -0.89121  0.56341  0.020185  0.17507
1.2  0.2898  -1.0267  0.36236  -0.93204  0.56905  0.021978  0.19099
1.3  0.18713  -1.0557  0.2675  -0.96356  0.57474  0.02379  0.2069
1.4  0.081559  -1.0744  0.16997  -0.98545  0.58048  0.025619  0.22282
1.5  -0.02588  -1.0825  0.070737  -0.99749  0.58629  0.027467  0.23873
1.6  -0.13413  -1.08  -0.0292  -0.99957  0.59215  0.029333  0.25465
1.7  -0.24213  -1.0665  -0.12884  -0.99166  0.59807  0.031218  0.27056
1.8  -0.34879  -1.0423  -0.2272  -0.97385  0.60405  0.033122  0.28648
1.9  -0.45302  -1.0075  -0.32329  -0.9463  0.6101  0.035044  0.30239
2  -0.55376  -0.96215  -0.41615  -0.9093  0.6162  0.036986  0.31831
2.1  -0.64998  -0.90678  -0.50485  -0.86321  0.62236  0.038948  0.33423
2.2  -0.74066  -0.84178  -0.5885  -0.8085  0.62858  0.040929  0.35014
2.3  -0.82483  -0.76771  -0.66628  -0.74571  0.63487  0.04293  0.36606
2.4  -0.90161  -0.68523  -0.73739  -0.67546  0.64122  0.04495  0.38197
2.5  -0.97013  -0.59507  -0.80114  -0.59847  0.64763  0.046992  0.39789
2.6  -1.0296  -0.49806  -0.85689  -0.5155  0.6541  0.049053  0.4138
2.7  -1.0794  -0.39509  -0.90407  -0.42738  0.66065  0.051135  0.42972
2.8  -1.119  -0.28715  -0.94222  -0.33499  0.66725  0.053238  0.44563
2.9  -1.1477  -0.17525  -0.97096  -0.23925  0.67392  0.055362  0.46155
3  -1.1652  -0.060486  -0.98999  -0.14112  0.68066  0.057507  0.47746
3.1  -1.1712  0.056033  -0.99914  -0.041581  0.68747  0.059674  0.49338
3.2  -1.1656  0.17316  -0.99829  0.058374  0.69435  0.061862  0.5093
3.3  -1.1483  0.28972  -0.98748  0.15775  0.70129  0.064072  0.52521
3.4  -1.1193  0.40455  -0.9668  0.25554  0.7083  0.066304  0.54113
3.5  -1.0789  0.51649  -0.93646  0.35078  0.71538  0.068559  0.55704
3.6  -1.0272  0.62438  -0.89676  0.44252  0.72254  0.070836  0.57296
3.7  -0.96481  0.7271  -0.8481  0.52984  0.72976  0.073136  0.58887
3.8  -0.8921  0.82358  -0.79097  0.61186  0.73706  0.075459  0.60479
3.9  -0.80974  0.91279  -0.72593  0.68777  0.74443  0.077805  0.6207
4  -0.71846  0.99376  -0.65364  0.7568  0.75188  0.080175  0.63662
4.1  -0.61908  1.0656  -0.57482  0.81828  0.75939  0.082568  0.65254
4.2  -0.51252  1.1275  -0.49026  0.87158  0.76699  0.084985  0.66845
4.3  -0.39977  1.1788  -0.4008  0.91617  0.77466  0.087427  0.68437
4.4  -0.28189  1.2187  -0.30733  0.9516  0.78241  0.089892  0.70028
4.5  -0.16002  1.2469  -0.2108  0.97753  0.79023  0.092383  0.7162
4.6  -0.035324  1.2629  -0.11215  0.99369  0.79813  0.094898  0.73211
4.7  0.09097  1.2665  -0.012389  0.99992  0.80611  0.097439  0.74803
4.8  0.21762  1.2574  0.087499  0.99616  0.81417  0.1  0.76394
4.9  0.34335  1.2356  0.18651  0.98245  0.82232  0.1026  0.77986
5  0.46692  1.2013  0.28366  0.95892  0.83054  0.10521  0.79577
5.1  0.58704  1.1546  0.37798  0.92581  0.83884  0.10786  0.81169
5.2  0.7025  1.0959  0.46852  0.88345  0.84723  0.11053  0.82761
5.3  0.81209  1.0256  0.55437  0.83227  0.85571  0.11322  0.84352
5.4  0.91465  0.94442  0.63469  0.77276  0.86426  0.11595  0.85944
5.5  1.0091  0.85296  0.70867  0.70554  0.8729  0.1187  0.87535
5.6  1.0944  0.75205  0.77557  0.63127  0.88163  0.12148  0.89127
5.7  1.1696  0.64261  0.83471  0.55069  0.89045  0.12428  0.90718
5.8  1.2339  0.52565  0.88552  0.4646  0.89935  0.12712  0.9231
5.9  1.2864  0.40226  0.92748  0.37388  0.90835  0.12998  0.93901
6  1.3266  0.27362  0.96017  0.27942  0.91743  0.13287  0.95493
6.1  1.354  0.14096  0.98327  0.18216  0.92661  0.13579  0.97085
6.2  1.3681  0.0055548  0.99654  0.083089  0.93587  0.13874  0.98676
6.3  1.3687  -0.13126  0.99986  -0.016814  0.94523  0.14172  1.0027
6.4  1.3555  -0.26812  0.99318  -0.11655  0.95468  0.14473  1.0186
6.5  1.3287  -0.40368  0.97659  -0.21512  0.96423  0.14777  1.0345
6.6  1.2884  -0.53655  0.95023  -0.31154  0.97387  0.15084  1.0504
6.7  1.2347  -0.66538  0.91438  -0.40485  0.98361  0.15394  1.0663
6.8  1.1682  -0.78885  0.8694  -0.49411  0.99345  0.15707  1.0823
6.9  1.0893  -0.90567  0.81573  -0.57844  1.0034  0.16023  1.0982
7  0.99871  -1.0146  0.7539  -0.65699  1.0134  0.16343  1.1141
7.1  0.89725  -1.1145  0.68455  -0.72897  1.0235  0.16665  1.13
7.2  0.7858  -1.2042  0.60835  -0.79367  1.0338  0.16991  1.1459
7.3  0.66538  -1.2828  0.52608  -0.85044  1.0441  0.1732  1.1618
7.4  0.53711  -1.3493  0.43855  -0.89871  1.0546  0.17652  1.1777
7.5  0.40218  -1.403  0.34664  -0.938  1.0651  0.17988  1.1937
7.6  0.26187  -1.4432  0.25126  -0.96792  1.0758  0.18327  1.2096
7.7  0.11755  -1.4694  0.15337  -0.98817  1.0865  0.18669  1.2255
7.8  -0.029393  -1.4812  0.053955  -0.99854  1.0974  0.19015  1.2414
7.9  -0.17751  -1.4782  -0.046002  -0.99894  1.1084  0.19365  1.2573
8  -0.32534  -1.4605  -0.1455  -0.98936  1.1194  0.19717  1.2732
8.1  -0.47139  -1.428  -0.24354  -0.96989  1.1306  0.20074  1.2892
8.2  -0.61418  -1.3808  -0.33915  -0.94073  1.1419  0.20434  1.3051
8.3  -0.75226  -1.3194  -0.43138  -0.90217  1.1534  0.20797  1.321
8.4  -0.8842  -1.2442  -0.51929  -0.8546  1.1649  0.21164  1.3369
8.5  -1.0086  -1.1558  -0.60201  -0.79849  1.1765  0.21535  1.3528
8.6  -1.1242  -1.0549  -0.67872  -0.7344  1.1883  0.2191  1.3687
8.7  -1.2297  -0.94247  -0.74865  -0.66297  1.2002  0.22288  1.3846
8.8  -1.3239  -0.81951  -0.81109  -0.58492  1.2122  0.2267  1.4006
8.9  -1.4059  -0.68711  -0.86544  -0.50102  1.2243  0.23056  1.4165
9  -1.4746  -0.54652  -0.91113  -0.41212  1.2366  0.23445  1.4324
9.1  -1.5292  -0.39906  -0.94772  -0.3191  1.2489  0.23839  1.4483
9.2  -1.5692  -0.24614  -0.97484  -0.22289  1.2614  0.24237  1.4642
9.3  -1.5938  -0.089224  -0.99223  -0.12445  1.274  0.24638  1.4801
9.4  -1.6027  0.070153  -0.99969  -0.024775  1.2868  0.25044  1.4961
9.5  -1.5957  0.23042  -0.99717  0.075151  1.2996  0.25453  1.512
9.6  -1.5726  0.38999  -0.98469  0.17433  1.3126  0.25867  1.5279
9.7  -1.5336  0.54725  -0.96236  0.27176  1.3258  0.26285  1.5438
9.8  -1.4789  0.70062  -0.93043  0.36648  1.339  0.26707  1.5597
9.9  -1.4088  0.84851  -0.88919  0.45754  1.3524  0.27133  1.5756
10  -1.324  0.98939  -0.83907  0.54402  1.3659  0.27563  1.5915
10.1  -1.2251  1.1218  -0.78057  0.62507  1.3796  0.27998  1.6075
10.2  -1.1129  1.2443  -0.71427  0.69987  1.3934  0.28437  1.6234
10.3  -0.98845  1.3556  -0.64083  0.76769  1.4073  0.28881  1.6393
10.4  -0.85289  1.4544  -0.56098  0.82783  1.4214  0.29329  1.6552
10.5  -0.70745  1.5397  -0.47554  0.8797  1.4356  0.29781  1.6711
10.6  -0.55348  1.6105  -0.38534  0.92278  1.45  0.30238  1.687
10.7  -0.39243  1.6658  -0.29129  0.95664  1.4645  0.307  1.703
10.8  -0.22585  1.7051  -0.19433  0.98094  1.4791  0.31166  1.7189
10.9  -0.055342  1.7276  -0.095429  0.99544  1.4939  0.31637  1.7348
11  0.11742  1.7332  0.0044257  0.99999  1.5088  0.32112  1.7507
11.1  0.29074  1.7214  0.10424  0.99455  1.5239  0.32593  1.7666
11.2  0.46288  1.6924  0.203  0.97918  1.5392  0.33078  1.7825
11.3  0.63212  1.6461  0.29975  0.95402  1.5546  0.33568  1.7985
11.4  0.79672  1.5829  0.39349  0.91933  1.5701  0.34062  1.8144
11.5  0.95501  1.5032  0.4833  0.87545  1.5858  0.34562  1.8303
11.6  1.1053  1.4077  0.56829  0.82283  1.6017  0.35067  1.8462
11.7  1.2461  1.2972  0.6476  0.76198  1.6177  0.35577  1.8621
11.8  1.3758  1.1725  0.72043  0.69353  1.6339  0.36092  1.878
11.9  1.4931  1.035  0.78607  0.61814  1.6502  0.36612  1.8939
12  1.5966  0.88565  0.84385  0.53657  1.6667  0.37137  1.9099
12.1  1.6851  0.726  0.89321  0.44965  1.6834  0.37668  1.9258
12.2  1.7577  0.55748  0.93363  0.35823  1.7002  0.38203  1.9417
12.3  1.8135  0.38171  0.96473  0.26323  1.7172  0.38745  1.9576
12.4  1.8516  0.20036  0.98619  0.1656  1.7344  0.39291  1.9735
12.5  1.8717  0.015199  0.9978  0.066322  1.7517  0.39843  1.9894
12.6  1.8732  -0.17197  0.99943  -0.033623  1.7692  0.40401  2.0054
12.7  1.856  -0.35929  0.99108  -0.13323  1.7869  0.40964  2.0213
12.8  1.8201  -0.54489  0.97283  -0.23151  1.8048  0.41533  2.0372
12.9  1.7656  -0.7269  0.94486  -0.32747  1.8228  0.42107  2.0531
13  1.6929  -0.90346  0.90745  -0.42017  1.8411  0.42688  2.069
13.1  1.6026  -1.0727  0.86097  -0.50866  1.8595  0.43274  2.0849
13.2  1.4953  -1.233  0.80588  -0.59207  1.8781  0.43865  2.1008
13.3  1.372  -1.3825  0.74275  -0.66957  1.8969  0.44463  2.1168
13.4  1.2337  -1.5197  0.67219  -0.74038  1.9158  0.45067  2.1327
13.5  1.0818  -1.6431  0.59492  -0.80378  1.935  0.45677  2.1486
13.6  0.91744  -1.7513  0.5117  -0.85916  1.9543  0.46293  2.1645
13.7  0.74231  -1.843  0.42337  -0.90595  1.9739  0.46915  2.1804
13.8  0.55801  -1.9173  0.33081  -0.9437  1.9936  0.47543  2.1963
13.9  0.36629  -1.9731  0.23495  -0.97201  2.0135  0.48178  2.2123
14  0.16898  -2.0097  0.13674  -0.99061  2.0337  0.48819  2.2282
14.1  -0.031986  -2.0266  0.037158  -0.99931  2.054  0.49466  2.2441
14.2  -0.23464  -2.0234  -0.062792  -0.99803  2.0746  0.5012  2.26
14.3  -0.43698  -1.9999  -0.16211  -0.98677  2.0953  0.5078  2.2759
14.4  -0.63697  -1.9562  -0.25982  -0.96566  2.1163  0.51447  2.2918
14.5  -0.83259  -1.8925  -0.35492  -0.9349  2.1374  0.52121  2.3077
14.6  -1.0218  -1.8093  -0.44648  -0.89479  2.1588  0.52801  2.3237
14.7  -1.2028  -1.7071  -0.53358  -0.84575  2.1804  0.53488  2.3396
14.8  -1.3735  -1.5868  -0.61535  -0.78825  2.2022  0.54182  2.3555
14.9  -1.5322  -1.4495  -0.69097  -0.72288  2.2242  0.54883  2.3714
15  -1.6771  -1.2962  -0.75969  -0.65029  2.2465  0.55591  2.3873
15.1  -1.8067  -1.1285  -0.82081  -0.5712  2.2689  0.56306  2.4032
15.2  -1.9196  -0.94785  -0.87374  -0.4864  2.2916  0.57029  2.4192
15.3  -2.0144  -0.75589  -0.91793  -0.39674  2.3145  0.57758  2.4351
15.4  -2.09  -0.55446  -0.95295  -0.30312  2.3377  0.58495  2.451
15.5  -2.1454  -0.34546  -0.97845  -0.20647  2.361  0.59239  2.4669
15.6  -2.1799  -0.13092  -0.99418  -0.10775  2.3847  0.5999  2.4828
15.7  -2.193  0.087074  -0.99997  -0.0079632  2.4085  0.6075  2.4987
15.8  -2.1843  0.30638  -0.99577  0.091907  2.4326  0.61516  2.5146
15.9  -2.1537  0.52481  -0.98162  0.19086  2.4569  0.6229  2.5306
16  -2.1012  0.74018  -0.95766  0.2879  2.4815  0.63073  2.5465
16.1  -2.0272  0.9503  -0.92413  0.38207  2.5063  0.63862  2.5624
16.2  -1.9322  1.153  -0.88137  0.47242  2.5314  0.6466  2.5783
16.3  -1.8169  1.3462  -0.82981  0.55805  2.5567  0.65466  2.5942
16.4  -1.6822  1.5279  -0.76995  0.63811  2.5822  0.6628  2.6101
16.5  -1.5294  1.6961  -0.7024  0.71179  2.6081  0.67102  2.6261
16.6  -1.3598  1.8491  -0.62783  0.77835  2.6341  0.67932  2.642
16.7  -1.1749  1.9851  -0.54699  0.83714  2.6605  0.6877  2.6579
16.8  -0.97642  2.1026  -0.46068  0.88757  2.6871  0.69617  2.6738
16.9  -0.76616  2.2002  -0.36977  0.92912  2.714  0.70473  2.6897
17  -0.54614  2.2768  -0.27516  0.9614  2.7411  0.71336  2.7056
17.1  -0.31845  2.3314  -0.17781  0.98407  2.7685  0.72209  2.7215
17.2  -0.085311  2.3633  -0.078678  0.9969  2.7962  0.7309  2.7375
17.3  0.15102  2.3718  0.021239  0.99977  2.8242  0.7398  2.7534
17.4  0.3882  2.3567  0.12094  0.99266  2.8524  0.74879  2.7693
17.5  0.62387  2.3179  0.21944  0.97563  2.8809  0.75787  2.7852
17.6  0.85566  2.2555  0.31574  0.94884  2.9097  0.76704  2.8011
17.7  1.0812  2.1699  0.40889  0.91258  2.9388  0.7763  2.817
17.8  1.2982  2.0618  0.49796  0.8672  2.9682  0.78566  2.833
17.9  1.5044  1.932  0.58204  0.81316  2.9979  0.79511  2.8489
18  1.6976  1.7816  0.66032  0.75099  3.0279  0.80465  2.8648
18.1  1.8757  1.6118  0.73199  0.68131  3.0582  0.81429  2.8807
18.2  2.0369  1.4242  0.79635  0.60483  3.0887  0.82402  2.8966
18.3  2.1793  1.2205  0.85276  0.52231  3.1196  0.83385  2.9125
18.4  2.3014  1.0026  0.90064  0.43457  3.1508  0.84378  2.9285
18.5  2.4017  0.77246  0.93952  0.34248  3.1823  0.85381  2.9444
18.6  2.4789  0.53229  0.96902  0.24697  3.2142  0.86394  2.9603
18.7  2.5321  0.2844  0.98884  0.149  3.2463  0.87417  2.9762
18.8  2.5606  0.031191  0.99877  0.049536  3.2788  0.88451  2.9921
18.9  2.5637  -0.22487  0.99873  -0.050423  3.3115  0.89494  3.008
19  2.5412  -0.48124  0.9887  -0.14988  3.3447  0.90548  3.0239
19.1  2.4931  -0.73536  0.9688  -0.24783  3.3781  0.91613  3.0399
19.2  2.4195  -0.98467  0.93922  -0.34331  3.4119  0.92688  3.0558
19.3  2.3211  -1.2266  0.90025  -0.43537  3.446  0.93774  3.0717
19.4  2.1984  -1.4587  0.85229  -0.52307  3.4805  0.94871  3.0876
19.5  2.0525  -1.6786  0.79581  -0.60554  3.5153  0.95979  3.1035
19.6  1.8847  -1.8838  0.73139  -0.68196  3.5504  0.97098  3.1194
19.7  1.6963  -2.0723  0.65965  -0.75157  3.5859  0.98228  3.1354
19.8  1.4891  -2.2419  0.58132  -0.81367  3.6218  0.9937  3.1513
19.9  1.2649  -2.3908  0.49719  -0.86764  3.658  1.0052  3.1672
20  1.0258  -2.5173  0.40808  -0.91295  3.6946  1.0169  3.1831
20.1  0.77407  -2.6199  0.3149  -0.94912  3.7315  1.0286  3.199
20.2  0.51208  -2.6973  0.21857  -0.97582  3.7689  1.0405  3.2149
20.3  0.24235  -2.7485  0.12006  -0.99277  3.8065  1.0525  3.2308
20.4  -0.032502  -2.7728  0.020351  -0.99979  3.8446  1.0646  3.2468
20.5  -0.30978  -2.7695  -0.079564  -0.99683  3.8831  1.0769  3.2627
20.6  -0.58673  -2.7385  -0.17868  -0.98391  3.9219  1.0892  3.2786
20.7  -0.86058  -2.6799  -0.27602  -0.96115  3.9611  1.1017  3.2945
20.8  -1.1286  -2.5938  -0.37059  -0.9288  4.0007  1.1143  3.3104
20.9  -1.3879  -2.4809  -0.46147  -0.88716  4.0407  1.127  3.3263
21  -1.636  -2.3421  -0.54773  -0.83666  4.0811  1.1399  3.3423
21.1  -1.8703  -2.1785  -0.62852  -0.77779  4.1219  1.1529  3.3582
21.2  -2.0881  -1.9915  -0.70303  -0.71116  4.1632  1.166  3.3741
21.3  -2.2873  -1.7827  -0.77051  -0.63742  4.2048  1.1793  3.39
21.4  -2.4655  -1.554  -0.8303  -0.55732  4.2468  1.1927  3.4059
21.5  -2.6209  -1.3074  -0.88179  -0.47164  4.2893  1.2062  3.4218
21.6  -2.7517  -1.0453  -0.92447  -0.38125  4.3322  1.2198  3.4377
21.7  -2.8562  -0.77016  -0.95791  -0.28705  4.3755  1.2336  3.4537
21.8  -2.9332  -0.48454  -0.98179  -0.18999  4.4193  1.2475  3.4696
21.9  -2.9817  -0.19122  -0.99585  -0.091022  4.4635  1.2616  3.4855
22  -3.0008  0.10694  -0.99996  0.0088513  4.5081  1.2758  3.5014
22.1  -2.9901  0.40702  -0.99408  0.10864  4.5532  1.2902  3.5173
22.2  -2.9494  0.70603  -0.97827  0.20734  4.5987  1.3047  3.5332
22.3  -2.8788  1.001  -0.95268  0.30396  4.6447  1.3193  3.5492
22.4  -2.7787  1.2889  -0.91758  0.39756  4.6911  1.3341  3.5651
22.5  -2.6498  1.5667  -0.8733  0.48717  4.7381  1.349  3.581
22.6  -2.4931  1.8317  -0.82031  0.57193  4.7854  1.3641  3.5969
22.7  -2.31  2.081  -0.75911  0.65096  4.8333  1.3793  3.6128
22.8  -2.1019  2.312  -0.69033  0.72349  4.8816  1.3947  3.6287
22.9  -1.8707  2.5222  -0.61465  0.7888  4.9304  1.4103  3.6446
23  -1.6184  2.7093  -0.53283  0.84622  4.9797  1.4259  3.6606
23.1  -1.3475  2.8711  -0.44569  0.89519  5.0295  1.4418  3.6765
23.2  -1.0604  3.0059  -0.35409  0.93521  5.0798  1.4578  3.6924
23.3  -0.75982  3.1119  -0.25896  0.96589  5.1306  1.474  3.7083
23.4  -0.44863  3.1879  -0.16124  0.98692  5.1819  1.4903  3.7242
23.5  -0.12984  3.2327  -0.061905  0.99808  5.2338  1.5068  3.7401
23.6  0.19343  3.2457  0.038046  0.99928  5.2861  1.5235  3.7561
23.7  0.51801  3.2264  0.13762  0.99049  5.339  1.5403  3.772
23.8  0.84065  3.1746  0.23581  0.9718  5.3924  1.5573  3.7879
23.9  1.1581  3.0905  0.33165  0.9434  5.4463  1.5744  3.8038
24  1.4672  2.9747  0.42418  0.90558  5.5007  1.5918  3.8197
24.1  1.7646  2.828  0.51247  0.85871  5.5557  1.6093  3.8356
24.2  2.0474  2.6515  0.59563  0.80326  5.6113  1.627  3.8515
24.3  2.3126  2.4468  0.67285  0.73978  5.6674  1.6448  3.8675
24.4  2.5573  2.2155  0.74334  0.66891  5.7241  1.6629  3.8834
24.5  2.7788  1.9598  0.80641  0.59136  5.7813  1.6811  3.8993
24.6  2.9748  1.6819  0.86142  0.5079  5.8391  1.6995  3.9152
24.7  3.143  1.3844  0.90782  0.41936  5.8975  1.7181  3.9311
24.8  3.2814  1.0701  0.94515  0.32664  5.9565  1.7369  3.947
24.9  3.3884  0.74201  0.97304  0.23065  6.0161  1.7558  3.963
25  3.4626  0.40316  0.9912  0.13235  6.0762  1.775  3.9789
25.1  3.503  0.056896  0.99946  0.032735  6.137  1.7943  3.9948
25.2  3.5087  -0.2934  0.99774  -0.067208  6.1984  1.8138  4.0107
25.3  3.4793  -0.64427  0.98604  -0.16648  6.2604  1.8336  4.0266
25.4  3.4149  -0.9922  0.9645  -0.26409  6.323  1.8535  4.0425
25.5  3.3157  -1.3337  0.93332  -0.35906  6.3862  1.8736  4.0585
25.6  3.1823  -1.6653  0.89281  -0.45044  6.45  1.894  4.0744
25.7  3.0158  -1.9835  0.84338  -0.53732  6.5146  1.9145  4.0903
25.8  2.8174  -2.2851  0.78552  -0.61884  6.5797  1.9352  4.1062
25.9  2.5889  -2.5668  0.71982  -0.69416  6.6455  1.9562  4.1221
26  2.3322  -2.8257  0.64692  -0.76256  6.7119  1.9773  4.138
26.1  2.0497  -3.0589  0.56756  -0.82333  6.7791  1.9987  4.1539
26.2  1.7438  -3.2639  0.48253  -0.87588  6.8469  2.0203  4.1699
26.3  1.4174  -3.4383  0.39267  -0.91968  6.9153  2.0421  4.1858
26.4  1.0736  -3.58  0.2989  -0.95429  6.9845  2.0641  4.2017
26.5  0.71556  -3.6874  0.20214  -0.97936  7.0543  2.0863  4.2176
26.6  0.34683  -3.7589  0.10335  -0.99464  7.1249  2.1088  4.2335
26.7  -0.029065  -3.7936  0.0035375  -0.99999  7.1961  2.1314  4.2494
26.8  -0.40842  -3.7907  -0.096313  -0.99535  7.2681  2.1543  4.2654
26.9  -0.78749  -3.7498  -0.1952  -0.98076  7.3408  2.1775  4.2813
27  -1.1625  -3.6711  -0.29214  -0.95638  7.4142  2.2008  4.2972
27.1  -1.5296  -3.5549  -0.38616  -0.92243  7.4883  2.2244  4.3131
27.2  -1.8851  -3.4019  -0.47632  -0.87927  7.5632  2.2483  4.329
27.3  -2.2253  -3.2134  -0.56172  -0.82733  7.6388  2.2724  4.3449
27.4  -2.5466  -2.9909  -0.64151  -0.76712  7.7152  2.2967  4.3608
27.5  -2.8457  -2.7362  -0.71489  -0.69924  7.7924  2.3212  4.3768
27.6  -3.1193  -2.4516  -0.78112  -0.62438  7.8703  2.346  4.3927
27.7  -3.3645  -2.1397  -0.83955  -0.54328  7.949  2.3711  4.4086
27.8  -3.5784  -1.8033  -0.8896  -0.45675  8.0285  2.3964  4.4245
27.9  -3.7588  -1.4454  -0.93075  -0.36565  8.1088  2.4219  4.4404
28  -3.9033  -1.0695  -0.96261  -0.27091  8.1899  2.4478  4.4563
28.1  -4.0103  -0.6792  -0.98484  -0.17345  8.2718  2.4738  4.4723
28.2  -4.0782  -0.27818  -0.99724  -0.074265  8.3545  2.5002  4.4882
28.3  -4.106  0.12964  -0.99967  0.025663  8.438  2.5267  4.5041
28.4  -4.093  0.54024  -0.99211  0.12534  8.5224  2.5536  4.52
28.5  -4.039  0.94955  -0.97465  0.22376  8.6076  2.5807  4.5359
28.6  -3.9441  1.3534  -0.94744  0.31994  8.6937  2.6081  4.5518
28.7  -3.8087  1.7479  -0.91076  0.41293  8.7806  2.6358  4.5677
28.8  -3.6339  2.1287  -0.86499  0.50179  8.8684  2.6638  4.5837
28.9  -3.4211  2.4921  -0.81057  0.58564  8.9571  2.692  4.5996
29  -3.1718  2.8342  -0.74806  0.66363  9.0467  2.7205  4.6155
29.1  -2.8884  3.1514  -0.67807  0.735  9.1372  2.7493  4.6314
29.2  -2.5733  3.4402  -0.6013  0.79902  9.2285  2.7784  4.6473
29.3  -2.2293  3.6976  -0.51853  0.85506  9.3208  2.8078  4.6632
29.4  -1.8595  3.9205  -0.43058  0.90255  9.414  2.8374  4.6792
29.5  -1.4674  4.1064  -0.33832  0.94103  9.5082  2.8674  4.6951
29.6  -1.0568  4.2532  -0.24268  0.97011  9.6032  2.8977  4.711
29.7  -0.63148  4.3589  -0.14462  0.98949  9.6993  2.9282  4.7269
29.8  -0.19559  4.422  -0.045115  0.99898  9.7963  2.9591  4.7428
29.9  0.24661  4.4416  0.054842  0.9985  9.8942  2.9903  4.7587
30  0.69077  4.4169  0.15425  0.98803  9.9932  3.0218  4.7746
30.1  1.1325  4.3478  0.25212  0.9677  10.093  3.0536  4.7906
30.2  1.5672  4.2346  0.34747  0.93769  10.194  3.0857  4.8065
30.3  1.9907  4.0779  0.43935  0.89832  10.296  3.1182  4.8224
30.4  2.3985  3.8788  0.52683  0.84997  10.399  3.1509  4.8383
30.5  2.7864  3.639  0.60906  0.79313  10.503  3.184  4.8542
30.6  3.1503  3.3603  0.68519  0.72836  10.608  3.2175  4.8701
30.7  3.4863  3.0453  0.75449  0.65632  10.714  3.2512  4.8861
30.8  3.7908  2.6967  0.81624  0.57772  10.821  3.2853  4.902
30.9  4.0605  2.3176  0.86984  0.49334  10.929  3.3198  4.9179
31  4.2923  1.9115  0.91474  0.40404  11.039  3.3546  4.9338
31.1  4.4834  1.4823  0.95051  0.3107  11.149  3.3897  4.9497
31.2  4.6316  1.034  0.97678  0.21425  11.261  3.4252  4.9656
31.3  4.735  0.5708  0.99329  0.11567  11.373  3.461  4.9815
31.4  4.7921  0.097298  0.99987  0.015926  11.487  3.4972  4.9975
31.5  4.8018  -0.38191  0.99647  -0.083974  11.602  3.5338  5.0134
31.6  4.7636  -0.8621  0.98311  -0.18304  11.718  3.5707  5.0293
31.7  4.6774  -1.3385  0.95992  -0.28027  11.835  3.608  5.0452
31.8  4.5436  -1.8062  0.92715  -0.3747  11.953  3.6457  5.0611
31.9  4.363  -2.2606  0.88511  -0.46539  12.073  3.6838  5.077
32  4.1369  -2.6969  0.83422  -0.55143  12.194  3.7222  5.093
32.1  3.8672  -3.1106  0.775  -0.63196  12.316  3.761  5.1089
32.2  3.5562  -3.4973  0.70804  -0.70617  12.439  3.8002  5.1248
32.3  3.2064  -3.8529  0.63401  -0.77333  12.563  3.8398  5.1407
32.4  2.8212  -4.1735  0.55363  -0.83276  12.689  3.8798  5.1566
32.5  2.4038  -4.4557  0.46773  -0.88387  12.816  3.9202  5.1725
32.6  1.9582  -4.696  0.37716  -0.92615  12.944  3.961  5.1885
32.7  1.4886  -4.8919  0.28281  -0.95918  13.073  4.0022  5.2044
32.8  0.99945  -5.0407  0.18564  -0.98262  13.204  4.0438  5.2203
32.9  0.49538  -5.1407  0.086614  -0.99624  13.336  4.0858  5.2362
33  -0.018691  -5.1902  -0.013277  -0.99991  13.469  4.1283  5.2521
33.1  -0.53771  -5.1883  -0.11304  -0.99359  13.604  4.1711  5.268
33.2  -1.0565  -5.1346  -0.21166  -0.97734  13.74  4.2144  5.2839
33.3  -1.57  -5.0289  -0.30818  -0.95133  13.877  4.2582  5.2999
33.4  -2.0729  -4.8719  -0.40161  -0.91581  14.016  4.3023  5.3158
33.5  -2.5601  -4.6646  -0.49103  -0.87114  14.156  4.347  5.3317
33.6  -3.0265  -4.4086  -0.57555  -0.81777  14.298  4.392  5.3476
33.7  -3.4674  -4.106  -0.65432  -0.75622  14.441  4.4375  5.3635
33.8  -3.878  -3.7592  -0.72654  -0.68712  14.585  4.4835  5.3794
33.9  -4.2539  -3.3714  -0.79151  -0.61116  14.731  4.5299  5.3954
34  -4.5911  -2.946  -0.84857  -0.52908  14.878  4.5768  5.4113
34.1  -4.8857  -2.4869  -0.89715  -0.44172  15.027  4.6242  5.4272
34.2  -5.1344  -1.9984  -0.93677  -0.34995  15.178  4.672  5.4431
34.3  -5.3342  -1.4849  -0.96702  -0.25468  15.329  4.7203  5.459
34.4  -5.4827  -0.9515  -0.98762  -0.15687  15.483  4.7691  5.4749
34.5  -5.5778  -0.40323  -0.99835  -0.057487  15.637  4.8184  5.4908
34.6  -5.6182  0.15456  -0.9991  0.042468  15.794  4.8682  5.5068
34.7  -5.6027  0.71637  -0.98987  0.142  15.952  4.9184  5.5227
34.8  -5.5311  1.2766  -0.97075  0.24011  16.111  4.9692  5.5386
34.9  -5.4034  1.8297  -0.94192  0.33582  16.272  5.0205  5.5545
35  -5.2204  2.3701  -0.90369  0.42818  16.435  5.0723  5.5704
35.1  -4.9834  2.8921  -0.85643  0.51626  16.599  5.1246  5.5863
35.2  -4.6942  3.3905  -0.80061  0.59918  16.765  5.1775  5.6023
35.3  -4.3552  3.8599  -0.73679  0.67612  16.933  5.2308  5.6182
35.4  -3.9692  4.2954  -0.66561  0.7463  17.102  5.2847  5.6341
35.5  -3.5396  4.6923  -0.58778  0.80902  17.273  5.3392  5.65
35.6  -3.0704  5.0463  -0.50408  0.86366  17.446  5.3941  5.6659
35.7  -2.5658  5.3533  -0.41534  0.90967  17.621  5.4497  5.6818
35.8  -2.0304  5.6099  -0.32245  0.94659  17.797  5.5058  5.6977
35.9  -1.4694  5.8129  -0.22634  0.97405  17.975  5.5624  5.7137
36  -0.88815  5.9599  -0.12796  0.99178  18.155  5.6196  5.7296
36.1  -0.29216  6.0487  -0.028312  0.9996  18.336  5.6774  5.7455
36.2  0.31271  6.0779  0.071623  0.99743  18.519  5.7358  5.7614
36.3  0.92051  6.0467  0.17084  0.9853  18.705  5.7947  5.7773
36.4  1.5252  5.9546  0.26835  0.96332  18.892  5.8543  5.7932
36.5  2.1206  5.8021  0.36319  0.93172  19.081  5.9144  5.8092
36.6  2.7008  5.59  0.45439  0.8908  19.271  5.9751  5.8251
36.7  3.2598  5.3199  0.54105  0.84099  19.464  6.0365  5.841
36.8  3.7918  4.994  0.62231  0.78277  19.659  6.0984  5.8569
36.9  4.2912  4.6148  0.69734  0.71674  19.855  6.161  5.8728
37  4.7527  4.1856  0.76541  0.64354  20.054  6.2242  5.8887
37.1  5.1713  3.7104  0.82584  0.56391  20.254  6.288  5.9046
37.2  5.5423  3.1932  0.87801  0.47865  20.457  6.3525  5.9206
37.3  5.8616  2.639  0.92141  0.3886  20.662  6.4176  5.9365
37.4  6.1255  2.0529  0.9556  0.29467  20.868  6.4834  5.9524
37.5  6.3308  1.4403  0.98024  0.1978  21.077  6.5498  5.9683
37.6  6.4749  0.80722  0.99509  0.09895  21.288  6.6169  5.9842
37.7  6.5556  0.15973  1  -0.00088816  21.501  6.6847  6.0001
37.8  6.5715  -0.49582  0.99492  -0.10072  21.716  6.7531  6.0161
37.9  6.522  -1.153  0.97989  -0.19954  21.933  6.8222  6.032
38  6.4067  -1.8052  0.95507  -0.29637  22.152  6.8921  6.0479
38.1  6.2262  -2.4458  0.92071  -0.39024  22.374  6.9626  6.0638
38.2  5.9816  -3.0685  0.87716  -0.4802  22.597  7.0338  6.0797
38.3  5.6747  -3.6666  0.82483  -0.56538  22.823  7.1057  6.0956
38.4  5.3081  -4.2341  0.76427  -0.6449  23.051  7.1784  6.1115
38.5  4.8847  -4.7649  0.69607  -0.71797  23.282  7.2517  6.1275
38.6  4.4082  -5.2534  0.62091  -0.78388  23.515  7.3258  6.1434
38.7  3.8828  -5.6942  0.53955  -0.84195  23.75  7.4007  6.1593
38.8  3.3134  -6.0825  0.4528  -0.89161  23.987  7.4763  6.1752
38.9  2.7052  -6.4138  0.36153  -0.93236  24.227  7.5526  6.1911
39  2.0638  -6.6843  0.26664  -0.9638  24.47  7.6298  6.207
39.1  1.3954  -6.8907  0.16909  -0.9856  24.714  7.7077  6.223
39.2  0.70628  -7.0302  0.069851  -0.99756  24.961  7.7863  6.2389
39.3  0.0032599  -7.1009  -0.030087  -0.99955  25.211  7.8658  6.2548
39.4  -0.70683  -7.1012  -0.12973  -0.99155  25.463  7.946  6.2707
39.5  -1.4169  -7.0305  -0.22807  -0.97365  25.718  8.0271  6.2866
39.6  -2.12  -6.8888  -0.32413  -0.94601  25.975  8.1089  6.3025
39.7  -2.8089  -6.6768  -0.41695  -0.90893  26.235  8.1916  6.3185
39.8  -3.4766  -6.3959  -0.50561  -0.86276  26.497  8.2751  6.3344
39.9  -4.1161  -6.0483  -0.58922  -0.80797  26.762  8.3595  6.3503
40  -4.721  -5.6366  -0.66694  -0.74511  27.03  8.4447  6.3662
40.1  -5.2846  -5.1645  -0.73799  -0.67481  27.3  8.5307  6.3821
40.2  -5.8011  -4.6361  -0.80167  -0.59776  27.573  8.6176  6.398
40.3  -6.2647  -4.056  -0.85735  -0.51474  27.849  8.7054  6.4139
40.4  -6.6703  -3.4295  -0.90445  -0.42658  28.127  8.794  6.4299
40.5  -7.0132  -2.7625  -0.94252  -0.33415  28.408  8.8835  6.4458
40.6  -7.2895  -2.0612  -0.97117  -0.23839  28.693  8.974  6.4617
40.7  -7.4956  -1.3322  -0.99012  -0.14024  28.979  9.0653  6.4776
40.8  -7.6288  -0.58264  -0.99917  -0.040693  29.269  9.1575  6.4935
40.9  -7.6871  0.18024  -0.99824  0.059261  29.562  9.2507  6.5094
41  -7.6691  0.94895  -0.98734  0.15862  29.858  9.3448  6.5254
41.1  -7.5742  1.7159  -0.96657  0.2564  30.156  9.4398  6.5413
41.2  -7.4026  2.4733  -0.93614  0.35161  30.458  9.5358  6.5572
41.3  -7.1553  3.2135  -0.89637  0.44332  30.762  9.6328  6.5731
41.4  -6.8339  3.9291  -0.84763  0.53059  31.07  9.7307  6.589
41.5  -6.441  4.6125  -0.79042  0.61256  31.381  9.8296  6.6049
41.6  -5.9798  5.2566  -0.72532  0.68841  31.694  9.9295  6.6208
41.7  -5.4541  5.8545  -0.65297  0.75738  32.011  10.03  6.6368
41.8  -4.8686  6.3999  -0.5741  0.81879  32.331  10.132  6.6527
41.9  -4.2287  6.8868  -0.48949  0.87201  32.655  10.235  6.6686
42  -3.54  7.3097  -0.39999  0.91652  32.981  10.339  6.6845
42.1  -2.809  7.6637  -0.30649  0.95187  33.311  10.444  6.7004
42.2  -2.0426  7.9446  -0.20993  0.97772  33.644  10.55  6.7163
42.3  -1.2482  8.1488  -0.11127  0.99379  33.981  10.657  6.7323
42.4  -0.4333  8.2737  -0.011501  0.99993  34.321  10.765  6.7482
42.5  0.39406  8.317  0.088384  0.99609  34.664  10.875  6.7641
42.6  1.2258  8.2776  0.18738  0.98229  35.01  10.985  6.78
42.7  2.0535  8.155  0.28451  0.95867  35.36  11.096  6.7959
42.8  2.869  7.9496  0.3788  0.92548  35.714  11.209  6.8118
42.9  3.664  7.6627  0.4693  0.88304  36.071  11.323  6.8277
43  4.4303  7.2963  0.55511  0.83177  36.432  11.437  6.8437
43.1  5.1599  6.8533  0.63538  0.7722  36.796  11.553  6.8596
43.2  5.8452  6.3373  0.7093  0.70491  37.164  11.671  6.8755
43.3  6.479  5.7528  0.77613  0.63058  37.536  11.789  6.8914
43.4  7.0542  5.1049  0.8352  0.54994  37.911  11.908  6.9073
43.5  7.5647  4.3995  0.88593  0.46382  38.29  12.029  6.9232
43.6  8.0047  3.643  0.92781  0.37305  38.673  12.151  6.9392
43.7  8.369  2.8425  0.96042  0.27856  39.06  12.274  6.9551
43.8  8.6532  2.0057  0.98343  0.18129  39.451  12.398  6.971
43.9  8.8538  1.1403  0.99662  0.082204  39.845  12.524  6.9869
44  8.9678  0.25495  0.99984  -0.017702  40.244  12.651  7.0028
44.1  8.9933  -0.64184  0.99308  -0.11743  40.646  12.779  7.0187
44.2  8.9291  -1.5412  0.9764  -0.21599  41.052  12.908  7.0346
44.3  8.775  -2.4341  0.94996  -0.31239  41.463  13.039  7.0506
44.4  8.5316  -3.3116  0.91402  -0.40566  41.878  13.171  7.0665
44.5  8.2005  -4.1647  0.86896  -0.49489  42.296  13.304  7.0824
44.6  7.784  -4.9848  0.81521  -0.57916  42.719  13.439  7.0983
44.7  7.2855  -5.7632  0.75332  -0.65766  43.146  13.575  7.1142
44.8  6.7092  -6.4917  0.6839  -0.72958  43.578  13.712  7.1301
44.9  6.06  -7.1627  0.60765  -0.79421  44.014  13.851  7.1461
45  5.3437  -7.7687  0.52532  -0.8509  44.454  13.991  7.162
45.1  4.5669  -8.303  0.43775  -0.8991  44.898  14.132  7.1779
45.2  3.7366  -8.7597  0.3458  -0.93831  45.347  14.275  7.1938
45.3  2.8606  -9.1334  0.2504  -0.96814  45.801  14.42  7.2097
45.4  1.9473  -9.4194  0.1525  -0.9883  46.259  14.566  7.2256
45.5  1.0053  -9.6142  0.053069  -0.99859  46.721  14.713  7.2415
45.6  0.043904  -9.7147  -0.046889  -0.9989  47.189  14.861  7.2575
45.7  -0.92757  -9.7191  -0.14638  -0.98923  47.661  15.012  7.2734
45.8  -1.8995  -9.6263  -0.24441  -0.96967  48.137  15.163  7.2893
45.9  -2.8621  -9.4364  -0.33999  -0.94043  48.619  15.317  7.3052
46  -3.8057  -9.1502  -0.43218  -0.90179  49.105  15.471  7.3211
46.1  -4.7208  -8.7696  -0.52005  -0.85414  49.596  15.628  7.337
46.2  -5.5977  -8.2975  -0.60272  -0.79795  50.092  15.786  7.353
46.3  -6.4275  -7.7378  -0.67937  -0.73379  50.593  15.945  7.3689
46.4  -7.2013  -7.095  -0.74924  -0.6623  51.099  16.106  7.3848
46.5  -7.9108  -6.3749  -0.81161  -0.5842  51.61  16.269  7.4007
46.6  -8.5482  -5.5838  -0.86588  -0.50025  52.126  16.433  7.4166
46.7  -9.1066  -4.729  -0.9115  -0.41131  52.647  16.599  7.4325
46.8  -9.5795  -3.8183  -0.948  -0.31826  53.173  16.766  7.4485
46.9  -9.9614  -2.8604  -0.97504  -0.22202  53.705  16.936  7.4644
47  -10.247  -1.8642  -0.99234  -0.12357  54.242  17.107  7.4803
47.1  -10.434  -0.83949  -0.99971  -0.023888  54.785  17.279  7.4962
47.2  -10.518  0.20389  -0.99711  0.076037  55.332  17.454  7.5121
47.3  -10.497  1.2557  -0.98453  0.1752  55.886  17.63  7.528
47.4  -10.372  2.3054  -0.96212  0.27262  56.445  17.808  7.5439
47.5  -10.141  3.3426  -0.9301  0.36731  57.009  17.987  7.5599
47.6  -9.807  4.3567  -0.88878  0.45833  57.579  18.169  7.5758
47.7  -9.3713  5.3374  -0.83859  0.54477  58.155  18.352  7.5917
47.8  -8.8376  6.2745  -0.78001  0.62576  58.736  18.537  7.6076
47.9  -8.2101  7.1583  -0.71364  0.70051  59.324  18.724  7.6235
48  -7.4943  7.9793  -0.64014  0.76825  59.917  18.913  7.6394
48.1  -6.6964  8.7287  -0.56025  0.82832  60.516  19.104  7.6554
48.2  -5.8235  9.3984  -0.47476  0.88012  61.121  19.296  7.6713
48.3  -4.8837  9.9807  -0.38452  0.92312  61.733  19.491  7.6872
48.4  -3.8856  10.469  -0.29044  0.95689  62.35  19.687  7.7031
48.5  -2.8387  10.858  -0.19346  0.98111  62.973  19.886  7.719
48.6  -1.7529  11.142  -0.094545  0.99552  63.603  20.086  7.7349
48.7  -0.63876  11.317  0.0053138  0.99999  64.239  20.289  7.7508
48.8  0.49292  11.381  0.10512  0.99446  64.882  20.493  7.7668
48.9  1.631  11.331  0.20387  0.979  65.53  20.7  7.7827
49  2.7641  11.168  0.30059  0.95375  66.186  20.908  7.7986
49.1  3.881  10.892  0.39431  0.91898  66.848  21.119  7.8145
49.2  4.9702  10.504  0.48408  0.87502  67.516  21.332  7.8304
49.3  6.0205  10.007  0.56902  0.82232  68.191  21.547  7.8463
49.4  7.0212  9.4047  0.64827  0.76141  68.873  21.764  7.8623
49.5  7.9617  8.7026  0.72105  0.69288  69.562  21.983  7.8782
49.6  8.8319  7.9064  0.78662  0.61744  70.258  22.205  7.8941
49.7  9.6226  7.0232  0.84433  0.53582  70.96  22.428  7.91
49.8  10.325  6.061  0.89361  0.44885  71.67  22.654  7.9259
49.9  10.931  5.0285  0.93395  0.3574  72.386  22.882  7.9418
