# time  xt  vt  xtrue  vtrue  Et  dE/T  t/T
0  1  0  1  0  0.5  0  0
0  0.995  -0.099833  1  0  0.5  2.2077e-09  0
0.1  0.98007  -0.19867  0.995  -0.099833  0.5  4.4154e-09  0.015915
0.2  0.95534  -0.29552  0.98007  -0.19867  0.5  6.6232e-09  0.031831
0.3  0.92106  -0.38942  0.95534  -0.29552  0.5  8.8309e-09  0.047746
0.4  0.87758  -0.47943  0.92106  -0.38942  0.5  1.1039e-08  0.063662
0.5  0.82534  -0.56464  0.87758  -0.47943  0.5  1.3246e-08  0.079577
0.6  0.76484  -0.64422  0.82534  -0.56464  0.5  1.5454e-08  0.095493
0.7  0.69671  -0.71736  0.76484  -0.64422  0.5  1.7662e-08  0.11141
0.8  0.62161  -0.78333  0.69671  -0.71736  0.5  1.9869e-08  0.12732
0.9  0.5403  -0.84147  0.62161  -0.78333  0.5  2.2077e-08  0.14324
1  0.4536  -0.89121  0.5403  -0.84147  0.5  2.4285e-08  0.15915
1.1  0.36236  -0.93204  0.4536  -0.89121  0.5  2.6493e-08  0.17507
1.2  0.2675  -0.96356  0.36236  -0.93204  0.5  2.87e-08  0.19099
1.3  0.16997  -0.98545  0.2675  -0.96356  0.5  3.0908e-08  0.2069
1.4  0.070738  -0.99749  0.16997  -0.98545  0.5  3.3116e-08  0.22282
1.5  -0.029198  -0.99957  0.070737  -0.99749  0.5  3.5324e-08  0.23873
1.6  -0.12884  -0.99166  -0.0292  -0.99957  0.5  3.7531e-08  0.25465
1.7  -0.2272  -0.97385  -0.12884  -0.99166  0.5  3.9739e-08  0.27056
1.8  -0.32329  -0.9463  -0.2272  -0.97385  0.5  4.1947e-08  0.28648
1.9  -0.41615  -0.9093  -0.32329  -0.9463  0.5  4.4154e-08  0.30239
2  -0.50484  -0.86321  -0.41615  -0.9093  0.5  4.6362e-08  0.31831
2.1  -0.5885  -0.8085  -0.50485  -0.86321  0.5  4.857e-08  0.33423
2.2  -0.66627  -0.74571  -0.5885  -0.8085  0.5  5.0778e-08  0.35014
2.3  -0.73739  -0.67546  -0.66628  -0.74571  0.5  5.2985e-08  0.36606
2.4  -0.80114  -0.59847  -0.73739  -0.67546  0.5  5.5193e-08  0.38197
2.5  -0.85689  -0.5155  -0.80114  -0.59847  0.5  5.7401e-08  0.39789
2.6  -0.90407  -0.42738  -0.85689  -0.5155  0.5  5.9608e-08  0.4138
2.7  -0.94222  -0.33499  -0.90407  -0.42738  0.5  6.1816e-08  0.42972
2.8  -0.97096  -0.23925  -0.94222  -0.33499  0.5  6.4024e-08  0.44563
2.9  -0.98999  -0.14112  -0.97096  -0.23925  0.5  6.6232e-08  0.46155
3  -0.99913  -0.041583  -0.98999  -0.14112  0.5  6.8439e-08  0.47746
3.1  -0.99829  0.058371  -0.99914  -0.041581  0.5  7.0647e-08  0.49338
3.2  -0.98748  0.15774  -0.99829  0.058374  0.5  7.2855e-08  0.5093
3.3  -0.9668  0.25554  -0.98748  0.15775  0.5  7.5063e-08  0.52521
3.4  -0.93646  0.35078  -0.9668  0.25554  0.5  7.727e-08  0.54113
3.5  -0.89676  0.44252  -0.93646  0.35078  0.5  7.9478e-08  0.55704
3.6  -0.8481  0.52983  -0.89676  0.44252  0.5  8.1686e-08  0.57296
3.7  -0.79097  0.61186  -0.8481  0.52984  0.5  8.3893e-08  0.58887
3.8  -0.72593  0.68776  -0.79097  0.61186  0.5  8.6101e-08  0.60479
3.9  -0.65365  0.7568  -0.72593  0.68777  0.5  8.8309e-08  0.6207
4  -0.57483  0.81827  -0.65364  0.7568  0.5  9.0517e-08  0.63662
4.1  -0.49026  0.87157  -0.57482  0.81828  0.5  9.2724e-08  0.65254
4.2  -0.4008  0.91616  -0.49026  0.87158  0.5  9.4932e-08  0.66845
4.3  -0.30734  0.9516  -0.4008  0.91617  0.5  9.714e-08  0.68437
4.4  -0.2108  0.97753  -0.30733  0.9516  0.5  9.9347e-08  0.70028
4.5  -0.11216  0.99369  -0.2108  0.97753  0.5  1.0156e-07  0.7162
4.6  -0.012393  0.99992  -0.11215  0.99369  0.5  1.0376e-07  0.73211
4.7  0.087495  0.99616  -0.012389  0.99992  0.5  1.0597e-07  0.74803
4.8  0.18651  0.98245  0.087499  0.99616  0.5  1.0818e-07  0.76394
4.9  0.28366  0.95893  0.18651  0.98245  0.5  1.1039e-07  0.77986
5  0.37797  0.92582  0.28366  0.95892  0.5  1.1259e-07  0.79577
5.1  0.46851  0.88346  0.37798  0.92581  0.5  1.148e-07  0.81169
5.2  0.55437  0.83227  0.46852  0.88345  0.5  1.1701e-07  0.82761
5.3  0.63469  0.77277  0.55437  0.83227  0.5  1.1922e-07  0.84352
5.4  0.70867  0.70554  0.63469  0.77276  0.5  1.2142e-07  0.85944
5.5  0.77556  0.63127  0.70867  0.70554  0.5  1.2363e-07  0.87535
5.6  0.83471  0.55069  0.77557  0.63127  0.5  1.2584e-07  0.89127
5.7  0.88552  0.46461  0.83471  0.55069  0.5  1.2805e-07  0.90718
5.8  0.92748  0.37388  0.88552  0.4646  0.5  1.3026e-07  0.9231
5.9  0.96017  0.27942  0.92748  0.37388  0.5  1.3246e-07  0.93901
6  0.98327  0.18217  0.96017  0.27942  0.5  1.3467e-07  0.95493
6.1  0.99654  0.083094  0.98327  0.18216  0.5  1.3688e-07  0.97085
6.2  0.99986  -0.016809  0.99654  0.083089  0.5  1.3909e-07  0.98676
6.3  0.99319  -0.11654  0.99986  -0.016814  0.5  1.4129e-07  1.0027
6.4  0.97659  -0.21511  0.99318  -0.11655  0.5  1.435e-07  1.0186
6.5  0.95023  -0.31154  0.97659  -0.21512  0.5  1.4571e-07  1.0345
6.6  0.91438  -0.40484  0.95023  -0.31154  0.5  1.4792e-07  1.0504
6.7  0.8694  -0.49411  0.91438  -0.40485  0.5  1.5013e-07  1.0663
6.8  0.81573  -0.57843  0.8694  -0.49411  0.5  1.5233e-07  1.0823
6.9  0.75391  -0.65698  0.81573  -0.57844  0.5  1.5454e-07  1.0982
7  0.68455  -0.72896  0.7539  -0.65699  0.5  1.5675e-07  1.1141
7.1  0.60836  -0.79366  0.68455  -0.72897  0.5  1.5896e-07  1.13
7.2  0.52608  -0.85043  0.60835  -0.79367  0.5  1.6116e-07  1.1459
7.3  0.43855  -0.8987  0.52608  -0.85044  0.5  1.6337e-07  1.1618
7.4  0.34664  -0.938  0.43855  -0.89871  0.5  1.6558e-07  1.1777
7.5  0.25127  -0.96792  0.34664  -0.938  0.5  1.6779e-07  1.1937
7.6  0.15338  -0.98817  0.25126  -0.96792  0.5  1.6999e-07  1.2096
7.7  0.053962  -0.99854  0.15337  -0.98817  0.5  1.722e-07  1.2255
7.8  -0.045996  -0.99894  0.053955  -0.99854  0.5  1.7441e-07  1.2414
7.9  -0.14549  -0.98936  -0.046002  -0.99894  0.5  1.7662e-07  1.2573
8  -0.24354  -0.96989  -0.1455  -0.98936  0.5  1.7883e-07  1.2732
8.1  -0.33915  -0.94073  -0.24354  -0.96989  0.5  1.8103e-07  1.2892
8.2  -0.43137  -0.90217  -0.33915  -0.94073  0.5  1.8324e-07  1.3051
8.3  -0.51928  -0.8546  -0.43138  -0.90217  0.5  1.8545e-07  1.321
8.4  -0.60201  -0.79849  -0.51929  -0.8546  0.5  1.8766e-07  1.3369
8.5  -0.67871  -0.7344  -0.60201  -0.79849  0.5  1.8986e-07  1.3528
8.6  -0.74864  -0.66297  -0.67872  -0.7344  0.5  1.9207e-07  1.3687
8.7  -0.81109  -0.58492  -0.74865  -0.66297  0.5  1.9428e-07  1.3846
8.8  -0.86543  -0.50103  -0.81109  -0.58492  0.5  1.9649e-07  1.4006
8.9  -0.91113  -0.41213  -0.86544  -0.50102  0.5  1.9869e-07  1.4165
9  -0.94772  -0.31911  -0.91113  -0.41212  0.5  2.009e-07  1.4324
9.1  -0.97484  -0.2229  -0.94772  -0.3191  0.5  2.0311e-07  1.4483
9.2  -0.99222  -0.12446  -0.97484  -0.22289  0.5  2.0532e-07  1.4642
9.3  -0.99969  -0.024783  -0.99223  -0.12445  0.5  2.0753e-07  1.4801
9.4  -0.99717  0.075143  -0.99969  -0.024775  0.5  2.0973e-07  1.4961
9.5  -0.98469  0.17432  -0.99717  0.075151  0.5  2.1194e-07  1.512
9.6  -0.96237  0.27175  -0.98469  0.17433  0.5  2.1415e-07  1.5279
9.7  -0.93043  0.36647  -0.96236  0.27176  0.5  2.1636e-07  1.5438
9.8  -0.88919  0.45753  -0.93043  0.36648  0.5  2.1856e-07  1.5597
9.9  -0.83908  0.54401  -0.88919  0.45754  0.5  2.2077e-07  1.5756
10  -0.78057  0.62506  -0.83907  0.54402  0.5  2.2298e-07  1.5915
10.1  -0.71427  0.69987  -0.78057  0.62507  0.5  2.2519e-07  1.6075
10.2  -0.64083  0.76768  -0.71427  0.69987  0.5  2.274e-07  1.6234
10.3  -0.56099  0.82782  -0.64083  0.76769  0.5  2.296e-07  1.6393
10.4  -0.47554  0.87969  -0.56098  0.82783  0.5  2.3181e-07  1.6552
10.5  -0.38535  0.92277  -0.47554  0.8797  0.5  2.3402e-07  1.6711
10.6  -0.2913  0.95663  -0.38534  0.92278  0.5  2.3623e-07  1.687
10.7  -0.19434  0.98093  -0.29129  0.95664  0.5  2.3843e-07  1.703
10.8  -0.095438  0.99543  -0.19433  0.98094  0.5  2.4064e-07  1.7189
10.9  0.0044166  0.99999  -0.095429  0.99544  0.5  2.4285e-07  1.7348
11  0.10423  0.99455  0.0044257  0.99999  0.5  2.4506e-07  1.7507
11.1  0.203  0.97918  0.10424  0.99455  0.5  2.4726e-07  1.7666
11.2  0.29974  0.95402  0.203  0.97918  0.5  2.4947e-07  1.7825
11.3  0.39348  0.91933  0.29975  0.95402  0.5  2.5168e-07  1.7985
11.4  0.4833  0.87546  0.39349  0.91933  0.5  2.5389e-07  1.8144
11.5  0.56828  0.82283  0.4833  0.87545  0.5  2.561e-07  1.8303
11.6  0.64759  0.76199  0.56829  0.82283  0.5  2.583e-07  1.8462
11.7  0.72043  0.69353  0.6476  0.76198  0.5  2.6051e-07  1.8621
11.8  0.78606  0.61814  0.72043  0.69353  0.5  2.6272e-07  1.878
11.9  0.84385  0.53658  0.78607  0.61814  0.5  2.6493e-07  1.8939
12  0.8932  0.44966  0.84385  0.53657  0.5  2.6713e-07  1.9099
12.1  0.93363  0.35824  0.89321  0.44965  0.5  2.6934e-07  1.9258
12.2  0.96473  0.26324  0.93363  0.35823  0.5  2.7155e-07  1.9417
12.3  0.98619  0.16561  0.96473  0.26323  0.5  2.7376e-07  1.9576
12.4  0.9978  0.066332  0.98619  0.1656  0.5  2.7597e-07  1.9735
12.5  0.99943  -0.033613  0.9978  0.066322  0.5  2.7817e-07  1.9894
12.6  0.99109  -0.13322  0.99943  -0.033623  0.5  2.8038e-07  2.0054
12.7  0.97283  -0.2315  0.99108  -0.13323  0.5  2.8259e-07  2.0213
12.8  0.94486  -0.32746  0.97283  -0.23151  0.5  2.848e-07  2.0372
12.9  0.90745  -0.42016  0.94486  -0.32747  0.5  2.87e-07  2.0531
13  0.86097  -0.50865  0.90745  -0.42017  0.5  2.8921e-07  2.069
13.1  0.80589  -0.59206  0.86097  -0.50866  0.5  2.9142e-07  2.0849
13.2  0.74276  -0.66956  0.80588  -0.59207  0.5  2.9363e-07  2.1008
13.3  0.6722  -0.74037  0.74275  -0.66957  0.5  2.9583e-07  2.1168
13.4  0.59493  -0.80378  0.67219  -0.74038  0.5  2.9804e-07  2.1327
13.5  0.51171  -0.85916  0.59492  -0.80378  0.5  3.0025e-07  2.1486
13.6  0.42338  -0.90595  0.5117  -0.85916  0.5  3.0246e-07  2.1645
13.7  0.33083  -0.94369  0.42337  -0.90595  0.5  3.0467e-07  2.1804
13.8  0.23496  -0.972  0.33081  -0.9437  0.5  3.0687e-07  2.1963
13.9  0.13675  -0.9906  0.23495  -0.97201  0.5  3.0908e-07  2.2123
14  0.03717  -0.99931  0.13674  -0.99061  0.5  3.1129e-07  2.2282
14.1  -0.06278  -0.99803  0.037158  -0.99931  0.5  3.135e-07  2.2441
14.2  -0.1621  -0.98677  -0.062792  -0.99803  0.5  3.157e-07  2.26
14.3  -0.25981  -0.96566  -0.16211  -0.98677  0.5  3.1791e-07  2.2759
14.4  -0.35491  -0.9349  -0.25982  -0.96566  0.5  3.2012e-07  2.2918
14.5  -0.44647  -0.8948  -0.35492  -0.9349  0.5  3.2233e-07  2.3077
14.6  -0.53357  -0.84575  -0.44648  -0.89479  0.5  3.2453e-07  2.3237
14.7  -0.61534  -0.78826  -0.53358  -0.84575  0.5  3.2674e-07  2.3396
14.8  -0.69096  -0.72289  -0.61535  -0.78825  0.5  3.2895e-07  2.3555
14.9  -0.75968  -0.6503  -0.69097  -0.72288  0.5  3.3116e-07  2.3714
15  -0.82081  -0.57121  -0.75969  -0.65029  0.5  3.3337e-07  2.3873
15.1  -0.87373  -0.48641  -0.82081  -0.5712  0.5  3.3557e-07  2.4032
15.2  -0.91792  -0.39675  -0.87374  -0.4864  0.5  3.3778e-07  2.4192
15.3  -0.95295  -0.30313  -0.91793  -0.39674  0.5  3.3999e-07  2.4351
15.4  -0.97845  -0.20648  -0.95295  -0.30312  0.5  3.422e-07  2.451
15.5  -0.99418  -0.10777  -0.97845  -0.20647  0.5  3.444e-07  2.4669
15.6  -0.99997  -0.0079762  -0.99418  -0.10775  0.5  3.4661e-07  2.4828
15.7  -0.99577  0.091894  -0.99997  -0.0079632  0.5  3.4882e-07  2.4987
15.8  -0.98162  0.19085  -0.99577  0.091907  0.5  3.5103e-07  2.5146
15.9  -0.95766  0.28789  -0.98162  0.19086  0.5  3.5324e-07  2.5306
16  -0.92414  0.38206  -0.95766  0.2879  0.5  3.5544e-07  2.5465
16.1  -0.88138  0.47241  -0.92413  0.38207  0.5  3.5765e-07  2.5624
16.2  -0.82981  0.55804  -0.88137  0.47242  0.5  3.5986e-07  2.5783
16.3  -0.76996  0.6381  -0.82981  0.55805  0.5  3.6207e-07  2.5942
16.4  -0.70241  0.71177  -0.76995  0.63811  0.5  3.6427e-07  2.6101
16.5  -0.62784  0.77834  -0.7024  0.71179  0.5  3.6648e-07  2.6261
16.6  -0.547  0.83713  -0.62783  0.77835  0.5  3.6869e-07  2.642
16.7  -0.46069  0.88756  -0.54699  0.83714  0.5  3.709e-07  2.6579
16.8  -0.36978  0.92912  -0.46068  0.88757  0.5  3.731e-07  2.6738
16.9  -0.27518  0.96139  -0.36977  0.92912  0.5  3.7531e-07  2.6897
17  -0.17782  0.98406  -0.27516  0.9614  0.5  3.7752e-07  2.7056
17.1  -0.078692  0.9969  -0.17781  0.98407  0.5  3.7973e-07  2.7215
17.2  0.021224  0.99977  -0.078678  0.9969  0.5  3.8194e-07  2.7375
17.3  0.12093  0.99266  0.021239  0.99977  0.5  3.8414e-07  2.7534
17.4  0.21943  0.97563  0.12094  0.99266  0.5  3.8635e-07  2.7693
17.5  0.31573  0.94885  0.21944  0.97563  0.5  3.8856e-07  2.7852
17.6  0.40888  0.91259  0.31574  0.94884  0.5  3.9077e-07  2.8011
17.7  0.49794  0.86721  0.40889  0.91258  0.5  3.9297e-07  2.817
17.8  0.58203  0.81316  0.49796  0.8672  0.5  3.9518e-07  2.833
17.9  0.6603  0.751  0.58204  0.81316  0.5  3.9739e-07  2.8489
18  0.73198  0.68132  0.66032  0.75099  0.5  3.996e-07  2.8648
18.1  0.79634  0.60484  0.73199  0.68131  0.5  4.018e-07  2.8807
18.2  0.85275  0.52232  0.79635  0.60483  0.5  4.0401e-07  2.8966
18.3  0.90063  0.43458  0.85276  0.52231  0.5  4.0622e-07  2.9125
18.4  0.93952  0.34249  0.90064  0.43457  0.5  4.0843e-07  2.9285
18.5  0.96902  0.24699  0.93952  0.34248  0.5  4.1064e-07  2.9444
18.6  0.98883  0.14901  0.96902  0.24697  0.5  4.1284e-07  2.9603
18.7  0.99877  0.049551  0.98884  0.149  0.5  4.1505e-07  2.9762
18.8  0.99873  -0.050407  0.99877  0.049536  0.5  4.1726e-07  2.9921
18.9  0.98871  -0.14986  0.99873  -0.050423  0.5  4.1947e-07  3.008
19  0.96881  -0.24782  0.9887  -0.14988  0.5  4.2167e-07  3.0239
19.1  0.93922  -0.3433  0.9688  -0.24783  0.5  4.2388e-07  3.0399
19.2  0.90026  -0.43535  0.93922  -0.34331  0.5  4.2609e-07  3.0558
19.3  0.8523  -0.52305  0.90025  -0.43537  0.5  4.283e-07  3.0717
19.4  0.79582  -0.60553  0.85229  -0.52307  0.5  4.3051e-07  3.0876
19.5  0.7314  -0.68195  0.79581  -0.60554  0.5  4.3271e-07  3.1035
19.6  0.65966  -0.75156  0.73139  -0.68196  0.5  4.3492e-07  3.1194
19.7  0.58133  -0.81366  0.65965  -0.75157  0.5  4.3713e-07  3.1354
19.8  0.4972  -0.86763  0.58132  -0.81367  0.5  4.3934e-07  3.1513
19.9  0.4081  -0.91294  0.49719  -0.86764  0.5  4.4154e-07  3.1672
20  0.31492  -0.94912  0.40808  -0.91295  0.5  4.4375e-07  3.1831
20.1  0.21859  -0.97582  0.3149  -0.94912  0.5  4.4596e-07  3.199
20.2  0.12008  -0.99276  0.21857  -0.97582  0.5  4.4817e-07  3.2149
20.3  0.020368  -0.99979  0.12006  -0.99277  0.5  4.5037e-07  3.2308
20.4  -0.079546  -0.99683  0.020351  -0.99979  0.5  4.5258e-07  3.2468
20.5  -0.17867  -0.98391  -0.079564  -0.99683  0.5  4.5479e-07  3.2627
20.6  -0.276  -0.96116  -0.17868  -0.98391  0.5  4.57e-07  3.2786
20.7  -0.37058  -0.9288  -0.27602  -0.96115  0.5  4.5921e-07  3.2945
20.8  -0.46145  -0.88716  -0.37059  -0.9288  0.5  4.6141e-07  3.3104
20.9  -0.54771  -0.83666  -0.46147  -0.88716  0.5  4.6362e-07  3.3263
21  -0.6285  -0.7778  -0.54773  -0.83666  0.5  4.6583e-07  3.3423
21.1  -0.70302  -0.71117  -0.62852  -0.77779  0.5  4.6804e-07  3.3582
21.2  -0.7705  -0.63744  -0.70303  -0.71116  0.5  4.7024e-07  3.3741
21.3  -0.83029  -0.55733  -0.77051  -0.63742  0.5  4.7245e-07  3.39
21.4  -0.88178  -0.47165  -0.8303  -0.55732  0.5  4.7466e-07  3.4059
21.5  -0.92446  -0.38127  -0.88179  -0.47164  0.5  4.7687e-07  3.4218
21.6  -0.95791  -0.28707  -0.92447  -0.38125  0.5  4.7908e-07  3.4377
21.7  -0.98178  -0.19  -0.95791  -0.28705  0.5  4.8128e-07  3.4537
21.8  -0.99585  -0.09104  -0.98179  -0.18999  0.5  4.8349e-07  3.4696
21.9  -0.99996  0.008833  -0.99585  -0.091022  0.5  4.857e-07  3.4855
22  -0.99408  0.10862  -0.99996  0.0088513  0.5  4.8791e-07  3.5014
22.1  -0.97827  0.20732  -0.99408  0.10864  0.5  4.9011e-07  3.5173
22.2  -0.95269  0.30395  -0.97827  0.20734  0.5  4.9232e-07  3.5332
22.3  -0.91758  0.39754  -0.95268  0.30396  0.5  4.9453e-07  3.5492
22.4  -0.87331  0.48716  -0.91758  0.39756  0.5  4.9674e-07  3.5651
22.5  -0.82031  0.57191  -0.8733  0.48717  0.5  4.9894e-07  3.581
22.6  -0.75912  0.65095  -0.82031  0.57193  0.5  5.0115e-07  3.5969
22.7  -0.69034  0.72348  -0.75911  0.65096  0.5  5.0336e-07  3.6128
22.8  -0.61467  0.78879  -0.69033  0.72349  0.5  5.0557e-07  3.6287
22.9  -0.53285  0.84621  -0.61465  0.7888  0.5  5.0778e-07  3.6446
23  -0.44571  0.89518  -0.53283  0.84622  0.5  5.0998e-07  3.6606
23.1  -0.35411  0.9352  -0.44569  0.89519  0.5  5.1219e-07  3.6765
23.2  -0.25898  0.96588  -0.35409  0.93521  0.5  5.144e-07  3.6924
23.3  -0.16126  0.98691  -0.25896  0.96589  0.5  5.1661e-07  3.7083
23.4  -0.061925  0.99808  -0.16124  0.98692  0.5  5.1881e-07  3.7242
23.5  0.038026  0.99928  -0.061905  0.99808  0.5  5.2102e-07  3.7401
23.6  0.1376  0.99049  0.038046  0.99928  0.5  5.2323e-07  3.7561
23.7  0.23579  0.9718  0.13762  0.99049  0.5  5.2544e-07  3.772
23.8  0.33163  0.94341  0.23581  0.9718  0.5  5.2764e-07  3.7879
23.9  0.42416  0.90559  0.33165  0.9434  0.5  5.2985e-07  3.8038
24  0.51245  0.85872  0.42418  0.90558  0.5  5.3206e-07  3.8197
24.1  0.59562  0.80327  0.51247  0.85871  0.5  5.3427e-07  3.8356
24.2  0.67283  0.73979  0.59563  0.80326  0.5  5.3648e-07  3.8515
24.3  0.74333  0.66892  0.67285  0.73978  0.5  5.3868e-07  3.8675
24.4  0.8064  0.59137  0.74334  0.66891  0.5  5.4089e-07  3.8834
24.5  0.86141  0.50791  0.80641  0.59136  0.5  5.431e-07  3.8993
24.6  0.90781  0.41938  0.86142  0.5079  0.5  5.4531e-07  3.9152
24.7  0.94514  0.32665  0.90782  0.41936  0.5  5.4751e-07  3.9311
24.8  0.97303  0.23067  0.94515  0.32664  0.5  5.4972e-07  3.947
24.9  0.9912  0.13237  0.97304  0.23065  0.5  5.5193e-07  3.963
25  0.99946  0.032756  0.9912  0.13235  0.5  5.5414e-07  3.9789
25.1  0.99774  -0.067187  0.99946  0.032735  0.5  5.5635e-07  3.9948
25.2  0.98605  -0.16646  0.99774  -0.067208  0.5  5.5855e-07  4.0107
25.3  0.9645  -0.26407  0.98604  -0.16648  0.5  5.6076e-07  4.0266
25.4  0.93332  -0.35904  0.9645  -0.26409  0.5  5.6297e-07  4.0425
25.5  0.89281  -0.45042  0.93332  -0.35906  0.5  5.6518e-07  4.0585
25.6  0.84339  -0.5373  0.89281  -0.45044  0.5  5.6738e-07  4.0744
25.7  0.78553  -0.61882  0.84338  -0.53732  0.5  5.6959e-07  4.0903
25.8  0.71983  -0.69415  0.78552  -0.61884  0.5  5.718e-07  4.1062
25.9  0.64693  -0.76254  0.71982  -0.69416  0.5  5.7401e-07  4.1221
26  0.56758  -0.82332  0.64692  -0.76256  0.5  5.7621e-07  4.138
26.1  0.48255  -0.87587  0.56756  -0.82333  0.5  5.7842e-07  4.1539
26.2  0.39269  -0.91967  0.48253  -0.87588  0.5  5.8063e-07  4.1699
26.3  0.29892  -0.95428  0.39267  -0.91968  0.5  5.8284e-07  4.1858
26.4  0.20216  -0.97935  0.2989  -0.95429  0.5  5.8505e-07  4.2017
26.5  0.10337  -0.99464  0.20214  -0.97936  0.5  5.8725e-07  4.2176
26.6  0.0035597  -0.99999  0.10335  -0.99464  0.5  5.8946e-07  4.2335
26.7  -0.096291  -0.99535  0.0035375  -0.99999  0.5  5.9167e-07  4.2494
26.8  -0.19518  -0.98077  -0.096313  -0.99535  0.5  5.9388e-07  4.2654
26.9  -0.29212  -0.95638  -0.1952  -0.98076  0.5  5.9608e-07  4.2813
27  -0.38614  -0.92244  -0.29214  -0.95638  0.5  5.9829e-07  4.2972
27.1  -0.4763  -0.87928  -0.38616  -0.92243  0.5  6.005e-07  4.3131
27.2  -0.5617  -0.82734  -0.47632  -0.87927  0.5  6.0271e-07  4.329
27.3  -0.64149  -0.76713  -0.56172  -0.82733  0.5  6.0491e-07  4.3449
27.4  -0.71487  -0.69926  -0.64151  -0.76712  0.5  6.0712e-07  4.3608
27.5  -0.78111  -0.62439  -0.71489  -0.69924  0.5  6.0933e-07  4.3768
27.6  -0.83954  -0.54329  -0.78112  -0.62438  0.5  6.1154e-07  4.3927
27.7  -0.88958  -0.45677  -0.83955  -0.54328  0.5  6.1375e-07  4.4086
27.8  -0.93074  -0.36567  -0.8896  -0.45675  0.5  6.1595e-07  4.4245
27.9  -0.9626  -0.27093  -0.93075  -0.36565  0.5  6.1816e-07  4.4404
28  -0.98484  -0.17347  -0.96261  -0.27091  0.5  6.2037e-07  4.4563
28.1  -0.99723  -0.074289  -0.98484  -0.17345  0.5  6.2258e-07  4.4723
28.2  -0.99967  0.02564  -0.99724  -0.074265  0.5  6.2478e-07  4.4882
28.3  -0.99212  0.12531  -0.99967  0.025663  0.5  6.2699e-07  4.5041
28.4  -0.97465  0.22373  -0.99211  0.12534  0.5  6.292e-07  4.52
28.5  -0.94744  0.31992  -0.97465  0.22376  0.5  6.3141e-07  4.5359
28.6  -0.91077  0.41291  -0.94744  0.31994  0.5  6.3362e-07  4.5518
28.7  -0.865  0.50177  -0.91076  0.41293  0.5  6.3582e-07  4.5677
28.8  -0.81059  0.58562  -0.86499  0.50179  0.5  6.3803e-07  4.5837
28.9  -0.74807  0.66361  -0.81057  0.58564  0.5  6.4024e-07  4.5996
29  -0.67808  0.73498  -0.74806  0.66363  0.5  6.4245e-07  4.6155
29.1  -0.60132  0.79901  -0.67807  0.735  0.5  6.4465e-07  4.6314
29.2  -0.51855  0.85505  -0.6013  0.79902  0.5  6.4686e-07  4.6473
29.3  -0.4306  0.90254  -0.51853  0.85506  0.5  6.4907e-07  4.6632
29.4  -0.33834  0.94102  -0.43058  0.90255  0.5  6.5128e-07  4.6792
29.5  -0.24271  0.9701  -0.33832  0.94103  0.5  6.5348e-07  4.6951
29.6  -0.14465  0.98948  -0.24268  0.97011  0.5  6.5569e-07  4.711
29.7  -0.04514  0.99898  -0.14462  0.98949  0.5  6.579e-07  4.7269
29.8  0.054817  0.99849  -0.045115  0.99898  0.5  6.6011e-07  4.7428
29.9  0.15423  0.98803  0.054842  0.9985  0.5  6.6232e-07  4.7587
30  0.25209  0.9677  0.15425  0.98803  0.5  6.6452e-07  4.7746
30.1  0.34744  0.9377  0.25212  0.9677  0.5  6.6673e-07  4.7906
30.2  0.43932  0.89833  0.34747  0.93769  0.5  6.6894e-07  4.8065
30.3  0.52681  0.84998  0.43935  0.89832  0.5  6.7115e-07  4.8224
30.4  0.60903  0.79314  0.52683  0.84997  0.5  6.7335e-07  4.8383
30.5  0.68517  0.72838  0.60906  0.79313  0.5  6.7556e-07  4.8542
30.6  0.75447  0.65633  0.68519  0.72836  0.5  6.7777e-07  4.8701
30.7  0.81622  0.57773  0.75449  0.65632  0.5  6.7998e-07  4.8861
30.8  0.86982  0.49336  0.81624  0.57772  0.5  6.8218e-07  4.902
30.9  0.91473  0.40406  0.86984  0.49334  0.5  6.8439e-07  4.9179
31  0.9505  0.31072  0.91474  0.40404  0.5  6.866e-07  4.9338
31.1  0.97677  0.21428  0.95051  0.3107  0.5  6.8881e-07  4.9497
31.2  0.99328  0.11569  0.97678  0.21425  0.5  6.9102e-07  4.9656
31.3  0.99987  0.015952  0.99329  0.11567  0.5  6.9322e-07  4.9815
31.4  0.99647  -0.083948  0.99987  0.015926  0.5  6.9543e-07  4.9975
31.5  0.98311  -0.18301  0.99647  -0.083974  0.5  6.9764e-07  5.0134
31.6  0.95993  -0.28024  0.98311  -0.18304  0.5  6.9985e-07  5.0293
31.7  0.92715  -0.37467  0.95992  -0.28027  0.5  7.0205e-07  5.0452
31.8  0.88512  -0.46536  0.92715  -0.3747  0.5  7.0426e-07  5.0611
31.9  0.83424  -0.5514  0.88511  -0.46539  0.5  7.0647e-07  5.077
32  0.77502  -0.63193  0.83422  -0.55143  0.5  7.0868e-07  5.093
32.1  0.70806  -0.70615  0.775  -0.63196  0.5  7.1088e-07  5.1089
32.2  0.63403  -0.77331  0.70804  -0.70617  0.5  7.1309e-07  5.1248
32.3  0.55366  -0.83274  0.63401  -0.77333  0.5  7.153e-07  5.1407
32.4  0.46775  -0.88386  0.55363  -0.83276  0.5  7.1751e-07  5.1566
32.5  0.37718  -0.92614  0.46773  -0.88387  0.5  7.1972e-07  5.1725
32.6  0.28284  -0.95917  0.37716  -0.92615  0.5  7.2192e-07  5.1885
32.7  0.18567  -0.98261  0.28281  -0.95918  0.5  7.2413e-07  5.2044
32.8  0.086641  -0.99624  0.18564  -0.98262  0.5  7.2634e-07  5.2203
32.9  -0.013249  -0.99991  0.086614  -0.99624  0.5  7.2855e-07  5.2362
33  -0.11301  -0.99359  -0.013277  -0.99991  0.5  7.3075e-07  5.2521
33.1  -0.21164  -0.97735  -0.11304  -0.99359  0.5  7.3296e-07  5.268
33.2  -0.30815  -0.95134  -0.21166  -0.97734  0.5  7.3517e-07  5.2839
33.3  -0.40159  -0.91582  -0.30818  -0.95133  0.5  7.3738e-07  5.2999
33.4  -0.49101  -0.87115  -0.40161  -0.91581  0.5  7.3959e-07  5.3158
33.5  -0.57553  -0.81778  -0.49103  -0.87114  0.5  7.4179e-07  5.3317
33.6  -0.65429  -0.75624  -0.57555  -0.81777  0.5  7.44e-07  5.3476
33.7  -0.72652  -0.68714  -0.65432  -0.75622  0.5  7.4621e-07  5.3635
33.8  -0.79149  -0.61118  -0.72654  -0.68712  0.5  7.4842e-07  5.3794
33.9  -0.84855  -0.52911  -0.79151  -0.61116  0.5  7.5062e-07  5.3954
34  -0.89714  -0.44175  -0.84857  -0.52908  0.5  7.5283e-07  5.4113
34.1  -0.93676  -0.34998  -0.89715  -0.44172  0.5  7.5504e-07  5.4272
34.2  -0.96702  -0.25471  -0.93677  -0.34995  0.5  7.5725e-07  5.4431
34.3  -0.98761  -0.1569  -0.96702  -0.25468  0.5  7.5945e-07  5.459
34.4  -0.99834  -0.057516  -0.98762  -0.15687  0.5  7.6166e-07  5.4749
34.5  -0.9991  0.042439  -0.99835  -0.057487  0.5  7.6387e-07  5.4908
34.6  -0.98987  0.14197  -0.9991  0.042468  0.5  7.6608e-07  5.5068
34.7  -0.97075  0.24008  -0.98987  0.142  0.5  7.6829e-07  5.5227
34.8  -0.94193  0.3358  -0.97075  0.24011  0.5  7.7049e-07  5.5386
34.9  -0.9037  0.42816  -0.94192  0.33582  0.5  7.727e-07  5.5545
35  -0.85644  0.51624  -0.90369  0.42818  0.5  7.7491e-07  5.5704
35.1  -0.80063  0.59916  -0.85643  0.51626  0.5  7.7712e-07  5.5863
35.2  -0.73681  0.67609  -0.80061  0.59918  0.5  7.7932e-07  5.6023
35.3  -0.66563  0.74628  -0.73679  0.67612  0.5  7.8153e-07  5.6182
35.4  -0.58781  0.809  -0.66561  0.7463  0.5  7.8374e-07  5.6341
35.5  -0.5041  0.86364  -0.58778  0.80902  0.5  7.8595e-07  5.65
35.6  -0.41537  0.90965  -0.50408  0.86366  0.5  7.8815e-07  5.6659
35.7  -0.32248  0.94657  -0.41534  0.90967  0.5  7.9036e-07  5.6818
35.8  -0.22637  0.97404  -0.32245  0.94659  0.5  7.9257e-07  5.6977
35.9  -0.12799  0.99177  -0.22634  0.97405  0.5  7.9478e-07  5.7137
36  -0.028342  0.9996  -0.12796  0.99178  0.5  7.9699e-07  5.7296
36.1  0.071593  0.99743  -0.028312  0.9996  0.5  7.9919e-07  5.7455
36.2  0.17081  0.9853  0.071623  0.99743  0.5  8.014e-07  5.7614
36.3  0.26832  0.96333  0.17084  0.9853  0.5  8.0361e-07  5.7773
36.4  0.36316  0.93173  0.26835  0.96332  0.5  8.0582e-07  5.7932
36.5  0.45436  0.89082  0.36319  0.93172  0.5  8.0802e-07  5.8092
36.6  0.54102  0.84101  0.45439  0.8908  0.5  8.1023e-07  5.8251
36.7  0.62228  0.78279  0.54105  0.84099  0.5  8.1244e-07  5.841
36.8  0.69732  0.71676  0.62231  0.78277  0.5  8.1465e-07  5.8569
36.9  0.76539  0.64356  0.69734  0.71674  0.5  8.1686e-07  5.8728
37  0.82582  0.56393  0.76541  0.64354  0.5  8.1906e-07  5.8887
37.1  0.87799  0.47867  0.82584  0.56391  0.5  8.2127e-07  5.9046
37.2  0.92139  0.38863  0.87801  0.47865  0.5  8.2348e-07  5.9206
37.3  0.95559  0.2947  0.92141  0.3886  0.5  8.2569e-07  5.9365
37.4  0.98023  0.19783  0.9556  0.29467  0.5  8.2789e-07  5.9524
37.5  0.99509  0.09898  0.98024  0.1978  0.5  8.301e-07  5.9683
37.6  1  -0.00085685  0.99509  0.09895  0.5  8.3231e-07  5.9842
37.7  0.99492  -0.10069  1  -0.00088816  0.5  8.3452e-07  6.0001
37.8  0.97989  -0.19951  0.99492  -0.10072  0.5  8.3672e-07  6.0161
37.9  0.95508  -0.29634  0.97989  -0.19954  0.5  8.3893e-07  6.032
38  0.92072  -0.39021  0.95507  -0.29637  0.5  8.4114e-07  6.0479
38.1  0.87717  -0.48018  0.92071  -0.39024  0.5  8.4335e-07  6.0638
38.2  0.82485  -0.56535  0.87716  -0.4802  0.5  8.4556e-07  6.0797
38.3  0.76429  -0.64487  0.82483  -0.56538  0.5  8.4776e-07  6.0956
38.4  0.69609  -0.71795  0.76427  -0.6449  0.5  8.4997e-07  6.1115
38.5  0.62094  -0.78386  0.69607  -0.71797  0.5  8.5218e-07  6.1275
38.6  0.53958  -0.84193  0.62091  -0.78388  0.5  8.5439e-07  6.1434
38.7  0.45283  -0.89159  0.53955  -0.84195  0.5  8.5659e-07  6.1593
38.8  0.36156  -0.93235  0.4528  -0.89161  0.5  8.588e-07  6.1752
38.9  0.26667  -0.96378  0.36153  -0.93236  0.5  8.6101e-07  6.1911
39  0.16912  -0.98559  0.26664  -0.9638  0.5  8.6322e-07  6.207
39.1  0.069884  -0.99755  0.16909  -0.9856  0.5  8.6542e-07  6.223
39.2  -0.030055  -0.99955  0.069851  -0.99756  0.5  8.6763e-07  6.2389
39.3  -0.12969  -0.99155  -0.030087  -0.99955  0.5  8.6984e-07  6.2548
39.4  -0.22803  -0.97365  -0.12973  -0.99155  0.5  8.7205e-07  6.2707
39.5  -0.3241  -0.94602  -0.22807  -0.97365  0.5  8.7426e-07  6.2866
39.6  -0.41692  -0.90894  -0.32413  -0.94601  0.5  8.7646e-07  6.3025
39.7  -0.50558  -0.86277  -0.41695  -0.90893  0.5  8.7867e-07  6.3185
39.8  -0.58919  -0.80799  -0.50561  -0.86276  0.5  8.8088e-07  6.3344
39.9  -0.66691  -0.74513  -0.58922  -0.80797  0.5  8.8309e-07  6.3503
40  -0.73797  -0.67483  -0.66694  -0.74511  0.5  8.8529e-07  6.3662
40.1  -0.80165  -0.59779  -0.73799  -0.67481  0.5  8.875e-07  6.3821
40.2  -0.85733  -0.51477  -0.80167  -0.59776  0.5  8.8971e-07  6.398
40.3  -0.90443  -0.42661  -0.85735  -0.51474  0.5  8.9192e-07  6.4139
40.4  -0.94251  -0.33418  -0.90445  -0.42658  0.5  8.9412e-07  6.4299
40.5  -0.97116  -0.23842  -0.94252  -0.33415  0.5  8.9633e-07  6.4458
40.6  -0.99011  -0.14027  -0.97117  -0.23839  0.5  8.9854e-07  6.4617
40.7  -0.99917  -0.040727  -0.99012  -0.14024  0.5  9.0075e-07  6.4776
40.8  -0.99824  0.059227  -0.99917  -0.040693  0.5  9.0296e-07  6.4935
40.9  -0.98734  0.15859  -0.99824  0.059261  0.5  9.0516e-07  6.5094
41  -0.96658  0.25637  -0.98734  0.15862  0.5  9.0737e-07  6.5254
41.1  -0.93615  0.35158  -0.96657  0.2564  0.5  9.0958e-07  6.5413
41.2  -0.89638  0.44328  -0.93614  0.35161  0.5  9.1179e-07  6.5572
41.3  -0.84764  0.53056  -0.89637  0.44332  0.5  9.1399e-07  6.5731
41.4  -0.79044  0.61253  -0.84763  0.53059  0.5  9.162e-07  6.589
41.5  -0.72534  0.68838  -0.79042  0.61256  0.5  9.1841e-07  6.6049
41.6  -0.653  0.75736  -0.72532  0.68841  0.5  9.2062e-07  6.6208
41.7  -0.57412  0.81877  -0.65297  0.75738  0.5  9.2283e-07  6.6368
41.8  -0.48952  0.87199  -0.5741  0.81879  0.5  9.2503e-07  6.6527
41.9  -0.40002  0.9165  -0.48949  0.87201  0.5  9.2724e-07  6.6686
42  -0.30652  0.95186  -0.39999  0.91652  0.5  9.2945e-07  6.6845
42.1  -0.20996  0.97771  -0.30649  0.95187  0.5  9.3166e-07  6.7004
42.2  -0.1113  0.99378  -0.20993  0.97772  0.5  9.3386e-07  6.7163
42.3  -0.011536  0.99993  -0.11127  0.99379  0.5  9.3607e-07  6.7323
42.4  0.088348  0.99609  -0.011501  0.99993  0.5  9.3828e-07  6.7482
42.5  0.18735  0.98229  0.088384  0.99609  0.5  9.4049e-07  6.7641
42.6  0.28448  0.95868  0.18738  0.98229  0.5  9.4269e-07  6.78
42.7  0.37877  0.92549  0.28451  0.95867  0.5  9.449e-07  6.7959
42.8  0.46927  0.88305  0.3788  0.92548  0.5  9.4711e-07  6.8118
42.9  0.55508  0.83179  0.4693  0.88304  0.5  9.4932e-07  6.8277
43  0.63535  0.77222  0.55511  0.83177  0.5  9.5153e-07  6.8437
43.1  0.70927  0.70493  0.63538  0.7722  0.5  9.5373e-07  6.8596
43.2  0.7761  0.6306  0.7093  0.70491  0.5  9.5594e-07  6.8755
43.3  0.83518  0.54997  0.77613  0.63058  0.5  9.5815e-07  6.8914
43.4  0.88591  0.46385  0.8352  0.54994  0.5  9.6036e-07  6.9073
43.5  0.92779  0.37309  0.88593  0.46382  0.5  9.6256e-07  6.9232
43.6  0.96041  0.2786  0.92781  0.37305  0.5  9.6477e-07  6.9392
43.7  0.98342  0.18132  0.96042  0.27856  0.5  9.6698e-07  6.9551
43.8  0.99661  0.08224  0.98343  0.18129  0.5  9.6919e-07  6.971
43.9  0.99984  -0.017665  0.99662  0.082204  0.5  9.7139e-07  6.9869
44  0.99308  -0.11739  0.99984  -0.017702  0.5  9.736e-07  7.0028
44.1  0.9764  -0.21595  0.99308  -0.11743  0.5  9.7581e-07  7.0187
44.2  0.94996  -0.31235  0.9764  -0.21599  0.5  9.7802e-07  7.0346
44.3  0.91404  -0.40563  0.94996  -0.31239  0.5  9.8023e-07  7.0506
44.4  0.86897  -0.49485  0.91402  -0.40566  0.5  9.8243e-07  7.0665
44.5  0.81523  -0.57913  0.86896  -0.49489  0.5  9.8464e-07  7.0824
44.6  0.75334  -0.65763  0.81521  -0.57916  0.5  9.8685e-07  7.0983
44.7  0.68392  -0.72955  0.75332  -0.65766  0.5  9.8906e-07  7.1142
44.8  0.60767  -0.79418  0.6839  -0.72958  0.5  9.9126e-07  7.1301
44.9  0.52535  -0.85088  0.60765  -0.79421  0.5  9.9347e-07  7.1461
45  0.43778  -0.89908  0.52532  -0.8509  0.5  9.9568e-07  7.162
45.1  0.34584  -0.93829  0.43775  -0.8991  0.5  9.9789e-07  7.1779
45.2  0.25044  -0.96813  0.3458  -0.93831  0.5  1.0001e-06  7.1938
45.3  0.15253  -0.9883  0.2504  -0.96814  0.5  1.0023e-06  7.2097
45.4  0.053106  -0.99859  0.1525  -0.9883  0.5  1.0045e-06  7.2256
45.5  -0.046851  -0.9989  0.053069  -0.99859  0.5  1.0067e-06  7.2415
45.6  -0.14634  -0.98923  -0.046889  -0.9989  0.5  1.0089e-06  7.2575
45.7  -0.24437  -0.96968  -0.14638  -0.98923  0.5  1.0111e-06  7.2734
45.8  -0.33995  -0.94044  -0.24441  -0.96967  0.5  1.0133e-06  7.2893
45.9  -0.43214  -0.9018  -0.33999  -0.94043  0.5  1.0155e-06  7.3052
46  -0.52001  -0.85415  -0.43218  -0.90179  0.5  1.0178e-06  7.3211
46.1  -0.60269  -0.79797  -0.52005  -0.85414  0.5  1.02e-06  7.337
46.2  -0.67934  -0.73382  -0.60272  -0.79795  0.5  1.0222e-06  7.353
46.3  -0.74921  -0.66233  -0.67937  -0.73379  0.5  1.0244e-06  7.3689
46.4  -0.81159  -0.58423  -0.74924  -0.6623  0.5  1.0266e-06  7.3848
46.5  -0.86586  -0.50028  -0.81161  -0.5842  0.5  1.0288e-06  7.4007
46.6  -0.91148  -0.41134  -0.86588  -0.50025  0.5  1.031e-06  7.4166
46.7  -0.94799  -0.31829  -0.9115  -0.41131  0.5  1.0332e-06  7.4325
46.8  -0.97503  -0.22206  -0.948  -0.31826  0.5  1.0354e-06  7.4485
46.9  -0.99233  -0.12361  -0.97504  -0.22202  0.5  1.0376e-06  7.4644
47  -0.99971  -0.023927  -0.99234  -0.12357  0.5  1.0398e-06  7.4803
47.1  -0.9971  0.075997  -0.99971  -0.023888  0.5  1.042e-06  7.4962
47.2  -0.98454  0.17516  -0.99711  0.076037  0.5  1.0442e-06  7.5121
47.3  -0.96213  0.27258  -0.98453  0.1752  0.5  1.0465e-06  7.528
47.4  -0.93011  0.36727  -0.96212  0.27262  0.5  1.0487e-06  7.5439
47.5  -0.8888  0.45829  -0.9301  0.36731  0.5  1.0509e-06  7.5599
47.6  -0.83861  0.54473  -0.88878  0.45833  0.5  1.0531e-06  7.5758
47.7  -0.78003  0.62573  -0.83859  0.54477  0.5  1.0553e-06  7.5917
47.8  -0.71367  0.70048  -0.78001  0.62576  0.5  1.0575e-06  7.6076
47.9  -0.64017  0.76823  -0.71364  0.70051  0.5  1.0597e-06  7.6235
48  -0.56028  0.8283  -0.64014  0.76825  0.5  1.0619e-06  7.6394
48.1  -0.47479  0.8801  -0.56025  0.82832  0.5  1.0641e-06  7.6554
48.2  -0.38455  0.9231  -0.47476  0.88012  0.5  1.0663e-06  7.6713
48.3  -0.29048  0.95688  -0.38452  0.92312  0.5  1.0685e-06  7.6872
48.4  -0.1935  0.9811  -0.29044  0.95689  0.5  1.0707e-06  7.7031
48.5  -0.094585  0.99551  -0.19346  0.98111  0.5  1.0729e-06  7.719
48.6  0.0052734  0.99998  -0.094545  0.99552  0.5  1.0752e-06  7.7349
48.7  0.10508  0.99446  0.0053138  0.99999  0.5  1.0774e-06  7.7508
48.8  0.20383  0.979  0.10512  0.99446  0.5  1.0796e-06  7.7668
48.9  0.30055  0.95376  0.20387  0.979  0.5  1.0818e-06  7.7827
49  0.39427  0.91899  0.30059  0.95375  0.5  1.084e-06  7.7986
49.1  0.48404  0.87504  0.39431  0.91898  0.5  1.0862e-06  7.8145
49.2  0.56898  0.82234  0.48408  0.87502  0.5  1.0884e-06  7.8304
49.3  0.64824  0.76143  0.56902  0.82232  0.5  1.0906e-06  7.8463
49.4  0.72102  0.69291  0.64827  0.76141  0.5  1.0928e-06  7.8623
49.5  0.78659  0.61747  0.72105  0.69288  0.5  1.095e-06  7.8782
49.6  0.84431  0.53586  0.78662  0.61744  0.5  1.0972e-06  7.8941
49.7  0.89358  0.44889  0.84433  0.53582  0.5  1.0994e-06  7.91
49.8  0.93393  0.35744  0.89361  0.44885  0.5  1.1016e-06  7.9259
49.9  0.96495  0.26241  0.93395  0.3574  0.5  1.1039e-06  7.9418
